0 5 6 9 0 3 1 2 2 6 6 6 1 0 0 4 11 0 5 3
0 0 1 1 2 2 0 0 4 0 1 2 0 3 4 0 1 0 0 0
2 1 2 1 0 1 0 1 0 1 0 0 0 0 4 1 1 0 2 0
0 0 0 0 0 0 1 0 0 0 0 1 0 0 0 0 1 0 1 0
0 0 0 0 0 0 1 0 0 0 1 0 0 0 0 0 0 0 1 0
0 2 1 1 0 0 0 1 0 0 0 1 0 0 0 0 0 2 0 1
2 0 0 0 1 0 0 0 0 0 1 0 0 0 0 0 0 0 0 0
0 0 0 0 0 0 0 0 0 0 0 0 1 0 0 0 0 1 0 0
0 0 0 0 1 0 0 1 0 0 0 0 0 0 0 0 0 0 0 0
0 0 0 0 0 1 1 0 1 0 0 0 0 0 0 0 0 0 0 0
0 0 0 0 0 0 0 0 0 1 0 0 1 0 0 0 0 0 0 1
0 0 0 0 0 0 0 0 0 0 0 0 0 0 0 0 0 0 0 0
0 0 0 0 0 0 0 0 0 0 0 0 0 0 0 1 0 0 0 0
0 0 0 0 0 0 0 0 0 0 0 0 0 1 0 0 0 0 0 0
0 0 0 0 0 0 0 0 0 0 0 0 0 0 0 0 0 0 0 0
0 0 0 0 0 0 0 0 0 0 0 0 0 0 0 0 0 0 0 0
0 0 0 0 0 0 0 0 0 0 0 0 0 0 0 0 0 0 0 0
0 0 0 0 0 0 0 0 0 0 0 0 0 0 0 0 0 0 0 0
0 0 0 0 0 0 0 0 0 0 0 0 0 0 0 0 0 0 0 0
0 0 0 0 0 0 0 0 0 0 0 0 0 0 0 0 0 0 0 0
