68 0 29 0 34 44 0 0 0 40 40 0 0 0 30 56 0 0 0 33
0 95 0 0 0 39 0 0 10 0 18 0 0 0 95 0 16 0 6 0
0 48 16 0 0 0 0 0 0 0 0 0 91 0 0 0 0 98 0 0
0 0 0 0 37 0 0 0 0 33 0 89 64 0 79 25 0 0 48 0
0 0 0 0 0 74 0 0 0 0 0 0 36 0 56 0 79 0 0 68
61 0 77 97 0 0 10 65 0 74 99 0 62 0 65 0 36 0 0 0
0 0 0 39 98 95 0 30 22 87 43 0 0 1 41 6 93 87 0 31
0 39 0 0 0 36 23 0 0 0 0 0 0 0 0 0 0 0 0 0
0 0 0 0 0 0 0 74 0 0 0 0 0 72 0 56 0 0 0 0
0 0 0 22 46 0 45 0 69 0 0 0 98 0 0 0 0 0 0 0
0 96 0 0 0 0 56 0 0 55 97 0 0 0 0 0 0 0 0 44
55 2 51 0 14 0 83 67 0 0 5 0 0 94 0 0 0 0 91 0
0 0 0 0 0 29 6 60 11 0 0 20 34 0 0 44 0 47 0 25
88 0 0 0 88 0 0 0 0 4 0 33 71 45 23 2 0 0 0 46
0 0 0 0 92 0 0 0 0 0 76 0 0 10 67 0 97 0 12 72
64 0 0 0 0 0 0 0 50 0 0 0 6 51 87 0 0 0 0 0
0 92 0 91 0 0 17 76 88 0 0 0 48 0 75 0 8 0 32 79
89 0 75 0 0 0 0 0 0 58 14 0 0 0 0 0 0 0 0 0
0 11 63 0 0 0 0 0 34 0 0 30 2 0 0 0 0 0 0 0
0 0 0 3 78 0 54 0 36 0 49 0 83 0 0 33 31 0 0 0
0 0 0 0 0 87 51 0 0 0 45 0 0 64 0 0 0 0 12 0
0 37 0 0 63 0 0 0 0 0 0 0 0 0 0 4 43 35 0 0
89 0 0 78 49 0 49 70 0 0 4 0 8 10 0 0 0 0 0 0
0 0 0 0 99 0 0 0 0 0 0 0 0 80 1 0 0 0 30 0
0 0 0 0 0 0 12 17 0 0 75 0 75 84 0 14 0 29 0 31
0 41 0 22 94 98 47 0 0 0 11 0 0 0 96 46 0 0 0 0
0 0 0 67 0 96 0 0 0 0 0 60 0 0 39 85 0 67 36 0
0 0 0 0 0 82 48 0 0 0 44 0 0 0 0 0 0 57 52 0
0 0 0 33 50 0 0 0 0 0 23 0 0 70 9 25 83 0 45 5
0 0 0 0 0 0 0 60 0 0 0 0 0 0 0 80 77 71 0 0
0 0 66 0 0 0 98 90 0 0 53 0 0 0 88 0 0 0 82 63
9 30 0 52 0 0 0 49 0 0 94 0 75 18 98 73 0 0 85 0
0 0 0 96 0 0 0 0 0 0 19 0 0 0 0 0 59 77 0 27
0 27 0 3 0 0 68 0 0 42 0 0 18 0 0 0 0 0 0 0
0 37 0 0 0 0 94 0 0 46 0 0 0 25 19 0 52 0 0 0
4 0 0 0 0 0 0 83 0 49 0 0 0 0 20 90 0 0 0 64
50 90 0 0 0 0 0 96 0 0 28 0 36 0 0 0 0 8 0 0
0 0 0 0 0 0 41 0 53 0 0 0 0 0 86 93 22 0 43 84
33 0 0 0 0 24 0 14 0 38 0 42 28 0 0 74 58 70 0 0
0 0 35 0 0 0 0 0 77 0 29 0 0 0 0 0 0 0 90 0
