0 76 0 99 0 0 53 32 1 0 0 0 0 0 0 0 7 6 83 0
0 91 0 0 0 0 0 0 0 0 0 0 39 60 0 0 15 0 76 0
0 0 0 0 0 0 18 0 6 88 0 0 0 49 0 23 0 86 0 0
0 0 0 0 0 0 0 0 14 63 0 0 0 0 0 0 0 0 0 0
0 0 21 0 17 47 0 0 0 80 0 0 45 0 0 0 0 0 0 0
0 85 0 0 48 0 18 0 0 0 33 35 0 46 0 0 0 34 0 0
0 0 0 0 0 0 1 0 0 0 84 95 0 0 0 30 0 0 41 0
0 0 0 0 0 71 31 0 0 0 0 72 0 61 0 34 35 0 0 89
0 0 0 0 0 6 0 85 17 0 0 0 0 38 64 0 56 0 0 0
0 0 0 0 0 0 0 0 0 0 0 0 0 46 0 0 70 0 73 0
0 0 0 0 0 0 0 0 0 0 9 0 0 0 0 0 0 54 0 0
0 28 0 2 0 2 79 0 0 0 0 85 0 98 0 0 0 0 0 28
0 40 0 87 0 0 0 0 0 0 0 0 34 63 13 0 0 95 0 0
0 0 0 0 0 0 0 83 0 0 0 45 0 88 0 0 0 0 0 81
0 0 70 2 23 0 0 0 3 0 11 0 21 67 94 0 0 0 0 0
0 18 0 0 0 12 0 0 0 0 0 13 0 0 0 0 8 0 0 0
0 0 0 0 0 0 0 0 0 0 0 0 0 0 5 50 0 0 0 0
87 0 0 0 0 0 0 0 0 7 0 0 0 0 0 0 56 0 98 0
0 96 0 0 0 0 0 38 0 0 67 0 0 0 0 41 0 0 48 0
70 0 0 0 59 0 77 0 0 0 0 0 0 0 0 0 0 0 0 0
