0 60 0 43 66 0 83 0 0 0 0 0 38 2 0 0 0 0 0 0 0 0 0 0 0 9 0 59 0 0 0 70 9 0 0 34 60 0 0 84 0 0 0 95 21 87 92 0 0 0
59 54 0 0 32 60 0 0 0 33 5 0 0 0 96 0 62 0 0 0 86 0 51 73 25 34 0 0 0 0 0 0 0 71 69 49 0 31 78 40 0 0 28 0 77 39 45 26 0 37
0 49 0 3 92 98 0 51 0 0 53 11 56 68 84 24 0 0 37 68 57 28 94 0 46 0 0 80 8 0 0 49 40 0 0 51 0 85 89 4 70 45 0 27 0 0 0 0 0 68
0 0 0 0 0 0 0 0 84 0 0 0 0 0 0 0 18 84 99 68 0 0 38 0 0 47 0 9 0 0 76 0 39 0 0 30 90 0 0 0 0 0 0 16 84 50 0 0 0 35
0 0 29 0 55 0 0 0 0 0 20 0 0 0 0 5 28 0 0 0 0 0 0 0 0 0 20 0 93 0 0 71 0 0 0 95 64 75 0 0 0 0 0 0 0 0 0 0 0 0
63 14 0 44 0 0 0 0 0 0 26 35 50 87 0 0 57 63 0 0 0 52 64 0 47 0 0 28 0 0 0 0 0 0 0 0 0 0 0 0 0 0 0 0 0 30 0 0 0 0
86 0 0 0 37 0 0 0 0 0 0 4 57 89 41 73 0 0 0 0 0 0 0 56 51 17 0 0 0 9 0 0 54 8 0 16 0 38 82 7 0 0 3 0 0 0 0 0 0 0
0 0 90 10 0 0 73 0 0 33 0 0 0 0 0 0 0 80 68 26 0 38 65 72 0 78 0 38 0 0 56 0 0 0 0 0 0 0 0 0 0 23 0 0 51 0 0 63 0 0
0 88 0 0 8 22 0 0 0 0 33 55 0 76 0 0 67 0 32 58 0 0 0 0 0 9 70 0 0 16 50 84 0 0 0 66 0 0 75 73 0 0 60 34 0 29 0 0 0 0
0 0 0 0 0 85 0 17 0 0 2 0 0 51 0 0 0 0 0 0 9 0 0 30 0 0 0 0 0 9 0 71 0 0 0 0 0 0 0 0 0 0 0 0 0 0 0 6 0 0
34 0 86 0 0 0 0 50 0 79 0 18 0 0 0 78 90 0 0 88 0 0 0 50 0 0 0 0 0 91 0 55 0 0 0 0 0 0 51 0 0 0 0 47 0 0 35 79 51 26
48 0 0 0 33 0 0 0 0 0 76 0 0 73 0 0 0 0 0 0 0 0 68 0 0 14 61 0 72 0 0 0 0 58 0 29 89 78 0 67 0 21 0 88 0 0 0 0 99 93
0 42 20 0 79 92 0 15 60 0 45 0 0 9 0 0 0 0 57 0 0 0 67 0 21 0 0 0 0 9 0 0 93 93 0 26 0 92 0 0 0 0 0 0 46 0 3 0 83 0
0 0 70 8 0 76 0 0 0 0 0 0 0 0 0 0 0 12 55 0 0 86 0 78 0 0 0 97 0 46 0 0 0 0 0 29 0 0 18 85 0 0 0 0 48 0 0 0 38 0
0 16 0 13 0 52 5 0 80 0 0 11 0 0 0 0 0 0 0 0 7 0 0 0 0 0 0 0 0 98 0 36 0 0 0 0 0 0 0 0 0 0 69 0 85 56 0 0 38 0
0 0 0 0 8 0 0 54 56 0 0 85 0 0 98 0 61 0 0 0 0 0 0 0 0 0 0 98 0 0 0 0 34 0 60 25 0 63 0 0 0 0 0 70 61 0 0 0 0 0
56 0 0 0 0 8 0 0 0 0 0 86 0 72 0 2 0 19 0 0 0 0 0 0 0 0 44 91 0 0 0 65 0 17 79 0 31 0 0 31 53 0 0 0 70 0 0 0 0 60
0 0 0 0 60 14 96 0 0 22 0 38 7 0 15 0 0 0 0 89 0 0 0 0 0 0 47 0 0 0 0 0 0 0 0 0 0 0 0 0 0 0 0 38 0 95 31 0 1 61
0 8 31 0 0 0 96 7 0 0 0 0 0 12 0 0 43 0 0 0 0 74 0 47 85 0 0 0 0 65 95 31 76 49 0 0 0 33 0 82 0 0 0 0 0 0 13 0 0 0
0 0 0 0 94 0 0 0 0 76 0 0 0 0 0 0 0 99 0 73 0 0 0 0 94 0 0 58 0 0 0 0 0 0 0 0 0 95 39 27 0 28 66 0 0 0 0 0 0 41
0 73 0 0 0 0 0 0 0 44 41 0 0 0 0 0 0 42 51 0 77 75 0 0 20 85 0 0 0 0 31 0 9 55 0 93 17 3 0 0 0 0 0 16 12 0 63 0 0 0
0 0 0 10 90 43 1 0 0 0 54 0 0 0 41 79 43 28 0 0 30 0 0 0 91 0 40 0 56 87 0 0 0 0 0 0 0 66 0 98 0 0 0 0 0 23 57 94 0 0
0 28 0 0 0 0 0 0 0 0 55 0 0 0 0 0 0 14 21 0 60 55 0 0 0 0 65 0 0 6 8 0 16 0 96 0 0 89 0 0 76 0 0 0 0 0 30 6 0 0
0 61 0 99 0 0 0 29 0 0 0 0 45 0 0 0 0 64 81 0 0 0 19 0 96 65 0 0 0 12 42 0 0 0 0 0 88 31 36 0 0 0 0 0 19 0 36 0 22 52
96 0 0 0 26 71 0 0 0 0 0 23 38 89 0 0 96 0 0 32 0 0 0 19 0 0 0 58 14 24 87 0 0 0 0 0 0 98 7 0 67 0 0 0 0 0 0 0 0 0
0 0 78 0 0 0 0 39 0 0 1 0 0 0 0 38 0 96 0 0 24 0 79 41 0 3 0 0 0 0 0 0 0 0 70 0 74 0 58 0 0 0 19 93 0 46 0 0 0 0
0 0 0 0 0 0 0 0 0 0 0 0 0 0 0 9 50 0 0 1 0 0 95 79 44 0 16 0 0 0 0 15 66 0 0 39 49 0 0 0 53 0 73 0 64 0 0 0 0 0
0 0 0 0 0 0 66 22 68 41 0 0 0 62 0 0 0 0 0 73 0 0 0 0 0 0 33 0 0 38 0 0 0 0 79 0 6 42 0 0 0 0 0 0 28 0 93 0 0 0
0 0 4 0 0 27 29 0 15 0 56 24 0 0 0 0 65 0 67 0 0 0 0 0 0 0 32 13 0 0 0 0 0 0 0 63 38 0 25 0 66 45 55 0 0 0 3 7 0 0
0 0 47 35 2 0 0 0 0 0 0 48 0 8 0 0 0 0 0 28 12 0 62 0 96 55 0 0 2 52 1 63 26 0 19 14 0 0 0 0 59 0 96 0 0 0 0 0 23 23
