0 0 52 0 86 0 0 0 14 0 0 0 0 0 0 95 71 99 0 0
0 19 0 93 19 0 0 0 0 0 0 0 0 0 0 0 0 53 0 70
34 0 49 0 0 0 0 42 0 0 0 66 10 62 0 39 0 0 0 0
0 25 0 0 0 0 70 0 0 0 0 0 0 0 81 0 0 0 73 0
92 0 0 18 57 0 73 0 0 0 3 12 9 66 0 54 0 0 0 41
0 0 69 2 0 0 0 0 32 0 0 0 0 0 91 0 0 0 0 0
0 0 0 0 10 0 34 0 7 40 0 25 29 0 30 0 0 0 28 92
0 0 0 0 0 19 0 0 0 0 0 85 93 75 0 0 0 0 0 0
0 88 0 0 0 0 27 0 76 0 0 0 0 0 82 52 0 0 0 0
0 43 0 40 52 0 0 0 0 0 0 56 0 5 0 0 0 0 55 22
0 0 61 0 0 0 0 0 0 43 81 0 50 0 0 0 0 97 29 0
62 52 0 68 0 42 6 0 0 0 0 76 0 0 17 0 0 67 0 0
75 20 1 0 0 0 0 0 0 0 70 0 0 0 0 26 53 0 0 7
54 0 31 0 0 0 14 31 0 17 0 0 0 0 0 49 0 0 0 0
95 13 0 0 0 94 0 0 43 0 70 83 0 0 0 0 0 0 0 0
85 0 0 0 5 0 0 0 0 0 0 0 61 0 81 0 0 19 0 0
0 0 0 58 9 84 0 0 0 0 0 0 0 28 0 27 0 44 75 0
0 0 97 0 0 73 0 0 0 0 0 0 0 86 95 0 0 31 0 0
0 0 0 85 14 51 0 90 0 0 0 0 0 0 0 0 0 77 0 70
26 23 0 31 90 0 31 0 47 0 14 37 0 0 93 0 93 0 0 0
21 0 19 95 0 0 0 28 0 0 0 0 0 0 82 60 0 11 0 0
0 0 0 0 96 0 74 0 0 0 0 48 0 0 44 0 6 0 0 0
49 0 0 6 43 0 0 0 0 52 0 0 0 20 0 17 88 0 0 0
0 0 0 0 0 0 0 0 0 0 0 0 0 0 0 0 0 0 0 0
67 0 0 0 0 98 1 14 0 0 59 76 0 0 0 0 0 0 94 0
0 0 0 0 0 0 0 78 0 0 5 20 93 34 29 0 0 0 6 0
68 0 0 0 0 0 0 0 0 0 0 40 0 0 0 0 0 87 0 0
84 0 0 0 0 0 45 0 33 35 0 0 0 0 11 0 0 0 93 0
30 86 0 0 65 19 48 0 0 0 0 0 79 0 4 95 0 76 0 99
6 46 76 76 0 0 0 0 28 9 75 38 55 0 85 0 7 0 0 0
57 0 0 0 60 50 16 0 0 89 77 0 0 0 0 0 0 74 1 12
0 42 30 48 0 0 70 0 5 0 0 0 98 0 0 0 0 94 50 0
0 0 69 0 0 0 0 0 0 0 0 0 0 0 0 0 0 71 0 0
0 0 69 53 48 40 30 0 0 0 0 86 0 0 0 0 0 72 0 0
47 0 19 0 0 0 25 38 0 56 0 0 0 6 0 0 0 15 0 0
0 0 0 98 0 0 89 0 40 0 0 46 0 91 0 25 0 0 0 8
0 5 0 0 80 59 0 51 64 0 98 0 0 77 82 36 19 0 0 59
75 0 0 0 58 0 0 9 0 0 87 0 83 99 0 89 0 95 0 0
0 0 0 13 31 89 0 0 0 48 0 85 0 0 28 72 0 46 91 66
14 0 0 0 0 70 0 0 0 0 0 0 0 0 14 43 42 0 0 0
