0 0 0 0 0 0 0 4 0 0 81 0 0 0 17 0 0 0 0 0 82 0 19 0 0 43 0 0 21 0 70 91 13 0 5 0 93 0 2 0 0 86 66 0 0 0 0 0 0 0
0 0 0 27 0 40 0 0 13 0 0 54 0 48 0 0 19 54 0 25 0 0 0 0 6 8 71 68 13 0 0 0 22 41 25 2 0 0 63 78 0 0 0 0 0 0 85 0 14 0
0 0 0 92 94 0 0 87 97 47 0 0 0 76 19 0 98 0 0 0 76 0 0 93 7 89 0 0 0 0 0 59 0 0 86 24 65 84 0 0 0 82 0 0 0 88 0 0 0 46
0 50 0 0 71 4 53 0 0 0 63 0 73 9 13 0 0 74 0 81 0 0 0 65 21 0 0 4 69 0 0 0 24 0 0 0 0 0 25 61 94 16 0 0 0 25 0 4 0 0
95 0 0 62 0 0 12 62 0 0 0 0 0 69 0 11 0 0 0 0 0 0 0 0 0 0 0 19 93 45 0 0 28 0 0 13 0 0 66 0 78 0 0 14 40 0 0 94 0 0
0 0 0 0 0 0 0 0 20 21 38 0 14 22 0 0 65 0 0 90 0 0 0 0 0 85 0 68 51 12 80 0 0 68 0 0 0 0 66 95 85 0 0 0 0 0 0 0 0 0
0 0 0 0 0 0 0 0 43 0 34 0 0 91 0 0 0 0 0 48 72 0 0 0 51 0 43 0 0 0 0 26 0 0 35 0 55 0 0 0 71 0 0 0 0 0 0 0 11 18
80 0 0 53 0 0 0 0 0 0 0 0 77 0 14 86 0 0 0 0 0 82 64 0 20 0 0 0 0 0 0 0 54 6 54 69 0 7 26 0 90 78 0 0 50 39 0 0 16 11
0 42 0 79 7 0 0 0 35 0 14 0 0 0 0 99 0 63 0 0 0 0 99 0 0 0 0 0 0 24 0 79 48 4 86 90 0 15 0 0 0 0 16 0 75 0 42 47 31 1
43 55 36 0 0 0 0 0 59 39 0 0 3 0 0 55 0 0 45 84 0 0 70 1 0 0 32 6 0 0 0 0 0 0 94 0 0 0 0 68 87 0 0 33 0 0 0 0 0 0
4 0 48 0 0 0 0 0 38 95 0 0 0 0 0 0 0 50 0 0 0 0 0 53 17 0 0 0 96 0 0 0 91 0 0 0 0 0 0 0 0 0 0 0 0 0 0 0 5 0
0 33 34 0 0 0 0 75 17 0 68 0 1 79 6 55 91 85 5 0 0 0 0 0 0 0 72 70 51 0 0 93 0 65 17 0 76 0 0 0 0 0 28 0 0 0 0 0 76 0
0 77 0 58 1 14 0 0 0 0 0 54 0 0 0 0 0 0 0 40 84 0 0 0 0 67 59 0 0 0 51 0 0 0 0 0 87 0 0 63 0 0 0 27 0 64 0 45 0 21
0 0 0 0 0 0 0 0 0 70 0 0 0 0 0 0 0 0 0 31 0 35 0 16 89 48 0 0 0 0 0 0 0 0 0 0 0 5 71 25 73 0 0 0 0 0 0 0 0 0
70 0 0 0 79 91 0 0 18 0 0 93 0 0 0 0 0 0 0 30 10 0 65 0 0 0 28 88 31 0 0 0 14 56 0 0 0 0 0 0 0 0 0 0 0 0 31 0 0 0
0 62 19 0 0 0 0 14 0 0 15 0 0 74 0 0 0 0 0 13 0 0 45 0 0 0 0 0 0 36 0 61 0 0 0 70 79 0 19 0 0 0 0 0 13 14 0 0 83 0
0 0 37 0 0 0 0 0 0 0 0 98 0 0 0 0 91 0 0 0 0 65 0 0 0 87 0 0 8 0 0 23 0 25 0 0 0 0 0 0 67 30 0 51 0 30 45 0 64 0
0 0 4 0 0 10 82 0 0 64 0 0 0 0 0 0 0 0 0 0 0 0 67 0 0 0 0 72 0 69 0 0 41 0 0 0 0 0 0 0 89 83 56 74 69 51 69 0 64 28
0 0 0 0 1 0 46 14 26 0 0 0 0 0 64 0 0 0 0 0 0 55 0 79 0 0 95 29 0 0 0 0 8 32 0 0 0 0 0 0 0 0 0 8 45 0 82 61 0 0
9 51 57 0 11 45 43 0 0 0 17 0 9 0 0 0 0 0 0 0 64 0 0 0 0 14 0 0 78 0 0 0 0 6 0 17 0 1 0 0 75 55 0 32 40 10 0 87 0 0
0 0 0 0 86 0 0 8 0 15 76 0 0 79 48 0 13 0 0 0 14 0 0 0 22 0 38 0 68 0 5 0 86 0 0 0 55 12 0 0 0 0 65 34 0 0 0 0 11 0
27 0 0 53 0 0 0 0 0 28 24 0 0 0 0 8 0 76 0 66 86 0 0 0 0 0 0 57 79 0 0 0 0 0 0 0 0 0 0 13 0 0 0 0 34 0 61 0 69 0
0 0 1 0 0 0 0 30 0 0 98 0 0 0 16 0 0 0 0 0 90 0 0 70 0 88 0 81 53 0 0 0 0 0 31 0 0 0 90 0 27 0 60 0 0 0 93 0 36 0
96 68 0 0 0 0 28 0 4 0 0 29 41 0 0 0 0 0 0 82 18 0 0 0 0 0 0 11 0 0 0 0 32 0 0 0 1 0 61 0 97 8 92 86 0 0 0 82 0 0
97 0 0 0 0 0 33 0 0 0 0 0 32 0 46 0 33 0 64 0 28 0 0 0 0 0 75 38 0 0 0 5 0 0 0 94 0 77 41 0 0 31 0 0 0 0 86 31 0 0
63 27 0 24 21 0 0 0 0 15 0 82 0 68 93 0 0 45 0 52 56 0 38 66 0 0 0 0 7 0 31 0 74 36 11 58 0 0 0 0 0 0 0 0 0 3 92 0 14 0
0 0 0 0 56 0 0 0 41 0 0 27 26 0 33 0 0 0 21 0 74 0 0 0 0 0 15 78 53 0 0 0 87 0 0 0 7 0 73 0 25 0 0 18 0 0 0 0 0 0
1 0 0 20 0 0 55 0 0 3 0 53 82 26 0 9 29 25 72 0 0 0 0 0 0 0 0 63 0 0 0 0 0 0 39 0 0 0 0 71 0 0 49 0 0 0 0 0 0 9
0 0 0 14 0 1 0 53 0 0 0 0 37 0 0 0 0 0 59 0 0 0 0 13 0 55 0 0 59 0 84 82 0 0 0 0 0 0 53 0 56 0 0 0 30 0 0 0 0 39
0 0 0 0 0 0 0 0 53 0 0 7 13 0 0 0 4 0 54 99 18 46 0 0 0 0 36 0 0 0 19 0 0 0 0 80 4 0 0 61 0 0 19 2 0 58 0 0 2 0
