76 60 0 0 0 53 62 0 0 0 0 48 0 0 0 55 94 31 8 55
0 0 0 0 84 0 34 83 0 51 27 0 0 88 10 1 0 22 0 0
0 0 0 0 86 0 0 0 0 0 0 0 0 0 0 0 7 0 96 90
0 0 0 80 0 0 0 0 0 23 25 0 0 0 0 0 45 0 0 0
0 0 0 0 0 0 0 0 0 0 0 0 94 99 0 47 0 0 0 0
82 0 4 40 0 0 0 0 0 36 0 93 0 24 40 0 0 0 0 0
5 63 0 49 0 0 0 0 50 0 0 0 54 0 98 7 0 57 75 67
66 21 0 60 0 0 0 5 0 0 73 28 0 0 0 0 0 45 30 93
27 0 0 0 15 0 0 0 44 0 0 0 0 48 25 94 69 29 0 55
0 0 0 0 57 0 0 0 0 0 11 53 0 0 0 0 0 32 0 0
0 0 98 25 83 0 0 47 0 0 0 16 0 38 27 49 0 0 0 0
81 0 20 0 76 0 0 40 54 0 25 36 2 0 0 0 0 41 65 0
0 0 0 0 0 29 91 0 0 0 0 98 2 0 20 0 0 0 33 0
0 0 0 78 0 0 87 0 0 0 0 0 0 0 5 0 0 38 22 8
0 4 50 25 75 0 70 0 0 12 0 0 0 0 0 61 0 0 50 0
0 0 0 0 0 0 0 0 56 0 0 12 79 0 0 76 0 0 0 0
80 0 0 0 38 0 0 0 0 0 96 0 32 0 58 0 0 0 0 88
0 0 0 39 0 81 0 0 0 0 41 10 0 0 0 20 0 0 68 0
10 63 0 21 0 0 66 0 0 0 0 0 0 0 0 0 0 0 0 0
80 0 0 0 0 33 0 48 37 20 71 28 0 0 41 0 0 0 0 0
0 0 0 3 0 6 45 22 0 0 0 0 9 0 45 4 67 0 0 34
0 0 0 0 38 68 77 0 0 0 0 0 0 0 0 41 0 0 0 79
31 0 57 0 0 51 64 0 0 0 0 0 0 0 1 65 74 67 0 52
0 0 49 0 86 18 91 15 0 0 0 0 88 0 0 0 0 0 0 26
61 0 84 64 1 0 42 3 23 42 95 80 0 0 0 0 50 0 31 35
0 0 54 0 0 0 0 0 78 0 0 0 0 0 66 0 0 0 0 0
0 0 38 0 0 0 0 0 0 15 0 0 0 0 0 0 0 0 0 0
0 0 0 0 0 0 0 0 22 0 0 0 0 24 0 0 0 87 0 5
0 0 0 32 0 0 76 0 0 0 0 0 0 64 0 0 0 0 0 0
0 0 0 0 44 0 0 84 0 0 76 91 13 75 46 0 0 0 0 6
