92 93 0 0 85 72 0 0 0 0 0 76 72 0 0 0 0 0 61 0 0 0 0 10 78 0 0 0 67 0 24 63 59 0 0 0 0 69 0 0
66 0 0 0 44 21 0 0 0 0 0 0 0 59 52 28 16 0 0 0 0 0 96 0 0 0 98 88 53 51 0 0 0 0 0 45 0 0 0 0
0 0 0 0 0 0 5 0 0 0 47 0 77 0 0 67 0 0 0 0 52 0 0 93 0 0 57 64 0 0 0 35 0 0 0 0 0 0 0 0
0 0 4 3 0 0 0 0 0 40 0 31 0 0 0 0 39 0 51 0 0 0 0 0 0 0 0 31 0 0 73 0 12 0 0 0 19 0 0 29
0 0 57 0 0 68 0 0 0 0 69 0 8 0 0 0 0 33 0 0 30 0 0 77 0 0 0 0 0 0 0 0 82 0 0 92 25 0 0 97
0 0 0 0 0 0 0 0 0 0 69 0 0 0 0 0 0 39 93 0 0 0 0 0 0 0 0 0 0 0 0 0 0 40 0 50 0 0 0 90
0 31 0 0 68 0 0 63 0 88 0 84 0 85 0 0 0 0 0 0 17 0 0 0 42 0 15 38 0 59 0 0 80 0 0 28 97 0 0 0
0 0 0 0 81 88 0 0 0 0 98 0 8 0 39 0 0 0 0 0 0 0 60 81 0 0 19 95 0 0 0 0 0 49 0 0 64 0 0 94
0 0 0 0 0 40 0 0 0 0 35 0 0 0 0 92 76 0 50 0 0 0 0 0 0 0 0 0 0 0 0 0 34 0 96 0 0 57 0 0
0 0 0 0 0 0 0 0 0 0 0 0 0 28 59 0 0 0 0 43 0 93 0 30 39 0 0 26 0 0 0 0 0 0 0 0 0 0 0 69
0 0 0 0 0 93 0 0 0 98 25 0 0 9 0 56 0 0 0 11 0 0 0 0 0 86 0 0 0 0 90 71 0 0 0 0 0 75 0 0
0 17 0 0 0 0 0 0 0 0 0 0 16 0 37 0 57 53 0 0 50 0 62 0 0 13 0 0 0 26 0 70 0 0 26 36 0 0 42 0
0 0 0 0 0 0 0 0 0 0 0 0 0 0 0 0 0 0 0 0 0 99 40 0 0 0 49 0 0 0 36 29 0 0 82 0 0 0 0 0
0 41 0 13 0 0 52 51 0 0 0 44 0 0 0 0 19 31 0 0 0 0 0 65 0 0 73 69 0 0 69 0 0 0 0 0 0 0 57 9
0 0 0 14 0 0 31 0 66 0 0 0 85 0 98 0 7 51 0 0 0 47 0 0 0 0 0 0 0 40 0 0 0 0 19 0 0 0 0 0
24 83 0 0 0 0 9 0 0 0 11 0 0 0 0 0 0 0 0 0 0 0 0 0 11 0 0 0 0 0 0 0 0 0 0 68 0 0 0 55
0 0 0 0 0 0 0 0 0 0 0 0 0 0 0 0 0 0 14 0 0 0 47 82 0 0 91 0 0 21 0 0 60 0 57 0 0 0 0 56
0 0 0 0 0 0 0 0 0 0 0 0 0 0 0 0 0 0 0 0 0 0 9 0 39 0 0 0 0 0 58 0 0 0 0 33 0 0 0 79
0 0 0 0 94 0 0 0 87 0 0 64 0 0 0 0 0 0 0 0 70 0 0 0 0 97 10 0 0 0 76 0 0 58 94 2 0 0 0 0
0 8 0 52 0 0 19 0 0 0 0 48 19 0 0 0 0 12 0 0 98 0 0 0 0 0 58 0 71 0 0 0 0 0 0 0 0 0 0 0
