0 0 0 39 0 0 0 0 6 0
77 0 16 0 0 0 0 0 98 55
42 86 0 67 0 0 0 0 65 54
41 0 0 0 0 70 0 0 0 37
17 0 0 0 0 0 42 36 0 0
0 67 88 11 77 0 0 24 94 0
67 0 0 0 0 0 0 0 0 43
0 0 17 0 0 0 0 0 0 55
0 37 0 0 20 0 0 0 0 0
91 15 0 0 0 0 69 98 99 50
0 36 0 97 0 0 0 0 91 0
80 24 0 49 0 52 45 0 0 0
0 45 0 0 40 0 0 0 3 0
0 0 0 0 0 0 54 88 0 23
0 0 52 0 0 0 58 0 0 0
0 5 0 0 50 71 87 0 0 0
62 92 36 47 0 11 0 0 0 70
0 0 0 85 54 10 31 49 0 0
44 0 0 97 0 0 0 0 41 0
0 6 0 0 57 0 0 0 0 7
0 0 0 0 0 0 0 0 0 0
41 76 0 92 0 0 77 0 0 62
0 0 0 39 38 21 0 0 90 0
0 53 0 0 0 0 0 64 0 0
89 0 56 0 0 0 0 0 0 0
33 0 0 0 0 0 70 0 0 0
0 21 9 0 0 0 0 0 0 0
0 91 90 0 0 0 18 0 0 0
0 0 0 0 0 0 68 94 0 0
0 0 0 73 0 6 0 5 0 0
