21 0 92 0 0 0 52 31 39 0 0 0 0 96 0 0 0 68 0 46 0 56 76 14 0 0 0 0 0 0
60 0 67 0 96 0 0 0 39 63 89 13 0 32 0 0 54 0 0 45 0 0 0 0 48 0 0 77 0 0
0 0 0 29 0 79 7 0 0 42 0 22 0 89 0 0 0 0 0 46 0 0 0 0 0 38 0 0 57 0
0 0 0 24 71 0 0 94 0 99 0 0 51 0 0 8 0 38 0 0 83 0 0 96 0 0 0 0 0 0
0 0 83 0 42 82 83 0 0 0 0 67 0 76 70 88 0 47 88 66 31 0 0 0 1 0 0 0 0 0
59 0 0 0 0 0 0 58 0 0 0 53 0 0 0 0 0 14 18 0 0 29 0 0 0 0 0 0 21 0
94 0 0 70 0 47 0 0 81 0 15 0 0 0 0 60 0 0 0 0 0 0 0 0 0 0 0 0 58 0
0 0 0 0 0 0 0 0 99 0 52 0 67 81 0 0 0 0 0 0 5 6 0 21 72 0 5 46 0 0
0 0 0 0 65 0 93 2 65 62 0 0 6 0 0 0 0 0 89 61 0 0 0 9 0 0 19 0 0 21
63 67 0 0 33 0 5 0 36 88 40 0 6 0 0 0 0 61 94 82 71 0 93 0 0 39 0 0 0 0
0 0 0 0 0 0 0 9 0 0 0 0 0 0 30 0 14 0 0 0 81 0 0 0 0 0 0 0 0 0
13 0 0 0 29 47 86 49 0 29 0 0 88 12 0 0 0 0 0 50 0 0 65 0 0 58 0 0 39 0
86 0 0 0 0 38 63 0 0 46 0 0 77 0 0 0 15 0 30 0 0 0 2 56 0 0 0 25 0 0
0 93 0 0 0 0 0 0 0 0 97 46 0 0 0 0 0 51 0 17 0 92 0 0 93 0 76 0 0 24
38 29 0 0 0 0 48 0 0 0 68 84 35 0 0 0 0 52 0 0 0 0 0 3 44 0 84 0 0 38
0 0 0 0 0 39 0 0 64 0 0 0 0 0 77 57 37 0 78 0 0 0 38 0 0 0 0 0 0 0
0 0 67 0 4 0 33 84 0 0 0 0 86 58 18 0 75 0 0 24 0 0 0 0 0 0 0 21 50 0
0 0 0 12 0 0 0 0 0 83 5 94 0 0 0 0 26 0 61 0 82 27 2 49 0 82 0 9 0 0
0 0 0 0 0 0 0 85 0 0 0 52 0 0 0 0 72 56 0 0 0 0 78 86 57 0 0 0 0 0
0 0 0 96 0 89 0 0 0 0 0 0 0 0 0 0 0 10 0 0 0 0 0 69 0 0 74 0 0 0
0 0 0 0 0 0 0 0 26 21 0 67 82 0 0 98 0 0 0 0 51 0 0 0 0 56 0 0 77 0
0 30 0 29 81 0 27 44 0 68 0 0 0 42 0 0 0 0 0 41 0 0 0 19 22 91 0 0 37 76
0 0 0 0 0 0 0 27 0 0 14 0 0 0 76 31 0 0 31 52 0 57 15 0 79 20 0 46 0 0
4 40 76 0 0 96 70 91 77 92 0 78 0 59 0 0 0 0 89 97 0 0 0 40 0 0 44 0 0 29
27 50 0 45 42 0 22 0 0 0 0 0 0 17 0 0 4 0 0 0 0 0 0 0 9 0 0 17 0 0
51 0 0 0 0 0 0 93 11 0 0 92 0 61 0 0 0 0 20 0 0 0 0 0 0 0 56 0 0 0
0 27 48 0 3 0 16 40 24 43 22 0 30 0 0 0 0 0 0 0 0 0 0 27 0 19 52 0 86 0
0 0 0 0 83 86 0 0 59 93 0 83 0 0 68 0 68 0 0 0 0 0 8 0 0 38 48 0 0 0
0 71 26 0 0 0 0 0 81 0 0 0 0 0 0 0 0 91 0 0 0 0 27 12 32 94 26 0 76 0
99 0 0 0 48 0 0 0 88 29 56 0 0 68 0 0 16 0 76 9 73 0 0 93 0 0 56 0 96 0
