0 16 58 91 7 0 0 0 0 0
20 86 0 0 0 28 0 0 63 0
0 0 0 0 79 0 0 0 0 0
0 0 20 90 65 0 0 1 73 0
0 90 74 0 0 72 0 0 0 0
71 0 0 0 0 0 87 81 70 0
63 22 0 0 0 0 0 0 0 0
0 0 0 0 81 0 21 0 0 51
0 0 0 0 81 0 0 54 37 81
0 63 0 67 0 0 0 0 95 0
0 50 0 17 0 82 84 0 14 96
0 80 0 0 0 23 0 0 0 15
0 47 0 0 25 0 0 61 0 0
0 0 0 0 25 0 28 0 0 3
36 51 11 50 0 0 0 25 0 0
0 0 68 13 0 0 51 0 26 67
35 63 0 93 0 0 0 0 0 0
20 91 0 0 0 0 0 0 38 0
18 48 70 0 0 0 40 0 0 0
0 0 0 0 0 30 0 0 0 0
0 58 94 0 89 0 0 0 0 0
19 40 0 0 0 0 0 0 0 0
0 0 18 7 0 0 0 0 73 0
0 0 0 14 92 0 0 93 0 0
0 0 0 15 19 0 11 60 0 61
0 46 54 0 0 0 0 0 95 0
0 0 0 0 0 93 0 0 61 0
0 0 0 0 85 59 0 7 0 79
0 0 66 0 91 99 86 0 0 0
0 44 0 74 0 0 0 0 0 0
0 18 0 0 0 0 0 14 0 0
0 0 0 78 66 0 0 72 63 0
57 13 0 64 0 0 0 52 0 81
0 0 0 0 76 0 70 61 62 35
0 0 0 0 0 0 0 0 0 0
0 0 0 0 0 5 0 0 8 0
74 62 0 85 0 46 0 92 25 0
0 0 0 0 0 0 0 0 0 80
41 0 2 0 38 0 0 0 0 37
18 0 53 0 0 63 0 0 67 39
