0 0 0 0 0 16 0 62 0 0
0 0 0 30 0 0 0 0 53 54
0 0 0 0 0 92 63 0 63 0
99 0 0 0 0 91 19 0 0 0
0 0 0 0 0 0 0 82 0 3
0 0 0 91 0 0 0 0 0 0
0 0 0 31 0 87 79 0 0 0
0 0 0 0 0 0 0 52 0 35
88 0 0 0 0 32 0 72 0 0
0 12 4 0 84 0 0 0 0 0
0 0 0 0 0 0 67 0 0 0
0 0 0 0 0 0 0 39 0 0
0 67 0 0 0 16 62 0 0 0
0 0 65 3 91 0 0 0 0 23
0 51 0 0 0 0 46 0 0 0
0 0 51 76 11 0 0 0 0 71
0 0 0 0 0 0 46 0 0 0
39 75 0 0 0 0 0 0 7 0
79 0 0 0 0 0 0 19 0 0
73 0 0 0 54 0 0 0 70 51
0 0 0 0 0 49 0 0 0 0
0 0 0 0 67 38 0 65 0 0
0 0 0 0 0 0 0 0 0 0
0 21 0 0 0 68 2 75 0 0
0 0 74 0 0 0 0 19 0 0
0 0 0 0 0 6 0 0 78 0
76 0 0 43 0 0 57 0 0 0
59 0 0 0 0 0 0 21 0 59
0 38 26 0 0 0 0 0 0 0
86 0 0 0 0 0 85 19 57 71
0 4 92 0 0 99 0 0 0 0
0 0 0 0 48 67 75 0 0 29
63 0 0 0 20 0 0 0 0 0
0 0 0 0 0 98 0 0 0 46
0 64 44 0 20 0 0 0 0 0
0 19 23 0 0 14 0 1 0 0
0 0 0 0 0 0 0 68 0 0
0 0 0 0 0 7 0 0 0 0
0 32 0 0 0 0 0 0 0 0
79 0 0 0 0 54 34 0 0 0
