8 5 0 0 0 0 0 23 0 0 0 0 0 40 5 0 12 39 0 99 0 0 0 0 0 0 0 0 0 10
13 0 87 0 72 0 0 0 0 0 0 0 0 0 0 54 81 0 0 0 0 0 0 93 0 0 95 0 0 0
0 0 0 0 0 0 8 0 0 0 0 0 2 0 30 0 90 0 41 0 0 0 0 0 0 96 11 49 74 1
0 0 0 0 0 0 98 92 49 40 0 71 7 0 47 89 0 20 0 39 96 61 83 0 82 0 67 96 0 92
0 0 5 0 99 0 8 34 95 0 0 60 0 0 14 0 0 0 93 80 0 0 0 32 0 0 0 0 7 0
84 0 0 0 0 0 79 0 0 0 78 0 0 85 0 0 0 0 0 28 0 0 0 0 0 0 0 31 24 0
0 86 67 0 92 0 0 0 9 0 35 0 0 0 0 0 78 0 0 0 0 79 78 23 0 0 0 0 0 0
0 0 26 61 0 39 82 0 0 85 0 0 0 80 0 54 64 0 0 0 70 86 0 64 0 31 0 0 18 0
0 0 0 0 0 0 0 14 0 8 0 0 69 0 84 0 0 0 0 30 28 0 0 0 0 0 66 93 0 0
0 0 92 0 40 0 0 4 0 0 41 32 0 0 0 0 0 0 0 0 0 0 78 0 0 0 0 0 0 0
75 78 0 0 0 0 0 0 0 0 0 0 0 0 18 0 0 0 0 0 69 0 0 0 0 90 0 0 91 0
0 56 43 24 0 0 0 0 0 94 97 0 0 67 0 31 7 51 0 0 0 76 0 0 55 84 0 0 0 0
50 0 63 91 0 0 97 0 0 0 17 0 0 58 38 0 48 0 0 0 0 0 0 73 48 0 0 0 60 0
79 0 88 0 0 85 93 26 0 0 0 0 0 0 98 0 0 0 0 66 0 0 0 0 44 78 44 0 0 0
0 0 0 0 95 0 66 0 0 21 0 0 0 0 47 92 0 0 0 0 0 0 15 6 0 0 0 0 0 0
6 89 0 0 8 0 0 0 72 43 0 0 0 0 0 0 0 33 52 0 0 73 0 0 0 0 0 0 86 0
52 78 0 0 0 0 0 43 96 0 71 0 0 0 83 0 0 0 0 8 0 0 13 0 58 0 87 39 0 0
0 8 0 56 44 93 0 2 12 0 97 0 0 0 0 80 85 0 0 0 0 20 89 0 20 0 0 0 0 35
0 0 2 0 0 64 8 0 0 66 45 0 95 0 0 0 0 0 17 0 0 54 0 0 0 45 0 0 0 0
91 32 0 0 94 28 48 0 58 30 0 0 0 0 40 0 0 1 23 0 0 50 47 0 0 0 82 0 0 0
0 0 0 0 0 0 90 39 0 0 0 0 0 0 0 0 84 0 0 0 63 0 0 0 0 35 27 28 0 17
1 0 0 0 0 0 0 3 3 0 0 62 0 0 15 0 0 93 0 0 0 79 0 51 0 88 42 0 47 0
0 0 0 0 62 0 0 51 0 0 0 22 0 99 24 0 0 0 45 0 0 12 63 73 0 0 0 64 0 42
2 0 42 29 0 45 76 86 24 0 0 15 0 0 0 0 61 0 0 0 0 0 0 0 0 0 17 0 0 0
2 0 0 81 0 0 0 60 0 0 0 0 0 0 0 9 29 0 15 22 0 89 0 0 74 0 0 0 0 0
0 12 76 44 0 8 0 0 17 0 0 32 0 0 0 74 0 86 5 0 0 0 0 0 0 0 0 28 68 17
0 18 0 0 0 0 0 0 0 63 0 0 0 0 0 0 0 54 0 0 0 0 73 0 45 0 28 0 0 61
0 0 0 0 0 0 31 87 0 0 0 0 0 0 68 0 72 63 0 0 52 0 92 20 1 82 0 0 25 0
0 29 0 0 40 0 0 0 38 28 0 16 0 0 91 60 0 0 0 0 91 0 0 0 75 0 26 11 53 0
0 0 0 0 51 68 18 0 0 32 0 0 74 0 0 58 88 0 0 44 2 0 0 0 0 0 0 0 0 0
