47 0 0 0 10 58 0 0 0 23 31 10 19 0 33 0 0 44 0 0 0 54 13 99 0 0 0 0 0 0 0 0 0 0 0 0 0 31 0 0
77 92 0 0 0 0 0 0 0 61 92 70 68 0 0 0 70 41 0 0 0 0 0 8 8 49 0 0 0 0 55 0 0 0 0 0 0 0 6 0
0 0 16 82 0 0 0 0 0 0 0 0 0 0 0 0 78 81 77 0 59 36 0 0 0 67 0 0 37 34 0 26 25 0 0 0 0 0 0 0
0 0 0 74 0 0 40 0 0 33 0 2 0 0 0 0 50 0 64 0 0 0 0 0 73 0 3 0 0 0 97 0 0 0 75 0 0 0 0 0
66 0 44 0 0 74 0 70 41 0 0 0 42 15 0 0 88 0 0 0 83 0 0 0 0 0 0 0 16 18 0 0 0 0 92 48 0 0 75 0
0 85 40 0 0 0 0 0 0 34 33 0 0 0 0 0 36 0 0 7 5 57 53 0 0 48 50 0 0 76 0 41 30 0 0 64 59 0 10 75
4 0 20 0 98 0 0 94 0 92 0 98 0 65 0 0 0 0 0 0 0 0 17 0 0 0 0 0 24 20 0 0 0 90 0 0 0 0 44 0
0 0 35 0 51 0 53 0 0 80 0 0 0 0 10 0 0 67 41 0 0 0 0 0 0 0 22 0 54 0 0 0 0 0 0 22 0 0 65 0
0 0 11 0 0 92 6 0 0 83 0 96 0 28 0 0 0 0 0 10 0 0 0 72 87 0 60 0 0 0 0 68 96 55 88 77 0 32 0 93
0 26 0 0 98 12 0 57 0 0 4 0 0 0 0 67 0 70 2 95 0 43 96 0 0 0 0 0 0 0 95 30 0 0 0 0 7 0 0 27
0 20 0 0 0 0 35 0 0 0 0 0 0 0 0 0 0 0 0 9 0 0 33 0 0 0 0 6 0 38 0 0 0 0 0 0 0 4 0 2
59 22 0 0 0 0 0 0 0 0 0 0 0 0 50 0 0 0 0 0 0 0 92 38 0 0 0 62 0 0 0 0 43 30 98 0 0 0 46 0
53 84 0 19 0 0 94 0 68 0 0 96 67 0 21 0 27 81 14 0 0 0 0 0 0 0 0 0 89 0 0 0 0 10 33 65 0 5 0 0
0 9 80 0 0 59 4 48 53 0 38 0 97 0 0 0 63 0 0 93 52 63 0 0 97 0 0 0 0 0 0 62 0 0 72 0 41 0 7 0
0 0 74 0 0 80 70 0 0 0 66 0 0 0 0 0 0 0 0 0 0 0 15 0 82 0 0 0 26 99 60 0 0 0 0 74 98 37 79 0
0 0 0 0 0 0 0 79 0 0 0 0 0 0 75 0 0 0 43 0 0 15 26 85 0 31 0 20 0 0 0 0 0 12 0 0 83 0 0 80
0 0 0 0 0 0 0 23 0 37 0 0 6 0 0 50 0 0 0 0 0 5 0 0 63 75 0 1 48 0 0 0 36 0 47 0 76 12 0 0
0 51 0 21 0 0 0 0 1 21 0 0 81 0 29 0 96 0 0 84 98 0 91 0 0 0 0 0 0 0 22 0 46 0 0 33 0 0 0 0
0 0 0 72 2 68 0 0 0 72 61 0 0 98 0 88 42 0 0 0 0 45 18 0 26 0 52 6 67 0 15 17 0 0 51 0 0 0 0 27
62 50 0 0 22 80 0 0 48 0 57 0 0 78 0 64 64 39 0 0 0 0 0 0 0 11 0 0 0 0 0 0 0 0 29 0 0 0 0 0
