0 0 0 0 0 30 0 0 0 0 0 0 92 49 0 0 85 0 0 0 0 0 17 30 0 0 0 0 0 0 0 0 0 0 0 0 0 0 0 0
0 13 0 47 0 49 29 0 70 0 90 0 0 0 0 0 0 0 34 63 0 0 0 0 0 87 0 84 67 0 96 0 0 0 0 0 1 8 0 14
26 0 90 0 0 4 0 15 0 0 0 81 0 39 0 0 0 0 0 0 0 27 0 0 3 0 62 0 0 0 0 0 0 0 0 16 85 0 17 0
0 55 0 0 0 88 22 5 0 0 0 0 17 56 49 0 0 0 10 0 0 0 0 0 0 0 0 0 0 23 87 74 66 0 60 27 0 42 0 0
0 0 25 0 1 0 43 0 19 0 0 0 0 0 0 27 0 0 0 0 0 13 45 0 59 0 0 0 0 0 36 0 0 0 0 11 0 0 99 0
0 95 0 0 0 0 0 0 0 0 0 0 0 70 0 3 0 0 0 0 0 0 0 26 0 99 19 0 0 0 0 0 97 0 0 0 82 0 0 0
0 2 6 63 0 0 0 55 0 30 5 80 43 0 0 0 0 0 0 0 0 0 0 0 26 0 0 0 0 0 0 0 0 0 0 78 8 17 0 0
0 86 0 0 0 98 0 64 70 0 0 76 0 4 0 0 33 0 0 0 43 35 17 0 0 0 0 61 0 0 0 0 59 0 92 0 0 0 0 0
99 0 0 0 0 66 0 0 0 0 31 0 0 0 0 0 0 0 0 81 4 0 0 0 0 0 0 0 0 99 0 0 0 0 0 0 0 0 0 68
24 74 50 74 0 0 31 0 7 0 0 0 0 0 0 0 0 0 0 0 0 0 0 38 2 77 0 0 0 0 0 0 30 0 70 0 0 45 0 0
0 0 0 0 98 33 23 37 0 47 0 0 88 0 0 0 0 27 0 0 0 0 0 0 0 0 0 0 0 24 0 28 0 0 0 0 0 78 0 66
21 96 0 0 67 0 0 0 0 0 0 65 0 0 26 0 0 0 0 0 0 0 0 0 0 0 0 0 78 0 0 0 0 0 0 0 52 0 8 0
0 0 0 0 0 0 0 0 0 1 0 0 0 0 0 63 78 13 0 25 0 0 0 0 59 41 0 53 17 0 0 0 0 30 0 43 0 44 0 0
0 35 0 0 0 0 0 0 0 0 0 0 0 0 0 0 70 0 0 0 77 0 0 0 0 0 0 47 96 35 0 0 0 0 0 89 0 43 0 0
0 0 22 45 0 0 0 94 0 0 69 0 0 0 26 0 0 0 0 0 0 24 66 0 2 0 0 0 99 0 0 84 0 0 0 0 91 0 0 52
0 0 0 0 11 0 0 0 7 0 0 0 0 79 0 0 0 0 24 32 0 37 0 0 0 0 0 0 0 0 0 0 0 0 0 0 0 0 0 0
0 0 0 34 0 0 0 0 8 6 0 55 0 0 0 0 0 0 0 0 0 0 0 77 29 0 89 0 0 15 0 0 0 0 0 0 0 0 0 0
0 0 34 0 0 39 0 95 98 0 0 0 0 0 7 0 0 0 0 0 0 0 0 0 0 30 0 26 0 0 0 0 0 26 0 11 0 0 0 24
0 0 0 0 0 0 0 0 0 0 0 0 0 0 0 0 0 0 0 0 0 15 0 61 0 0 0 0 0 21 35 0 0 72 0 0 0 0 0 0
80 0 81 0 93 0 2 0 0 83 73 19 41 76 0 0 0 0 21 0 0 0 0 0 35 0 0 0 0 0 30 0 0 0 0 62 11 0 0 0
0 0 0 0 0 0 27 0 0 0 0 0 0 0 0 0 65 0 93 20 0 27 0 0 0 0 0 0 55 0 7 0 0 0 0 0 0 0 0 0
0 0 0 0 61 0 72 0 0 91 43 0 67 15 0 0 0 0 0 0 0 35 0 0 0 0 0 12 0 27 0 0 0 0 0 0 0 0 0 0
0 66 0 92 95 51 0 0 0 61 0 65 0 0 0 0 0 0 0 0 43 0 0 69 0 0 0 0 0 0 50 0 0 0 0 0 0 0 5 0
0 0 0 48 0 1 0 77 0 0 19 0 0 0 0 29 0 0 43 0 0 74 0 0 0 0 0 0 0 62 0 0 70 0 0 27 0 0 0 14
0 0 0 44 13 87 0 0 0 0 0 0 0 0 0 0 0 0 0 0 0 0 0 0 0 0 0 0 71 0 0 0 0 0 0 0 0 0 0 0
0 50 0 0 92 0 0 0 45 0 0 0 0 22 95 0 0 0 0 0 72 0 0 0 0 0 22 49 7 0 82 0 0 70 0 0 0 0 0 0
0 0 0 24 0 0 0 0 0 83 0 0 0 0 0 0 0 0 25 0 0 21 0 0 39 0 0 37 0 0 0 0 78 0 0 0 0 0 0 0
0 0 0 0 0 0 0 92 0 0 18 49 0 1 0 0 0 0 0 0 79 0 0 0 0 0 0 52 0 0 0 0 0 0 0 0 40 62 0 24
0 25 0 61 0 65 0 2 0 0 0 0 51 0 0 88 0 0 0 0 0 0 0 0 0 25 78 0 48 38 76 4 41 0 0 0 0 0 0 55
29 33 0 0 0 58 0 0 0 0 0 0 97 0 0 0 0 0 0 0 0 0 0 0 0 0 0 65 0 47 0 0 0 0 79 0 0 0 0 38
