0 0 0 0 0 0 91 0 0 25 0 0 22 0 68 0 0 53 0 50 93 0 78 3 0 0 0 44 98 0 0 0 0 0 0 85 0 0 53 0
0 0 0 78 0 24 18 19 23 97 0 0 0 0 0 0 36 0 11 0 0 66 0 0 0 0 29 85 0 61 0 12 0 0 0 0 0 40 87 0
0 27 95 0 0 0 68 0 0 0 0 93 0 80 37 44 0 0 0 90 21 0 0 0 10 0 7 0 0 0 0 23 46 0 10 0 0 0 5 0
0 0 87 0 0 46 0 97 0 50 0 0 0 0 46 0 15 37 1 0 87 72 0 0 0 30 0 0 1 0 0 0 0 0 0 93 0 0 0 0
0 0 0 0 0 0 29 54 0 0 35 0 0 0 23 0 40 15 69 17 0 62 0 0 0 0 20 0 81 0 37 77 0 0 34 0 0 48 0 0
0 0 0 47 0 0 6 0 0 0 72 0 0 0 0 68 0 29 0 0 58 37 81 4 0 68 0 68 0 82 0 0 74 0 0 19 35 46 0 40
0 0 18 0 0 15 0 16 0 0 0 0 0 0 0 0 0 13 0 0 0 0 47 44 0 0 0 65 84 30 0 22 31 44 0 0 0 0 0 0
58 78 0 0 0 0 0 0 0 0 38 0 0 0 0 0 0 2 12 0 0 75 0 0 0 50 0 0 0 0 0 30 0 0 0 43 0 26 0 3
0 89 0 0 0 0 80 93 0 0 0 20 0 0 0 32 0 0 0 0 0 0 0 32 0 0 0 0 20 0 0 0 0 22 0 0 0 0 0 0
16 0 0 0 0 69 0 65 19 0 0 0 0 0 0 1 0 0 18 0 0 97 34 0 0 0 90 0 0 0 0 0 0 0 0 0 18 0 19 61
0 0 0 0 0 50 0 0 0 0 0 55 0 0 0 0 0 0 0 26 9 0 0 0 0 0 0 0 0 0 0 0 70 59 0 0 67 0 0 0
0 16 0 0 0 0 46 57 0 75 0 0 0 37 19 0 0 0 0 0 0 0 81 0 0 0 0 1 0 0 39 98 0 72 0 0 1 0 0 62
0 0 0 1 0 0 0 0 72 0 17 0 0 0 29 0 0 0 0 0 39 77 0 84 0 36 70 56 0 16 0 0 98 0 0 25 0 36 0 0
0 0 0 40 0 0 0 0 0 11 74 0 0 0 1 0 36 0 0 0 0 0 0 0 2 0 0 0 0 0 0 0 86 0 0 90 0 0 0 0
30 65 54 0 0 0 58 0 0 0 0 67 0 0 0 6 48 0 40 0 0 0 0 72 0 0 0 0 0 71 2 0 0 0 0 0 0 0 0 40
59 0 0 30 47 47 0 13 99 0 0 24 0 0 0 36 0 0 0 76 0 0 77 64 0 0 97 0 0 0 29 91 0 0 36 0 0 0 0 0
26 78 37 0 25 0 0 55 62 0 0 4 0 0 0 0 0 55 0 0 0 37 0 62 0 0 15 0 25 0 0 94 20 0 0 11 0 0 74 0
49 75 0 86 0 78 0 49 0 39 0 0 0 0 46 0 84 0 95 0 52 0 73 0 16 0 19 0 16 0 0 0 0 88 0 89 0 0 0 0
52 0 0 0 8 36 36 0 0 96 0 42 51 72 75 0 0 50 0 0 0 0 0 27 0 30 59 0 0 5 0 75 0 0 0 0 35 34 0 97
0 40 0 0 23 3 0 11 0 0 39 0 0 0 73 0 54 0 70 90 46 0 0 44 0 0 0 33 0 0 0 0 28 25 0 0 0 29 0 0
82 97 0 0 0 62 0 38 0 0 61 53 18 44 0 0 0 17 96 0 0 0 0 74 0 0 0 0 0 0 0 30 60 0 96 0 18 44 0 86
0 0 0 0 15 50 0 0 48 0 0 0 0 26 0 0 55 0 0 0 0 0 0 0 40 0 0 0 0 0 0 0 0 13 0 0 61 0 0 0
0 60 19 0 28 0 79 0 0 0 27 0 70 0 0 0 0 0 0 70 28 44 0 0 10 73 47 77 0 71 99 0 0 0 0 85 0 59 0 0
8 0 52 0 0 91 88 2 51 0 0 0 0 0 0 0 0 95 0 0 0 29 0 78 20 97 58 0 0 0 0 10 0 19 0 28 0 0 0 17
0 0 0 0 83 0 0 0 0 20 0 0 0 0 0 0 0 17 0 53 0 0 54 0 0 0 0 56 94 0 48 29 0 0 51 0 0 0 0 0
34 0 53 0 0 0 0 0 0 83 0 31 6 0 0 54 4 16 0 70 17 0 48 0 57 0 0 0 0 0 39 0 13 0 8 0 0 0 0 0
0 7 61 0 0 0 0 0 0 0 0 86 0 0 57 0 0 0 0 38 0 0 0 0 0 6 0 75 0 0 87 13 0 55 56 0 87 70 61 0
0 0 0 47 0 0 0 96 0 0 0 18 24 75 0 0 34 45 36 91 0 0 0 98 0 0 0 0 0 31 0 0 0 71 0 0 5 60 0 36
0 0 0 0 0 0 0 0 0 0 0 0 0 0 0 0 0 0 0 0 0 0 0 5 0 88 0 67 0 0 0 0 55 0 79 82 0 0 0 91
0 2 77 0 0 0 0 0 0 0 0 0 0 0 0 0 0 0 78 0 72 63 0 0 0 27 21 0 0 0 0 71 0 0 0 19 33 0 64 96
