0 0 0 0 0 0 0 0 0 0
0 0 0 0 0 0 0 0 0 0
0 0 39 0 0 42 0 0 0 0
0 0 0 0 0 0 0 88 0 73
0 0 99 6 0 0 0 0 0 0
4 0 0 0 0 0 0 0 0 0
0 0 0 67 19 0 0 0 0 0
0 0 0 0 0 12 0 91 0 0
0 0 0 0 0 84 0 0 25 0
0 0 0 0 0 0 0 0 0 0
0 0 0 0 0 83 0 0 0 0
0 0 0 0 0 0 0 0 0 71
0 0 45 0 75 0 0 0 0 0
0 14 19 0 63 0 0 0 0 0
0 0 0 0 80 0 0 0 0 0
0 0 78 40 0 63 0 52 0 0
0 0 0 0 0 0 0 0 0 0
0 0 0 62 0 0 0 0 0 0
0 0 65 0 35 0 9 29 0 0
30 0 0 0 18 0 0 0 0 0
0 0 0 0 15 18 18 0 0 0
0 75 0 0 0 0 0 0 0 0
0 0 0 0 0 0 0 0 0 95
2 0 0 21 0 0 0 0 0 78
74 52 0 0 0 0 8 58 0 0
0 0 0 0 0 87 0 0 0 37
90 0 0 0 11 0 0 0 74 0
0 0 0 69 0 0 0 0 0 0
0 0 0 0 12 0 0 0 0 44
46 38 0 0 0 0 0 0 0 0
0 0 0 0 0 23 0 0 0 63
0 0 90 0 0 0 0 0 0 0
0 31 0 0 0 25 0 0 40 0
0 0 41 0 41 0 0 0 0 0
0 0 94 54 24 0 58 0 0 0
0 0 0 0 44 0 0 0 0 0
0 10 0 0 0 40 0 0 0 28
0 72 0 0 0 0 81 0 0 0
0 18 0 98 0 0 0 0 0 0
0 0 15 0 11 0 0 0 0 0
0 0 0 0 0 0 0 10 0 0
0 0 0 0 0 0 3 57 0 99
0 6 0 0 0 0 0 0 0 0
45 33 94 0 0 0 0 0 2 0
0 35 0 0 80 68 0 87 0 79
0 0 92 0 0 0 0 0 0 59
0 0 0 0 29 0 0 0 0 0
0 0 3 0 0 0 0 0 0 0
0 0 0 0 0 0 0 0 0 60
8 0 0 0 0 0 0 52 0 12
