0 42 0 0 0 55 37 54 0 0 0 0 0 0 0 0 0 0 41 0 0 9 95 9 45 87 0 0 39 0 76 63 0 0 66 0 0 54 0 0
0 0 0 62 0 0 0 0 31 0 0 0 0 0 0 0 0 37 0 96 36 52 0 36 50 0 0 0 69 38 0 0 0 0 0 0 0 0 0 30
0 60 0 0 0 72 36 0 0 7 0 0 0 0 0 0 0 83 0 0 0 0 0 59 51 55 88 30 18 0 44 0 0 18 0 0 0 0 23 0
14 0 0 58 0 0 92 38 46 98 93 0 0 0 0 0 45 12 8 8 0 55 0 0 0 55 0 82 20 0 0 46 0 0 0 0 0 0 71 45
0 0 46 97 75 0 0 93 52 0 0 89 0 34 0 0 0 6 97 0 0 0 0 43 66 0 0 0 0 0 0 0 0 39 1 0 62 0 0 0
13 39 0 0 0 0 0 0 0 16 43 0 0 0 0 0 53 95 0 0 0 0 15 91 10 0 56 0 76 86 0 0 0 0 0 0 0 0 0 94
0 97 0 0 62 0 0 63 0 0 0 0 0 0 63 48 37 0 0 0 0 0 0 0 0 0 0 84 0 0 30 23 0 0 0 21 0 0 54 17
0 0 0 0 0 0 0 0 0 45 17 46 56 77 30 0 91 73 0 0 41 82 61 0 0 0 14 0 46 0 76 0 0 0 0 0 48 46 92 0
27 0 82 0 0 0 83 0 5 93 0 0 58 0 0 0 0 0 0 0 0 0 60 56 0 0 33 52 0 0 0 0 0 0 27 76 0 0 0 0
0 75 0 0 49 0 0 0 0 0 63 0 0 0 0 71 46 0 46 0 0 69 9 84 0 54 0 0 0 90 0 0 0 0 0 0 47 0 0 0
0 0 0 78 69 0 64 0 0 0 0 0 0 0 0 88 92 0 1 0 0 0 70 66 0 0 0 0 10 0 0 0 0 0 45 0 30 0 62 0
95 0 0 0 9 0 26 24 5 0 0 0 0 0 0 0 23 39 68 0 0 0 0 0 0 0 95 0 0 0 0 0 90 97 89 71 0 0 56 0
0 0 0 0 0 0 0 0 0 0 0 0 0 0 10 56 0 0 0 0 0 0 46 0 0 0 0 0 15 0 47 0 0 0 98 52 83 66 5 0
0 0 57 15 69 0 0 63 0 0 0 0 0 6 29 0 0 0 81 0 0 0 0 0 0 0 0 0 0 0 14 0 0 0 38 16 0 0 23 76
0 97 37 63 0 0 0 70 0 69 0 0 73 66 0 0 28 0 0 0 0 45 0 0 0 85 0 42 41 34 61 0 0 0 0 91 0 89 0 0
0 7 69 0 0 26 0 0 0 0 0 11 38 70 5 86 20 0 0 0 0 0 0 0 77 0 0 0 0 0 48 0 0 81 0 84 65 7 0 0
0 0 43 61 0 0 0 0 0 0 0 19 0 0 0 0 90 0 0 0 0 0 39 0 0 22 9 0 0 0 45 0 54 69 40 0 27 19 0 0
0 0 0 21 0 0 96 0 22 0 28 0 97 11 1 0 0 0 0 0 0 0 0 0 13 7 0 0 0 30 0 0 95 0 0 54 0 0 0 15
0 0 58 0 0 98 0 0 0 0 0 57 64 0 0 0 0 0 0 66 94 51 0 0 63 81 18 0 0 0 0 0 0 0 19 76 24 0 0 42
0 82 41 58 0 8 29 0 28 0 0 0 9 0 71 59 0 0 0 56 0 0 70 29 0 86 0 0 0 0 0 0 0 0 0 0 0 0 0 0
52 0 0 0 81 0 0 0 36 1 0 0 0 65 0 0 0 96 0 0 0 89 0 63 68 0 0 0 0 82 0 0 0 86 10 0 0 93 92 0
0 78 0 0 50 0 0 0 0 0 30 96 0 0 0 0 24 0 88 0 0 0 0 0 0 0 18 0 56 0 0 49 0 64 0 0 84 79 2 69
0 0 0 0 0 0 0 0 0 83 0 0 6 0 0 0 8 0 0 0 0 0 36 5 40 0 65 0 0 0 0 0 0 60 0 0 66 54 0 15
0 0 0 96 0 0 0 0 15 58 0 0 0 96 0 0 61 0 65 0 35 0 0 14 0 0 0 0 0 94 15 0 85 0 0 0 2 0 0 0
36 0 0 0 87 83 0 65 0 0 90 0 46 26 41 0 0 18 0 77 50 0 0 55 80 23 0 52 44 0 0 0 0 13 44 77 0 0 0 0
0 0 0 17 58 0 0 59 0 0 0 0 93 25 0 0 27 14 0 0 35 0 0 0 0 0 0 0 0 10 0 0 0 20 0 0 0 0 44 53
0 0 0 0 0 0 19 0 0 87 0 0 0 0 0 25 0 0 0 24 0 0 89 0 0 0 0 0 35 0 83 0 0 48 94 0 0 0 0 0
0 0 0 0 0 0 92 0 0 0 0 0 0 0 0 50 25 0 71 0 37 0 0 0 22 0 0 0 1 0 0 0 94 0 0 13 0 0 0 14
0 0 0 78 0 70 0 25 0 0 0 0 75 0 0 0 0 73 21 0 0 9 0 0 0 0 0 0 0 0 0 0 0 9 52 0 0 7 0 0
0 0 0 0 0 0 0 0 0 0 10 28 0 0 0 63 0 0 0 27 79 0 53 0 0 67 0 30 13 77 0 0 0 40 0 0 29 70 93 74
