29 0 0 0 0 0 0 0 0 0 88 0 0 0 45 30 0 0 0 45 0 0 0 0 0 0 0 0 38 0 0 72 0 0 0 58 0 0 15 0 49 0 0 0 40 0 46 0 52 0
0 0 47 0 0 0 0 96 1 71 51 0 0 0 89 71 0 62 0 0 0 0 0 0 0 55 0 0 7 46 60 92 0 0 0 0 8 97 0 74 0 0 0 0 0 77 0 0 0 0
0 0 0 19 0 0 0 0 0 0 92 0 0 39 0 0 0 0 98 0 35 0 0 0 51 0 0 0 0 95 0 0 0 0 29 72 63 0 0 0 5 0 0 0 0 80 0 0 0 0
0 58 0 0 11 0 0 0 0 0 0 0 0 0 0 0 0 60 0 0 0 0 0 0 11 0 0 0 0 79 0 10 0 0 0 0 0 0 40 0 10 40 1 30 0 0 0 51 42 0
0 0 34 10 72 83 0 0 72 63 0 98 0 0 0 0 0 0 29 0 0 0 66 0 0 0 0 0 4 0 0 58 94 0 95 47 0 0 34 0 0 25 61 38 0 12 0 37 0 0
99 0 0 0 0 16 0 21 0 0 0 47 0 0 0 0 17 0 0 61 76 0 78 15 0 9 49 0 0 0 0 21 0 93 48 0 0 0 28 57 62 35 0 0 0 0 0 0 0 0
0 0 0 0 0 60 0 0 0 0 0 0 17 0 60 0 0 0 75 0 0 93 0 0 0 0 0 43 77 0 0 0 0 0 0 82 90 2 0 0 0 50 0 28 0 0 33 0 5 0
0 0 43 20 0 0 0 0 0 81 0 97 0 0 0 0 0 9 0 0 0 0 0 0 0 58 0 0 0 1 0 96 0 32 0 83 0 0 0 0 81 31 0 17 0 0 0 0 83 0
0 25 21 72 0 0 13 19 0 0 0 0 0 0 0 88 10 0 0 0 87 0 0 0 56 0 0 0 0 69 15 0 0 0 0 0 0 0 0 0 0 20 0 0 0 0 77 0 60 77
0 45 28 0 70 0 0 0 0 0 0 0 15 0 86 0 0 0 69 18 0 69 0 0 0 93 0 0 50 44 92 78 0 6 0 24 0 92 0 96 12 0 0 0 1 0 0 90 0 0
94 0 0 0 0 0 54 0 17 0 0 0 0 0 97 0 58 0 0 79 40 24 0 0 0 78 75 0 0 52 0 0 91 0 16 2 0 0 23 73 85 0 0 44 0 22 0 0 52 40
0 0 0 58 0 0 0 0 84 0 0 0 0 0 0 0 0 0 0 0 0 0 27 94 0 43 0 0 33 0 0 0 91 89 0 0 0 0 0 0 0 69 0 0 6 0 0 29 38 0
78 0 0 0 0 0 0 43 0 0 0 94 0 83 45 18 0 0 0 80 0 0 89 0 0 40 0 13 66 36 0 0 0 59 5 45 0 0 0 2 0 0 0 0 0 0 26 0 37 86
70 0 0 37 90 0 0 0 0 0 0 0 0 0 31 48 0 0 47 0 0 0 0 0 61 0 1 0 0 0 0 72 0 0 57 0 0 0 0 61 45 0 0 0 76 69 59 45 0 99
93 0 0 0 0 0 95 0 0 0 90 0 0 0 0 0 0 0 0 0 78 0 0 72 0 0 49 62 78 0 0 0 0 49 0 22 0 0 38 0 0 60 0 81 94 29 0 0 0 0
0 0 31 0 88 0 69 0 85 45 0 0 0 83 57 23 0 0 63 0 0 0 39 14 44 75 25 0 2 0 45 68 38 0 77 0 0 41 0 0 1 50 0 33 22 0 61 17 0 0
97 0 72 0 0 0 0 0 0 0 0 17 0 20 0 0 0 0 0 30 0 0 0 16 0 0 0 0 0 0 59 0 0 0 37 0 36 0 0 3 0 0 0 57 0 0 18 0 0 0
0 0 0 0 0 0 91 0 0 0 0 0 0 55 0 0 0 0 18 30 0 16 0 0 0 0 0 91 0 0 66 0 53 57 0 68 0 0 77 45 0 91 0 0 60 0 60 0 0 0
0 0 0 17 27 27 0 0 0 97 0 0 0 99 48 70 0 0 72 28 0 0 0 58 0 0 0 44 2 0 0 0 0 0 77 0 19 0 0 60 77 97 0 0 88 0 19 0 0 0
0 0 78 89 19 0 47 0 85 86 0 90 47 0 0 0 0 69 0 0 0 0 36 0 0 0 66 0 73 16 96 75 76 0 15 0 0 0 0 18 0 19 41 67 0 69 0 96 0 0
0 0 0 50 0 38 1 0 0 34 0 0 0 81 0 0 44 0 66 56 0 0 0 0 37 0 0 0 89 0 0 58 0 36 0 30 1 0 0 0 98 99 0 0 0 72 0 59 0 0
0 0 0 4 88 0 88 0 15 22 0 31 52 0 0 0 0 79 0 76 0 13 2 0 0 0 0 0 0 93 60 0 88 0 0 0 0 0 46 78 0 2 65 0 0 68 0 70 5 37
0 39 0 0 0 0 0 0 0 56 0 0 0 97 0 68 0 0 0 0 0 67 0 96 0 0 85 8 0 0 0 0 0 0 0 0 0 76 33 0 0 0 0 0 0 0 55 7 0 0
0 0 75 0 31 0 17 0 26 10 0 0 0 0 21 0 0 31 56 0 69 0 89 58 0 60 54 0 45 26 68 0 0 0 0 9 0 19 0 0 0 66 0 0 0 0 0 55 0 0
0 0 0 27 0 0 0 0 0 0 0 0 0 26 72 57 0 19 0 74 36 20 0 0 37 2 0 0 0 0 0 80 0 0 0 0 18 0 0 0 76 0 82 0 84 65 0 0 0 11
0 0 0 0 69 0 0 0 0 31 7 0 0 6 74 0 43 0 0 0 0 0 0 66 89 0 0 0 49 0 92 0 0 0 81 0 33 72 0 0 0 0 0 78 0 0 0 0 8 0
0 0 0 0 55 0 0 61 12 0 0 0 72 0 0 0 0 0 0 0 0 51 5 53 0 0 93 0 21 0 0 19 0 0 49 0 0 0 0 14 0 25 6 0 0 0 0 0 0 0
0 0 0 0 0 0 0 0 65 64 77 0 3 0 0 13 90 67 0 0 0 0 0 0 0 78 0 15 30 0 88 0 0 56 70 0 0 0 7 0 0 0 52 0 73 0 0 0 8 75
0 96 0 61 38 0 74 0 0 77 0 0 0 0 0 0 0 0 0 0 59 0 0 0 0 0 0 0 0 45 0 28 0 0 5 11 20 0 69 15 0 60 79 0 0 83 0 0 0 42
0 0 0 0 80 68 76 0 0 46 18 69 56 0 0 0 3 0 0 0 0 0 3 0 0 0 0 77 0 0 0 0 0 30 0 7 0 69 55 44 0 0 0 0 0 0 0 0 0 0
0 95 0 0 0 0 63 0 21 0 29 0 0 0 0 37 93 51 26 58 0 11 94 0 0 0 7 0 0 0 15 0 0 60 0 66 0 0 51 0 0 0 0 0 0 99 0 0 0 0
0 0 0 83 0 0 0 0 0 49 0 0 0 98 0 0 43 0 0 0 0 16 0 0 0 28 0 0 0 13 57 0 79 54 0 0 0 94 10 0 0 0 0 0 37 38 31 8 0 4
49 23 0 0 39 0 0 0 0 53 0 0 44 74 0 0 39 0 0 0 0 0 4 94 0 97 18 0 0 0 19 0 0 0 0 0 28 0 28 0 0 71 0 0 0 0 0 0 0 0
0 76 0 37 44 0 0 0 0 0 0 82 39 0 0 0 0 0 0 7 0 0 46 0 18 0 22 28 0 68 0 0 0 0 0 0 85 0 34 67 0 0 0 0 0 64 0 0 0 0
38 0 0 0 64 75 0 0 0 83 0 0 0 0 0 0 0 0 65 0 0 5 0 0 0 0 79 43 0 47 0 0 29 0 0 0 66 0 0 0 0 89 0 47 78 60 0 0 30 0
0 0 66 1 0 0 0 0 8 2 0 0 0 20 0 46 0 43 38 0 0 0 0 0 89 0 71 0 17 0 0 90 0 0 34 50 0 36 0 33 0 28 0 0 0 0 0 0 12 0
44 0 39 0 0 0 0 1 25 37 0 0 0 0 20 0 0 75 0 0 0 0 0 0 0 12 0 32 0 0 0 0 82 0 78 82 0 67 0 52 14 4 29 0 0 0 17 52 37 0
0 0 0 57 3 0 78 42 0 0 0 0 0 0 0 91 0 0 0 0 91 0 0 0 0 0 0 0 0 0 0 38 0 0 22 0 0 0 6 0 0 0 0 61 0 0 0 8 0 0
0 0 0 0 24 0 0 0 0 0 0 33 0 95 61 0 0 0 0 90 0 0 0 49 25 3 86 11 51 0 0 0 48 0 27 0 0 11 0 14 0 0 86 0 0 0 0 0 0 90
81 62 1 0 3 0 0 0 0 24 14 0 0 0 72 0 66 0 0 78 0 0 0 84 0 0 0 0 0 19 0 68 0 24 59 0 64 0 13 0 0 0 0 51 24 0 0 0 99 3
73 0 13 0 0 0 0 20 0 0 0 0 48 0 0 42 0 0 83 0 0 0 0 29 0 0 9 0 6 0 0 0 58 0 0 16 87 1 0 0 49 0 89 65 0 0 0 0 0 78
4 0 0 33 0 0 0 0 0 0 0 36 0 52 0 85 25 0 0 60 0 35 0 0 93 0 66 0 0 0 0 0 0 8 0 0 0 0 0 0 16 67 0 21 0 0 96 0 0 33
55 0 88 44 0 0 89 0 0 60 92 0 0 0 0 9 0 0 0 0 0 0 90 0 0 0 0 0 0 0 0 0 98 0 0 0 0 0 78 91 0 0 36 0 90 0 0 0 0 62
2 0 0 0 0 0 0 0 0 0 0 0 57 0 9 67 0 0 0 0 55 66 0 0 0 74 64 99 0 0 0 52 0 0 0 0 0 50 82 0 0 0 36 0 0 0 0 0 0 0
42 12 81 49 0 0 0 0 49 0 0 39 3 0 0 48 13 56 0 32 73 69 90 0 87 0 0 37 0 0 0 0 0 0 48 0 0 0 0 0 0 0 0 0 71 38 0 0 21 0
0 0 78 34 0 0 0 9 0 0 0 0 0 0 0 31 0 79 0 0 0 0 91 83 57 0 0 80 0 67 16 0 0 0 77 0 0 5 0 54 50 38 0 0 6 0 0 0 74 0
92 67 0 95 91 0 94 0 0 72 0 0 21 0 40 0 0 0 0 0 0 0 18 0 91 0 66 0 97 0 0 0 69 0 0 36 0 78 73 35 0 0 0 0 63 0 43 0 0 39
0 0 0 0 0 53 0 78 0 0 0 0 0 25 0 0 0 0 0 57 94 66 72 0 0 0 0 0 0 0 37 18 90 0 66 0 0 0 0 0 7 0 0 0 0 0 0 0 91 0
60 95 0 0 0 84 0 0 0 0 88 0 49 0 0 0 0 94 0 0 0 78 0 36 0 96 0 0 66 75 0 0 0 0 27 0 0 0 0 0 0 0 0 10 73 0 0 82 18 0
89 0 0 0 0 0 0 0 88 0 79 0 0 0 0 0 0 0 60 37 0 0 52 0 0 56 18 0 0 0 0 85 0 0 0 0 16 0 34 0 0 0 0 0 0 0 0 0 0 0
