0 51 0 0 0 7 0 0 0 0 0 0 0 0 0 0 0 0 0 89
0 88 0 0 14 0 0 0 0 0 0 0 0 7 0 0 41 0 0 0
79 0 86 0 45 0 0 0 0 0 0 0 0 61 0 6 49 72 0 0
0 0 0 0 0 0 0 0 0 0 0 21 41 0 0 0 0 25 0 0
0 0 0 0 11 1 0 0 0 63 0 28 0 0 0 40 35 80 0 89
63 0 0 0 0 0 0 0 0 0 5 0 52 0 24 34 0 71 0 0
0 0 0 0 0 0 0 0 0 0 0 27 0 87 0 0 22 0 0 0
0 0 63 0 59 0 14 0 0 72 61 0 0 55 0 0 0 0 90 0
0 91 0 0 0 0 0 90 0 0 0 0 0 87 0 0 0 0 0 0
0 0 0 0 0 85 0 0 73 0 0 0 0 0 0 0 0 0 0 0
0 0 0 13 64 0 0 17 0 4 64 0 0 0 0 0 0 0 0 0
0 0 0 0 0 0 0 74 78 0 0 0 0 0 60 0 59 0 0 98
92 8 0 0 0 0 0 95 0 0 0 0 99 0 0 0 86 0 0 19
97 0 0 63 0 0 0 0 0 0 0 0 48 0 10 0 0 7 0 0
0 0 0 0 44 0 0 0 0 0 0 0 0 0 0 0 0 0 78 0
0 0 0 0 0 29 0 0 2 0 0 0 0 0 43 0 0 39 85 0
39 0 0 0 64 33 0 0 0 44 0 0 0 82 0 81 24 0 0 0
0 0 0 0 0 0 21 0 0 14 0 0 0 11 0 78 98 0 0 57
0 11 67 0 0 90 0 5 0 0 0 32 0 88 0 0 0 52 0 0
0 0 0 0 0 0 0 0 0 0 0 0 18 0 75 30 84 8 0 0
