65 0 0 27 60 63 39 45 0 0 0 4 0 0 0 1 43 0 0 0 0 0 75 0 0 0 0 29 0 0 0 0 0 0 75 0 0 0 46 0
77 65 32 0 30 52 0 0 0 86 66 0 16 56 0 0 46 0 0 0 0 0 0 0 68 9 3 0 0 0 0 0 85 0 30 0 0 28 0 0
19 0 0 0 0 0 35 19 86 4 3 0 0 0 0 41 86 49 0 0 0 88 0 0 0 0 32 0 0 48 0 0 0 29 62 68 0 0 49 44
87 0 25 86 0 36 48 0 0 0 0 0 0 0 0 0 0 0 36 22 0 82 0 0 0 0 0 31 0 0 38 29 0 0 0 0 9 0 0 38
53 0 0 0 42 0 0 0 97 0 0 0 0 0 39 25 75 0 85 0 0 0 0 93 0 0 0 88 0 77 0 0 0 0 0 13 0 0 0 0
0 0 0 6 68 0 70 0 0 0 0 0 20 0 0 0 0 0 0 0 22 0 91 0 0 0 35 0 60 90 0 0 24 0 0 0 0 0 0 69
51 0 0 0 0 0 0 0 0 0 66 0 0 0 0 0 0 82 10 0 38 0 0 59 0 0 0 0 82 21 0 30 76 0 0 44 0 0 12 0
0 0 50 0 0 0 0 7 46 0 75 0 51 58 0 0 0 0 0 0 0 0 0 0 0 0 26 0 25 23 0 0 99 0 0 0 0 0 14 0
89 70 0 98 0 0 0 0 6 0 0 0 97 0 58 0 7 0 0 0 73 0 0 0 0 0 0 57 84 0 0 0 0 0 0 0 52 0 0 0
0 0 0 0 0 32 0 0 0 0 0 0 41 89 54 85 48 65 55 0 53 0 0 0 90 65 0 45 50 0 80 0 0 0 0 0 0 28 71 0
