0 0 0 0 0 0 0 0 0 65 0 0 0 0 0 0 0 0 0 0
0 0 0 69 0 0 0 0 0 0 0 0 9 0 0 60 0 0 0 0
0 3 0 0 0 5 65 0 0 44 0 46 55 0 0 0 0 0 0 0
0 0 5 76 3 0 0 0 0 0 0 0 44 92 0 0 0 0 3 0
52 52 0 0 0 43 0 0 12 0 46 0 0 0 24 0 0 44 0 13
0 36 0 0 0 0 0 0 0 0 85 53 0 0 0 0 0 0 0 0
0 0 0 0 0 0 0 0 0 0 0 0 0 0 0 28 0 0 0 0
0 0 0 0 0 22 0 92 0 0 0 0 0 0 0 6 74 0 0 0
1 0 0 0 0 0 0 88 0 0 0 0 51 0 0 0 0 0 0 0
0 8 0 0 0 0 0 0 0 0 43 0 0 0 0 0 0 0 60 0
0 0 0 0 0 0 16 0 0 5 0 0 0 0 0 0 0 0 0 0
0 0 0 0 34 0 19 29 48 0 94 24 39 0 0 70 0 17 0 0
0 12 0 0 0 0 23 0 0 0 0 0 0 0 0 35 35 0 0 84
0 0 0 92 0 0 34 0 73 0 0 0 0 0 0 0 0 0 0 0
0 0 0 23 0 0 0 0 0 0 0 0 0 0 0 0 0 90 0 0
0 0 12 0 0 0 0 0 0 0 14 0 0 22 0 0 43 0 0 0
0 65 0 0 0 54 0 0 0 0 80 0 0 0 0 0 0 0 0 0
0 78 0 6 33 0 17 0 0 2 86 0 0 24 0 0 0 0 0 0
0 0 0 0 0 0 28 45 0 0 0 0 41 0 0 0 0 0 0 0
0 0 0 0 0 77 0 0 0 0 0 0 0 0 16 0 92 0 0 0
