8 0 27 0 0 0 0 45 98 0 0 5 0 0 0 2 34 76 86 0 0 0 47 58 0 0 0 0 0 0 0 0 0 0 0 0 0 67 27 51 77 0 26 0 0 0 14 0 0 0
55 0 0 0 0 0 0 0 0 0 0 0 0 0 34 38 0 40 0 0 0 0 0 0 0 73 67 0 60 0 0 84 51 82 0 39 0 0 10 0 0 0 0 0 0 0 0 0 2 36
5 0 0 79 0 0 23 0 0 8 5 0 31 65 70 0 0 0 0 0 0 0 0 0 63 0 0 0 0 0 0 0 0 0 0 12 0 0 0 0 97 74 0 0 28 0 0 0 0 0
0 42 74 0 0 68 0 0 0 0 0 0 0 50 0 64 0 0 0 0 0 0 0 0 0 0 0 0 0 82 5 0 0 25 0 0 0 0 99 0 0 0 0 21 0 0 57 0 0 0
0 29 0 0 0 0 10 0 0 0 28 0 89 59 65 97 0 0 75 98 0 0 0 0 1 49 20 94 0 0 11 61 0 0 2 0 0 0 0 0 0 0 0 29 0 0 0 32 15 0
0 67 71 0 20 52 0 0 0 0 33 0 0 73 47 0 88 0 31 75 28 0 22 0 0 85 0 32 28 54 42 0 41 0 72 0 0 0 0 0 0 0 0 0 34 59 0 0 14 0
0 78 0 23 0 0 23 61 48 81 0 0 0 0 0 0 0 34 0 0 0 0 0 0 0 48 0 0 0 47 0 0 39 0 0 81 9 0 0 0 0 95 51 0 0 89 79 90 0 0
0 43 0 11 47 0 0 0 0 69 0 5 63 0 0 0 76 0 0 0 34 90 0 0 0 13 0 0 0 0 0 23 0 39 0 80 0 0 0 0 3 2 93 0 0 51 0 0 0 14
0 28 0 67 49 0 0 29 0 0 20 0 24 0 0 60 0 31 0 3 14 0 0 14 0 98 63 0 0 0 0 0 0 0 0 82 22 0 0 37 60 23 0 0 87 0 0 31 0 0
0 0 0 0 0 0 0 0 41 0 59 61 0 0 7 0 0 96 0 0 0 44 0 0 0 0 0 0 42 0 0 0 0 6 0 0 0 0 0 0 0 0 50 10 0 18 0 0 0 31
