0 0 0 0 49 0 69 65 0 0 32 0 0 0 44 0 95 0 0 47 0 0 0 0 0 56 36 0 75 94
24 0 0 18 71 0 24 0 0 0 49 10 0 0 0 0 35 0 0 69 86 13 0 0 0 3 0 0 59 0
0 0 0 0 0 0 0 69 0 0 62 57 69 0 0 5 0 70 0 0 16 0 55 69 0 52 0 0 0 0
0 20 0 0 0 0 0 69 77 12 51 18 0 0 16 0 0 0 0 69 66 0 0 16 90 0 0 0 0 0
12 0 92 0 0 0 3 19 81 0 0 97 0 0 17 0 0 34 0 0 0 0 2 0 6 0 0 0 9 0
0 0 0 28 0 0 0 0 0 0 0 0 0 55 0 0 55 0 0 0 0 54 36 0 31 89 31 0 0 37
0 0 0 86 0 0 8 0 0 0 21 82 0 0 25 0 0 0 0 31 32 6 0 0 67 0 0 0 0 52
70 84 14 0 0 0 0 0 0 0 0 0 46 87 0 39 0 0 0 0 88 0 0 0 0 0 0 0 0 0
0 31 0 44 35 0 78 18 34 42 0 0 0 0 0 0 0 0 51 96 0 0 0 81 0 0 12 16 0 0
0 0 54 0 0 0 97 0 0 0 0 0 60 0 0 37 0 0 0 0 89 0 0 0 0 0 0 0 0 0
71 1 0 50 0 0 0 0 0 0 0 0 0 25 0 0 0 0 0 0 54 0 63 0 0 7 98 34 0 0
30 0 0 0 0 0 25 0 0 0 0 0 22 0 0 0 0 0 0 0 0 0 63 0 9 7 4 17 44 0
0 17 0 0 11 0 13 56 44 0 0 0 0 0 0 46 0 0 0 0 0 0 61 0 0 8 0 0 0 28
0 0 0 43 38 15 1 0 0 0 74 37 30 66 0 0 59 0 0 0 0 0 0 10 0 48 0 83 0 0
0 26 94 0 0 0 0 0 75 0 46 49 50 0 0 0 0 0 0 59 0 0 0 0 0 0 0 0 0 0
0 0 0 53 0 0 0 38 97 0 52 32 53 8 48 0 0 0 80 0 22 0 0 0 19 55 0 0 0 0
50 0 0 16 0 0 0 0 0 0 0 0 29 72 0 44 72 45 0 2 0 80 0 0 0 98 0 18 89 46
68 0 0 0 0 0 0 92 0 0 0 74 0 0 80 0 62 0 78 0 0 0 0 82 41 15 59 0 0 99
39 0 0 66 0 0 0 69 0 0 50 0 0 0 0 0 37 0 0 32 0 99 0 0 0 0 85 0 0 55
0 44 0 0 61 0 0 0 43 38 0 0 26 0 63 0 52 0 0 6 0 0 57 0 97 0 70 0 0 0
