0 0 75 0 24 58 0 0 0 0 0 0 0 0 6 30 43 0 0 93 0 86 0 0 0 0 0 47 0 0 0 0 0 25 0 0 0 0 0 45
0 0 0 0 93 0 36 0 0 0 0 13 0 0 0 0 0 0 26 73 0 25 87 0 0 0 0 55 0 0 0 0 0 0 0 0 29 92 0 0
0 87 92 78 38 0 0 0 0 0 30 0 90 59 0 0 0 0 83 0 71 33 88 0 0 0 57 45 99 23 0 7 0 82 0 0 0 0 0 0
7 0 56 0 65 0 39 0 68 0 0 1 79 14 0 55 0 87 10 0 0 0 0 47 0 95 0 0 71 0 0 0 0 0 97 0 0 0 0 0
0 98 0 0 0 0 79 0 40 0 0 15 0 0 0 0 0 0 0 0 38 77 0 0 88 0 64 28 0 0 0 0 0 0 0 0 0 0 0 0
5 6 0 0 0 7 0 23 0 84 0 5 0 0 0 0 0 0 96 0 37 0 44 0 39 80 0 0 0 0 0 0 0 57 0 60 0 0 0 0
48 0 0 0 0 0 94 72 22 0 0 55 0 0 0 0 0 7 66 0 0 0 0 84 17 0 0 0 8 40 0 0 49 0 0 0 0 0 0 0
0 0 76 0 0 0 24 59 0 64 0 0 0 91 0 0 94 0 97 0 0 0 0 0 0 0 94 0 0 0 97 28 98 0 0 0 0 70 50 0
0 0 0 29 40 0 0 85 0 0 0 48 71 0 0 0 94 61 41 0 0 0 0 78 42 0 93 0 0 21 0 0 0 81 27 52 0 6 0 0
0 26 88 0 48 60 0 0 19 0 0 0 0 94 0 0 15 0 0 0 61 76 0 0 0 62 0 82 0 0 0 0 0 0 0 0 0 0 0 0
90 0 0 0 0 53 37 0 77 85 0 20 0 65 0 0 0 10 0 0 0 0 0 0 0 0 0 0 0 0 0 0 6 0 0 98 0 0 71 94
0 0 99 0 37 0 29 0 0 20 0 49 0 88 93 72 0 0 0 0 4 0 44 0 0 0 48 0 42 0 0 0 0 40 0 0 73 0 0 85
13 31 34 0 0 0 0 0 19 45 0 0 19 0 0 0 0 0 10 5 29 0 0 77 0 0 0 0 10 89 0 0 0 0 72 0 32 15 0 0
17 0 0 0 0 0 0 0 81 17 0 26 0 0 0 42 0 0 0 0 0 0 3 2 32 0 0 45 0 0 83 0 0 50 49 28 0 56 0 0
0 0 0 0 0 0 0 0 0 0 41 0 0 0 0 0 0 0 27 0 0 0 73 0 0 31 71 0 39 40 0 0 0 49 0 0 25 0 89 0
79 31 0 22 0 0 0 0 43 0 0 32 20 0 0 79 0 93 0 37 34 79 0 9 0 82 0 0 44 0 5 0 46 0 0 0 0 65 1 0
0 0 0 0 96 0 82 0 0 38 57 0 2 0 85 0 0 0 0 18 0 20 47 0 0 52 0 39 0 52 53 32 0 0 0 0 0 0 0 0
6 0 0 0 0 83 0 47 34 0 0 0 0 0 0 71 98 77 16 0 68 0 23 0 0 0 0 0 0 0 12 16 0 12 0 0 92 0 0 0
48 0 0 0 0 0 0 0 43 0 59 0 59 0 0 12 44 8 23 0 0 0 0 99 0 0 0 62 0 0 9 0 47 0 45 0 0 3 56 46
0 68 59 0 90 12 0 14 0 0 0 0 73 0 0 0 0 0 0 0 0 0 63 0 0 0 0 0 0 0 0 0 0 0 0 0 0 85 84 0
