0 63 0 0 0 0 0 13 67 0 33 0 0 30 0 0 0 2 0 73 24 0 0 0 0 0 41 0 0 67 0 0 0 0 79 78 0 0 0 0
0 0 0 0 0 0 0 92 0 52 0 0 0 0 0 0 0 0 0 0 3 86 64 0 32 0 0 0 0 0 0 0 0 0 0 0 0 44 0 43
20 0 38 0 89 0 0 98 1 0 0 0 55 67 47 0 0 0 88 0 0 0 98 0 0 0 0 5 0 0 0 0 71 0 0 41 0 0 2 0
0 0 10 0 0 0 0 0 0 85 0 0 0 50 52 0 98 67 0 0 0 0 0 0 0 0 0 31 0 0 0 60 0 0 0 0 18 0 0 0
32 0 0 46 0 0 65 0 16 69 2 0 0 0 0 0 0 0 89 0 76 0 0 0 0 29 0 0 0 0 0 0 0 0 0 0 72 0 0 0
0 0 0 0 0 0 0 0 0 0 0 29 0 76 0 0 0 0 0 0 0 5 0 0 0 0 0 0 78 0 96 45 0 76 0 0 59 0 70 0
0 39 0 0 0 0 55 0 0 0 0 0 80 0 0 27 0 0 0 0 0 0 0 0 0 0 0 0 0 0 0 52 0 74 0 0 92 0 0 0
0 0 0 62 0 0 0 0 47 0 0 0 0 0 64 0 12 0 0 0 0 0 0 0 0 0 6 0 0 0 0 0 0 0 48 0 0 0 0 0
0 0 99 0 0 0 0 0 0 0 0 0 0 0 0 0 0 99 0 0 0 0 0 0 0 0 0 0 0 0 0 0 59 0 41 0 0 0 0 0
0 0 0 91 0 61 78 0 0 0 0 0 0 0 65 0 29 0 0 0 0 74 75 0 0 0 0 99 0 31 0 0 36 0 12 0 0 0 0 0
0 0 0 43 54 0 0 0 0 77 0 87 0 0 34 0 0 0 78 0 0 0 87 21 72 22 0 0 97 0 62 0 0 0 0 0 0 0 0 15
21 0 0 0 0 87 0 26 0 0 0 0 57 0 23 0 60 0 0 0 45 0 0 0 0 0 0 0 0 0 0 0 0 0 0 0 0 4 91 0
0 98 0 69 0 0 93 0 0 0 0 0 0 0 0 68 0 0 79 0 0 0 0 0 0 0 0 0 0 3 0 0 5 0 0 0 0 0 0 0
0 0 0 0 0 0 55 0 0 68 0 0 0 50 0 0 0 0 0 0 0 0 0 0 46 0 13 0 0 0 0 0 0 0 0 0 0 0 0 0
0 0 0 0 0 0 0 0 0 0 0 0 0 0 0 0 0 54 0 89 0 0 45 0 0 0 0 0 0 0 0 0 0 20 0 0 0 0 0 0
53 0 0 0 0 0 67 0 15 0 0 0 0 0 0 0 28 18 92 0 0 51 69 40 0 0 0 0 64 78 0 0 0 0 54 0 85 0 0 0
0 0 74 0 0 0 0 36 99 75 0 46 0 0 0 0 0 0 0 0 0 0 0 0 0 88 0 0 0 0 0 63 0 0 0 45 0 0 0 0
0 0 0 0 0 0 16 0 0 0 66 0 0 0 0 46 0 0 0 0 0 0 0 0 0 0 0 0 55 98 53 0 0 0 0 5 0 0 64 0
79 67 0 0 0 0 0 24 0 0 0 0 0 0 0 0 5 0 43 0 0 0 0 0 0 0 0 0 0 0 61 0 0 0 0 0 0 0 0 39
0 0 0 0 0 0 0 14 0 0 0 0 0 0 0 19 0 0 0 0 0 0 0 0 27 0 0 0 0 0 0 0 0 0 0 0 87 0 0 0
0 0 0 0 0 0 0 0 0 45 0 0 0 0 0 0 0 0 0 0 0 0 69 0 0 18 0 0 0 0 0 0 25 0 0 0 0 0 0 0
0 0 0 0 0 0 0 11 0 0 16 0 0 85 0 0 0 0 0 0 6 0 7 0 38 0 0 0 18 0 0 0 0 0 0 0 0 0 0 0
94 0 0 0 72 0 0 79 0 0 0 0 0 0 0 0 0 0 0 0 43 15 0 49 0 0 0 0 0 10 0 0 0 0 0 0 0 0 0 0
0 0 0 14 0 0 64 0 0 0 0 0 0 49 0 0 0 74 0 0 0 26 0 0 0 0 0 0 0 0 0 0 0 0 0 38 0 0 0 0
0 28 92 80 0 0 0 0 40 0 0 0 0 55 89 0 12 0 0 0 0 91 15 0 0 0 0 0 0 0 0 0 0 45 0 0 65 0 34 0
0 0 0 0 0 0 0 0 0 0 0 0 18 0 0 0 18 0 0 0 0 83 0 0 18 0 0 5 0 20 0 0 14 0 0 0 0 0 0 0
0 53 0 64 0 0 0 31 0 0 0 7 0 0 0 0 0 0 0 0 0 0 0 77 0 0 0 0 0 0 0 0 73 0 11 85 0 0 0 0
0 0 0 0 5 0 0 0 0 0 0 0 19 0 0 0 0 0 0 0 0 0 59 0 0 32 0 0 0 0 0 0 0 0 0 0 0 0 0 0
0 0 29 0 0 0 0 0 0 0 0 0 59 0 0 27 22 89 0 0 0 0 0 0 99 0 78 0 0 0 0 0 0 0 11 0 0 63 67 17
33 0 0 0 0 0 0 0 28 0 0 0 86 0 21 0 0 0 0 0 0 35 38 0 0 0 0 0 78 4 26 0 0 0 10 0 0 0 0 0
0 0 87 0 0 98 0 0 0 0 0 0 0 48 0 0 0 0 0 0 0 0 0 0 0 41 0 17 0 30 0 0 0 0 0 0 0 0 0 0
0 0 23 0 0 0 0 0 75 0 0 0 0 0 57 0 23 0 0 0 24 45 0 0 0 0 0 0 0 0 0 0 0 0 0 0 0 14 0 0
0 0 62 24 0 11 0 0 0 0 0 0 0 0 0 0 0 90 0 0 0 0 0 0 57 0 0 0 0 0 0 0 15 0 42 49 67 59 15 3
0 0 0 11 0 37 0 0 0 0 24 0 0 7 0 0 63 73 0 0 0 0 0 91 0 0 0 33 47 0 0 0 0 0 0 0 0 0 0 1
0 0 0 0 32 0 0 0 89 13 0 0 0 0 36 0 0 0 0 2 0 0 79 0 0 0 0 0 65 19 0 0 27 0 0 0 0 0 0 0
0 0 0 82 0 69 98 0 0 0 0 0 0 60 0 37 0 55 0 0 0 0 0 51 36 0 94 0 0 19 0 0 0 0 0 90 0 0 81 0
0 0 0 0 56 0 0 0 0 0 0 0 0 0 3 0 0 0 0 0 0 0 0 0 0 0 86 0 0 0 0 7 0 0 0 0 0 62 0 0
0 0 0 0 0 0 27 0 0 0 0 0 0 0 0 0 0 0 0 0 0 63 0 0 0 0 0 0 0 0 0 57 0 0 0 0 18 0 0 66
0 9 0 0 73 0 0 0 0 0 0 0 0 0 0 0 0 0 71 0 0 0 23 57 0 0 0 0 0 0 0 0 0 0 0 0 0 0 0 85
0 0 0 0 0 0 13 0 0 0 0 0 15 0 22 0 0 0 0 0 0 31 0 83 0 0 0 91 0 0 0 0 0 0 56 0 0 0 0 0
0 54 0 0 43 0 10 0 0 79 0 0 0 4 0 0 0 0 0 0 0 0 0 0 59 0 0 0 0 0 0 0 0 0 0 0 0 0 0 0
60 86 0 0 0 0 0 58 0 0 0 0 93 35 0 70 0 0 0 0 0 0 0 0 0 0 0 80 0 0 0 0 0 0 0 0 0 44 0 0
0 2 0 70 62 18 0 0 0 0 0 0 0 0 0 90 0 0 0 0 0 0 88 0 0 0 0 57 0 86 0 69 0 63 0 0 0 0 13 0
0 0 0 0 0 0 0 0 52 11 0 26 39 49 0 0 0 0 0 0 0 0 43 0 0 0 88 0 0 0 0 0 0 0 0 0 0 0 0 0
0 0 8 0 0 0 43 0 0 0 0 0 0 0 0 0 0 0 5 40 0 0 46 93 0 0 0 0 0 0 0 0 0 0 0 0 0 0 0 0
81 0 39 0 0 0 0 0 0 0 0 90 0 0 0 0 4 0 0 0 0 0 0 0 29 8 33 0 0 0 0 0 0 0 0 0 70 0 0 0
0 0 0 0 0 0 0 0 79 0 0 0 0 23 0 98 0 0 0 0 0 0 0 0 0 0 0 0 0 0 0 0 0 0 0 0 0 0 0 0
68 0 0 0 35 0 0 0 0 0 40 0 0 0 0 25 0 0 59 0 45 0 0 96 0 19 0 0 78 0 0 0 0 56 0 0 0 0 0 0
0 0 0 0 0 0 0 0 0 23 0 0 0 0 0 93 0 0 0 0 0 59 0 9 19 0 0 0 0 0 0 0 0 0 0 0 0 0 0 76
0 0 0 0 0 0 0 0 0 0 0 0 0 76 0 0 0 0 21 0 0 61 73 27 45 0 0 0 0 0 0 0 24 0 0 0 61 0 0 0
