38 28 12 0 0 0 0 54 0 0 0 0 0 0 0 35 0 0 0 0 54 0 0 0 89 0 0 20 0 0
0 0 67 0 0 0 0 0 0 0 0 0 0 92 0 0 0 0 0 0 0 0 66 0 58 0 0 0 0 58
0 0 0 0 0 0 54 0 0 0 0 0 0 0 0 0 81 0 0 0 0 0 0 0 0 11 0 0 0 0
0 7 0 0 0 0 0 0 0 45 0 96 0 0 74 20 0 0 0 0 0 55 0 64 48 0 0 35 72 0
0 0 95 0 18 0 0 0 0 0 0 0 8 0 0 0 79 0 0 0 0 0 0 35 0 0 0 0 0 0
0 15 0 77 0 92 0 0 21 0 0 0 11 0 0 0 0 0 0 72 0 0 0 38 0 0 0 0 0 2
0 0 0 0 0 0 0 48 0 47 0 0 0 92 0 0 49 0 0 0 0 0 0 0 0 81 95 0 0 0
99 0 21 0 28 0 0 0 0 0 0 95 0 0 0 0 0 0 0 84 0 0 0 0 0 0 0 0 42 0
0 0 5 0 0 0 0 0 0 38 0 0 0 0 0 0 0 0 0 0 11 0 0 7 0 0 39 0 88 0
0 10 0 34 0 0 24 0 0 6 0 15 0 0 0 0 0 0 0 0 0 0 0 0 0 0 0 44 0 66
0 0 0 20 0 0 89 0 0 0 0 85 0 9 59 54 0 0 0 0 0 0 31 0 0 21 0 0 0 48
84 0 0 0 21 0 24 0 42 0 0 14 0 0 0 0 0 0 0 20 0 27 36 0 16 0 44 0 0 0
53 0 16 0 0 0 74 0 0 0 0 0 0 0 0 2 83 0 0 0 0 0 0 0 85 83 38 87 0 0
83 0 0 0 0 0 0 88 66 0 0 0 0 0 56 0 72 0 0 96 0 63 0 0 0 0 0 0 26 0
0 0 0 0 0 0 0 0 59 0 0 0 0 13 0 0 0 0 60 0 0 0 0 0 0 47 15 0 0 0
38 0 0 0 0 0 0 0 0 0 12 0 0 64 0 0 0 14 0 0 0 0 0 0 0 0 0 0 0 0
53 0 0 0 20 33 0 0 0 0 21 0 0 94 1 0 0 0 43 0 0 64 0 0 0 0 0 64 0 1
0 6 0 0 72 95 0 0 0 0 0 35 20 91 0 0 0 0 0 25 96 0 0 0 0 5 0 0 60 0
0 0 48 0 0 0 0 0 0 0 0 47 38 0 88 1 0 0 0 0 27 0 0 0 32 0 93 0 0 0
0 0 0 0 0 99 0 0 42 0 0 0 0 0 2 0 70 0 0 0 0 0 49 0 29 0 0 0 0 0
81 0 0 0 0 0 0 82 0 0 0 0 85 0 64 0 58 0 0 0 0 0 0 0 0 0 0 9 0 0
0 0 71 0 57 0 0 0 0 0 0 0 0 60 98 0 44 0 0 0 0 0 0 0 0 34 8 0 0 0
0 0 31 0 0 42 0 0 0 0 43 0 19 7 0 0 0 0 38 0 35 0 0 0 0 0 0 0 0 0
0 0 0 56 0 14 0 34 0 42 0 0 0 0 25 0 0 0 0 16 13 0 0 0 0 39 0 0 0 0
0 0 58 0 73 0 0 0 0 0 0 0 30 0 76 0 0 30 0 0 0 0 48 0 0 0 12 46 64 0
0 0 0 37 0 12 0 0 29 95 55 0 61 65 0 34 0 0 12 60 0 15 55 6 0 25 48 0 0 70
0 56 0 0 0 0 0 0 76 88 27 0 0 0 4 0 0 0 0 0 0 0 0 76 0 0 74 16 0 0
0 0 92 0 0 0 0 0 79 0 0 0 14 0 0 0 0 0 39 0 0 99 95 0 0 0 0 0 91 0
0 92 0 55 19 0 0 0 0 54 0 38 0 0 50 61 0 35 0 0 74 72 0 0 0 0 0 0 0 0
0 0 0 0 0 0 95 26 0 0 0 0 0 0 0 0 99 0 0 0 47 0 0 0 0 0 4 0 0 57
0 0 0 0 96 33 64 0 36 0 0 0 0 86 97 0 0 60 0 0 0 0 0 0 0 0 7 0 0 0
0 52 62 56 0 63 0 32 0 0 0 0 0 0 0 0 0 0 0 0 0 0 0 0 63 0 0 0 0 32
0 0 0 0 54 0 0 0 0 0 0 0 0 0 0 0 2 0 0 0 0 0 82 33 0 47 0 0 0 0
0 76 0 0 0 0 0 22 15 75 15 0 0 0 0 0 0 0 0 0 0 0 25 0 0 0 0 0 0 0
71 0 0 0 0 0 0 0 0 0 23 0 0 0 0 0 0 0 0 0 0 0 0 0 2 0 0 0 55 0
0 0 55 0 0 0 0 0 0 0 0 0 0 0 0 0 7 0 0 0 76 88 0 0 0 0 98 0 0 0
0 0 0 34 0 0 0 83 26 0 0 0 30 0 0 49 0 0 0 0 0 0 0 95 0 0 69 0 0 0
10 32 6 36 46 0 0 0 0 0 0 0 40 0 64 5 70 0 0 13 0 0 89 0 0 0 0 0 0 19
51 0 0 0 52 0 0 0 33 70 0 0 0 48 62 0 53 0 0 0 0 12 0 0 0 0 0 0 0 72
0 0 0 0 0 51 0 0 0 0 85 0 0 65 0 0 83 0 98 26 0 0 0 66 0 0 0 0 0 87
