3 10 3 27 0 98 0 0 0 0 0 27 0 0 0 0 0 0 0 70 0 36 0 0 0 0 0 0 0 0 0 0 69 29 83 62 0 0 30 0 0 0 82 0 28 11 0 72 22 0
0 0 0 26 57 0 0 0 0 57 73 0 0 0 11 96 0 0 0 0 99 0 0 57 0 0 0 0 0 0 74 75 0 39 0 0 0 88 0 0 76 0 0 34 86 39 0 0 0 0
0 0 0 0 0 0 0 0 0 38 0 32 0 0 51 0 95 0 0 32 0 36 0 0 52 56 39 0 0 54 0 0 0 0 0 0 12 41 0 0 0 84 0 0 0 96 0 0 0 0
0 0 0 0 0 86 0 0 0 90 63 0 73 0 0 0 0 0 0 21 0 0 0 0 0 31 0 46 0 0 80 65 91 0 0 0 0 61 62 25 0 0 0 70 0 0 45 0 0 40
91 0 0 0 0 0 0 25 0 0 0 44 0 0 0 0 14 18 76 0 0 89 0 20 0 0 23 0 0 0 21 0 0 10 0 28 0 0 41 0 0 0 4 0 51 0 61 42 0 0
0 0 19 0 0 0 27 0 0 0 0 0 0 0 0 0 73 0 0 16 0 25 0 0 0 32 86 0 0 0 0 0 0 0 96 0 0 0 75 49 0 0 0 53 1 0 0 0 0 50
0 0 83 0 0 0 0 19 0 0 6 0 0 0 84 0 0 0 0 0 0 33 96 84 0 17 7 0 80 33 80 92 0 0 99 63 11 26 0 33 1 0 0 0 89 67 0 0 0 97
0 0 0 0 13 23 0 0 24 50 0 56 87 0 64 56 0 0 0 53 0 0 0 93 38 0 0 98 0 0 0 0 0 0 76 0 0 0 0 89 23 0 9 72 0 7 0 0 71 0
39 0 0 0 97 62 0 50 0 18 0 7 0 0 0 0 0 0 0 62 33 0 0 81 7 0 0 57 66 0 0 0 0 0 0 0 0 0 59 0 0 86 4 0 0 32 54 21 97 0
0 96 0 0 0 0 0 0 0 92 0 0 0 0 70 0 0 0 71 0 83 20 0 0 0 16 0 0 0 20 0 0 0 45 12 0 0 0 93 0 0 68 0 0 0 0 0 0 0 62
