9 0 52 0 0 42 0 0 0 0 0 0 0 0 0 0 14 0 0 0 0 0 0 0 0 9 0 0 0 0 24 0 0 62 0 0 68 75 0 0
0 0 0 56 0 0 0 0 0 0 47 0 0 99 0 46 0 0 85 68 0 0 0 4 0 61 0 0 63 0 0 0 0 0 0 0 0 0 0 46
0 0 0 95 0 0 50 0 0 0 0 0 0 84 0 0 21 0 51 0 0 0 0 96 0 0 0 0 0 0 0 0 0 27 76 0 0 0 0 90
0 0 0 0 0 0 96 0 67 1 0 0 0 0 45 6 0 0 0 0 0 0 0 65 0 0 0 0 0 0 0 59 0 0 0 0 5 49 0 0
86 0 8 56 0 0 0 0 0 35 0 0 0 0 0 0 0 0 14 0 0 0 0 0 0 16 23 0 0 16 0 0 0 0 0 0 0 0 0 0
0 0 0 0 0 0 0 0 0 0 0 0 0 0 0 11 0 0 0 0 0 0 0 0 0 0 0 0 0 0 39 83 0 43 56 0 0 82 64 0
0 0 0 70 0 0 0 29 0 19 0 0 0 0 0 0 0 0 9 0 0 36 0 0 0 0 0 0 0 0 42 0 0 0 0 0 85 0 0 0
0 0 60 0 0 0 0 0 0 0 0 0 52 0 27 69 0 0 0 52 24 0 96 67 83 0 84 0 0 13 0 0 0 0 46 0 0 63 0 28
0 0 0 44 0 80 73 0 0 0 0 0 0 92 0 0 83 0 0 66 0 0 0 0 93 0 0 0 0 36 0 0 0 0 0 0 0 0 0 0
13 46 0 0 0 0 0 0 0 0 0 0 0 87 74 0 16 37 0 0 0 0 71 0 37 54 0 0 0 0 93 0 0 41 54 21 0 7 0 0
0 0 0 15 0 0 0 0 0 0 0 0 0 47 0 0 12 0 0 0 0 0 0 0 0 4 7 0 16 0 0 0 49 0 0 0 0 0 0 31
0 50 70 0 0 0 0 0 0 0 67 0 0 25 0 0 57 0 0 0 0 0 0 0 0 0 0 0 30 85 80 60 50 6 26 0 38 0 0 99
0 37 10 0 0 0 0 0 85 0 0 0 0 0 78 29 0 0 0 0 0 0 0 0 54 60 0 0 0 0 0 84 0 70 0 0 0 0 0 5
0 0 0 0 75 0 0 0 0 0 0 0 0 48 0 0 0 0 0 91 0 0 0 0 0 88 0 0 0 0 0 0 0 0 0 0 37 0 22 0
0 17 0 0 0 0 0 0 0 41 66 49 0 0 0 0 96 0 51 0 76 0 0 50 0 0 0 0 96 7 13 45 0 0 0 0 0 32 0 0
69 0 0 0 0 0 0 0 0 0 0 0 0 0 0 0 0 0 0 0 0 0 0 29 0 0 13 80 0 8 6 97 70 0 0 39 39 0 0 0
0 0 31 94 0 0 0 0 0 97 76 97 0 0 67 0 98 93 0 0 0 0 0 54 61 0 0 0 0 23 0 0 0 0 0 0 0 0 44 0
0 0 0 21 0 0 0 0 0 0 0 0 0 0 0 0 0 47 0 0 0 28 0 0 0 0 44 0 47 82 74 72 43 0 66 0 0 0 0 0
0 0 0 0 71 0 0 0 42 59 0 0 0 0 79 57 0 0 0 0 0 9 0 0 0 0 0 0 0 0 0 0 0 0 0 0 75 37 0 72
0 0 0 0 0 0 0 0 0 9 0 0 0 0 29 0 0 0 29 0 24 17 0 0 16 0 0 0 0 0 0 0 80 0 3 11 0 0 0 25
