0 0 12 85 0 0 0 0 0 0 0 0 0 63 0 0 0 65 0 0 51 0 0 0 0 89 56 0 0 55 0 0 0 64 0 0 58 33 91 0 90 0 0 0 64 0 63 22 0 0
92 0 1 0 0 0 0 79 0 9 0 0 0 0 0 0 0 59 0 0 0 0 0 0 0 0 27 0 87 0 0 13 0 7 0 0 0 0 0 0 0 0 0 0 78 49 0 0 70 8
55 96 99 0 0 31 0 0 17 0 10 78 0 76 0 0 0 87 0 0 49 0 57 0 0 0 84 69 0 0 45 61 0 0 90 0 94 0 63 0 27 0 52 0 0 10 14 43 76 56
74 0 0 0 0 99 0 0 7 68 0 0 0 0 0 59 0 0 0 28 87 0 87 0 0 0 0 0 43 0 10 0 0 0 0 16 2 86 0 0 0 0 0 0 0 0 0 0 94 0
0 0 67 0 0 18 76 0 0 0 0 0 0 0 18 0 0 56 0 0 0 0 0 19 0 0 0 0 0 69 0 0 0 0 23 0 60 74 0 87 0 0 0 88 0 0 44 0 0 39
0 0 2 91 0 44 84 57 0 0 0 0 0 0 30 0 0 17 46 0 0 0 9 0 0 0 7 86 0 0 0 0 0 0 22 53 0 0 0 0 0 0 8 0 0 5 62 0 74 0
96 0 4 86 0 0 0 28 54 0 0 51 44 0 0 77 0 41 0 4 98 0 50 0 74 0 0 31 16 0 59 0 64 0 49 83 0 28 0 0 0 90 0 0 0 16 26 0 0 95
0 13 64 0 24 0 0 0 0 19 74 88 0 0 0 0 0 0 49 0 93 52 0 0 0 0 0 0 0 0 83 63 71 0 0 0 0 0 0 0 0 0 3 85 6 0 17 0 0 89
48 0 0 0 24 9 72 0 0 0 0 99 0 0 0 0 0 0 11 0 81 0 0 0 0 90 81 0 0 0 0 13 0 0 55 93 0 69 0 0 0 84 56 0 23 50 0 54 35 0
88 0 0 0 0 0 0 0 0 0 0 0 0 85 0 0 0 60 0 0 87 0 0 0 2 78 0 0 0 0 54 0 0 39 0 0 0 0 0 0 0 0 0 0 0 42 0 5 34 0
0 0 0 0 0 0 62 0 0 0 62 11 42 81 85 0 0 0 0 0 0 23 74 27 0 34 0 0 0 76 0 82 78 0 0 0 0 0 0 0 0 0 0 25 0 0 0 0 0 63
78 0 0 0 67 77 0 0 0 0 0 45 0 29 0 41 19 92 0 0 36 0 30 30 34 0 0 0 33 41 0 94 0 0 44 0 67 0 0 0 0 77 0 1 11 0 74 0 0 0
79 0 0 0 4 0 0 0 35 66 0 0 0 0 0 0 0 0 0 0 0 0 60 0 0 0 34 0 0 77 0 0 0 0 0 0 0 0 0 0 0 6 5 16 93 0 0 74 0 0
0 0 0 0 49 45 0 0 33 0 56 0 49 29 0 0 0 0 29 0 0 0 0 0 96 0 68 0 0 4 0 0 0 29 80 0 0 0 0 0 0 0 0 46 0 69 81 62 0 25
6 72 0 0 0 76 0 17 0 0 28 34 5 89 0 33 0 50 85 9 68 0 0 87 83 0 0 21 0 18 0 99 83 0 0 0 97 0 0 0 0 0 0 61 0 0 0 0 62 95
28 0 46 0 85 0 0 0 0 55 49 0 84 0 20 82 79 98 0 2 19 0 78 13 0 0 0 35 0 65 0 0 94 0 0 0 27 14 17 0 40 42 31 0 0 0 0 0 0 0
0 0 0 0 0 0 0 0 0 0 0 0 84 0 0 0 0 42 77 0 0 14 0 0 0 0 13 0 0 0 49 0 0 0 1 29 0 38 0 0 0 0 0 74 0 0 0 69 0 0
0 0 0 0 34 0 0 0 5 0 0 75 0 99 51 0 0 0 0 79 0 0 0 0 0 0 0 0 0 0 0 0 0 0 0 50 0 0 0 0 0 53 0 0 10 0 0 54 0 34
56 0 62 0 0 3 0 0 8 0 0 0 0 90 0 57 0 0 0 84 0 81 18 0 0 0 0 53 0 20 69 0 0 0 68 0 0 0 43 0 25 0 0 0 0 0 0 10 0 89
0 93 0 0 0 0 0 0 36 0 31 0 0 0 63 0 0 0 58 0 0 0 64 0 0 0 0 21 0 0 10 0 0 0 93 0 0 0 89 0 77 0 0 77 0 10 0 0 0 0
