0 59 0 0 0 0 51 0 0 29 0 0 29 0 0 35 0 0 0 0
0 0 0 0 0 40 0 0 0 0 0 85 0 0 0 0 0 10 0 52
0 0 0 0 0 0 0 0 0 0 0 0 0 0 87 0 28 87 0 74
85 0 67 49 0 0 0 20 0 0 0 78 0 0 54 0 49 0 87 90
3 26 0 49 0 71 0 48 0 0 92 6 0 46 0 16 0 46 79 53
33 0 0 0 0 0 0 0 0 0 0 3 44 87 42 78 0 27 69 0
21 25 56 33 0 0 6 27 0 0 0 0 92 0 0 0 0 0 0 22
0 0 0 82 0 0 65 37 0 0 0 72 0 0 0 0 22 33 0 0
74 0 0 1 0 0 0 0 0 85 59 59 0 0 0 0 22 0 0 2
0 55 78 33 19 0 8 0 83 97 0 74 17 54 0 5 0 0 0 8
0 0 0 3 0 35 0 0 0 0 0 0 0 0 0 0 0 15 0 0
76 0 35 71 0 0 11 52 0 0 0 49 0 49 0 0 0 0 0 29
0 0 0 0 0 0 0 0 2 32 86 25 67 0 0 0 95 0 81 51
0 0 0 44 51 79 0 0 10 88 73 0 0 28 0 0 45 13 0 26
0 0 0 0 22 0 0 0 16 0 63 56 0 46 0 0 0 32 0 0
0 0 0 0 37 0 0 0 0 0 0 35 0 0 0 0 0 0 0 57
0 28 0 0 0 60 0 0 0 0 0 0 0 0 0 0 11 0 0 0
0 0 0 0 0 0 34 0 0 0 0 45 0 0 0 66 0 32 0 5
10 0 0 45 0 0 0 0 58 0 0 0 0 67 0 0 0 0 40 0
0 93 0 88 0 0 0 71 0 0 78 0 0 27 51 0 0 0 0 0
0 0 1 40 62 0 0 0 0 38 82 0 37 0 0 81 0 0 0 0
0 92 0 0 0 0 0 0 0 80 92 0 0 0 0 0 0 0 46 0
42 0 0 0 0 0 0 0 0 24 52 0 0 0 0 0 0 0 49 0
67 50 44 0 0 42 5 0 0 0 61 0 42 0 0 15 42 0 0 86
45 0 0 0 24 0 0 0 0 25 11 0 0 28 23 0 0 0 0 0
0 43 0 0 0 63 0 0 67 0 83 0 0 88 0 0 0 0 0 0
22 0 0 0 0 0 0 94 54 0 0 0 0 0 0 67 0 0 85 0
0 0 0 0 0 0 26 72 14 0 0 84 0 0 0 46 0 0 0 0
0 0 56 23 80 0 0 0 14 0 91 63 59 0 24 64 51 0 0 0
79 86 0 0 19 0 0 99 0 51 0 0 50 0 0 0 0 0 55 32
