0 0 0 0 6 0 0 0 0 29 0 39 0 0 0 72 0 25 0 0 0 74 0 0 0 0 0 35 46 0 13 0 31 0 0 0 0 0 0 0
0 0 0 0 0 0 0 0 0 0 0 2 0 0 0 88 0 55 0 2 0 0 94 0 0 0 0 0 86 41 0 0 0 24 0 2 11 0 27 0
0 88 0 0 7 0 0 0 0 0 0 61 75 0 0 0 0 52 50 29 0 0 0 0 0 0 0 0 0 0 0 52 0 62 0 79 0 0 0 84
0 0 0 0 0 0 76 0 0 73 0 0 0 92 10 19 37 0 0 0 0 40 0 36 0 0 0 0 10 0 0 0 83 0 0 2 0 0 57 0
0 12 0 51 0 0 0 53 0 0 0 0 0 0 0 0 80 0 98 74 0 4 0 0 36 0 11 0 79 0 0 0 0 12 0 0 0 0 0 0
0 0 10 0 0 0 0 83 0 0 0 0 0 0 0 0 50 0 0 79 30 0 64 0 14 25 0 0 0 0 0 0 0 0 0 0 0 0 0 0
0 0 29 89 15 0 91 0 0 0 0 0 0 63 0 60 0 0 49 42 0 0 0 0 0 0 0 0 0 39 0 36 0 0 0 0 0 0 0 81
0 72 0 0 0 0 0 0 0 0 0 0 86 82 0 27 0 0 18 0 66 0 0 42 0 48 0 0 0 48 53 0 86 0 66 0 38 0 99 76
0 0 98 0 90 31 97 0 89 0 0 86 0 29 0 57 14 22 0 78 0 0 0 0 0 0 0 47 0 0 0 0 26 61 0 0 0 0 0 0
0 62 85 0 0 0 94 0 0 64 35 6 0 85 38 4 0 0 5 0 0 0 29 0 15 66 0 0 2 0 0 0 0 0 0 69 0 0 23 0
29 0 0 0 0 57 56 0 64 0 86 0 14 30 56 45 36 0 0 0 91 0 48 0 97 0 88 0 0 0 0 0 0 0 0 0 15 0 0 0
94 0 0 0 0 0 0 0 0 0 29 0 0 86 0 0 0 77 0 0 54 6 0 0 0 18 0 0 0 0 66 6 3 0 0 0 0 28 0 0
0 0 0 0 0 0 67 0 0 0 0 0 0 54 81 52 88 0 0 69 18 0 43 25 0 54 0 0 0 76 75 0 0 31 0 0 0 70 46 0
0 20 0 74 0 0 0 83 0 0 76 0 0 0 85 0 0 0 0 17 0 88 0 0 0 0 0 39 18 0 31 0 0 0 95 0 0 0 0 0
0 0 0 68 0 0 99 38 0 0 0 0 26 73 0 0 0 4 0 0 0 0 97 1 83 0 3 0 0 0 0 67 0 51 29 16 0 0 0 0
0 30 0 0 0 0 0 74 0 0 10 0 0 0 69 76 0 0 0 0 0 0 0 0 0 0 0 0 0 43 10 0 0 0 0 0 0 0 0 0
0 0 0 0 0 0 0 0 28 0 96 0 45 0 0 0 0 0 0 0 0 26 25 52 0 0 54 19 12 0 0 81 0 0 82 0 0 81 0 0
0 91 83 0 0 0 0 0 0 60 98 0 0 0 0 20 48 55 0 0 0 28 0 91 56 17 0 0 5 52 0 0 15 0 52 0 66 68 0 0
0 0 0 14 0 0 0 0 37 0 0 0 0 0 0 0 0 0 0 0 2 0 49 0 0 0 0 0 41 66 11 0 0 0 0 0 6 0 33 0
0 0 0 42 8 65 0 63 0 0 0 0 0 0 0 0 70 68 0 0 35 91 38 0 0 91 53 0 0 39 17 0 0 14 0 0 0 0 0 0
84 0 57 0 57 0 0 0 0 0 0 54 0 0 0 92 0 0 0 0 0 26 0 77 0 0 0 0 32 0 0 0 0 0 21 81 34 0 0 0
0 0 0 0 0 0 0 0 0 0 0 0 0 83 0 0 0 0 0 0 0 0 0 30 0 0 0 0 0 60 0 0 0 0 0 80 0 24 0 0
0 0 52 0 34 0 0 0 0 31 38 0 0 0 0 51 0 0 0 41 0 0 32 0 0 16 0 86 25 0 16 0 0 0 0 13 0 18 38 0
0 0 54 0 0 0 0 29 0 0 0 0 0 0 83 0 84 0 0 88 76 0 0 92 37 0 0 17 0 0 0 0 18 18 3 54 0 0 0 0
0 0 0 0 93 0 1 0 48 0 0 56 0 0 59 0 26 85 0 0 0 0 0 0 0 0 46 0 0 0 24 0 0 9 0 0 0 0 17 0
0 90 0 0 0 0 97 0 25 0 35 46 24 0 0 0 0 0 0 38 0 14 76 0 52 0 0 15 0 71 0 0 0 0 14 0 0 0 0 84
43 0 38 40 0 67 0 0 11 90 45 0 0 37 0 0 0 0 94 0 12 0 85 0 0 39 0 0 0 0 93 0 21 0 0 0 50 0 0 0
51 0 0 0 0 0 89 0 0 0 0 0 0 0 0 8 0 76 89 0 0 0 56 0 17 89 31 0 0 0 0 0 0 0 0 91 0 0 8 0
3 0 0 0 65 0 37 0 7 0 0 65 0 0 0 50 0 0 79 90 48 3 0 0 0 0 0 93 98 0 27 0 84 0 0 82 0 61 28 39
0 0 82 25 64 27 0 0 0 0 0 11 0 11 41 0 62 26 51 94 0 0 0 0 59 0 0 0 0 37 0 0 0 0 0 0 0 0 0 36
0 0 0 0 0 51 3 60 0 0 0 52 0 0 0 0 0 7 0 26 0 0 0 0 0 93 0 27 0 0 6 0 68 8 0 0 0 0 0 20
0 0 0 2 13 0 0 73 0 0 0 0 0 0 0 0 0 0 0 20 0 0 0 0 0 0 0 69 0 0 0 14 0 81 0 0 23 0 0 66
0 0 0 44 71 0 0 0 80 0 0 0 0 0 8 0 0 0 0 0 0 98 0 0 0 0 0 0 86 10 0 0 10 0 0 0 28 61 0 6
0 98 16 56 0 0 93 0 26 0 0 0 47 0 97 0 0 0 36 1 82 0 0 35 35 76 0 45 0 0 16 0 0 0 0 94 0 0 14 0
41 0 0 95 51 0 0 79 0 0 70 28 69 0 0 30 66 0 47 0 0 0 43 77 0 66 59 0 0 0 83 45 30 0 0 25 17 0 58 0
10 75 0 0 0 0 0 0 0 34 0 62 0 0 0 0 0 88 98 0 67 0 0 64 74 30 0 63 0 0 42 88 59 0 0 46 0 0 0 0
0 0 0 0 19 4 0 0 31 0 0 0 0 0 0 97 2 0 80 96 79 80 0 0 0 0 0 0 0 0 0 0 0 0 0 0 0 0 0 0
0 82 0 0 91 41 66 0 60 0 0 41 0 39 25 73 0 0 0 3 0 0 96 28 77 44 0 0 0 0 40 58 45 0 0 0 81 0 0 70
0 4 0 41 60 0 0 0 21 0 1 0 0 0 63 0 31 0 0 3 0 0 0 0 0 59 96 59 0 0 12 0 0 0 40 0 0 33 0 0
18 21 31 0 54 18 0 45 0 63 0 0 72 0 0 0 59 0 0 0 20 0 0 0 0 71 0 55 0 0 32 0 0 0 79 0 0 10 0 0
80 0 0 0 0 87 0 87 0 24 71 95 0 0 0 0 59 56 7 0 0 0 0 0 0 52 0 59 0 0 0 10 0 2 75 0 88 0 0 56
0 17 0 0 0 0 0 0 0 0 93 0 52 0 0 0 86 86 32 33 0 0 29 0 84 0 0 80 92 5 0 0 46 0 92 81 0 0 0 0
0 83 36 0 0 0 59 54 0 0 0 55 0 63 63 0 91 34 0 0 0 0 0 41 25 71 0 0 23 25 0 0 0 60 0 0 0 0 51 24
47 0 73 0 0 0 16 0 0 91 51 0 0 0 92 0 0 0 0 0 0 0 0 0 89 0 0 0 0 0 0 63 14 0 0 0 0 21 0 80
0 0 77 0 50 48 87 51 0 64 19 0 0 37 0 0 0 45 19 11 65 0 0 60 0 0 61 41 0 88 46 67 0 49 0 0 62 0 35 87
7 61 41 0 0 0 98 76 39 0 0 0 0 0 83 0 0 0 96 48 12 91 35 9 0 0 0 0 0 35 72 0 37 55 20 0 0 0 31 63
0 0 0 0 34 0 96 0 0 82 75 43 0 0 0 0 0 21 0 0 0 85 0 0 0 0 0 0 4 0 0 0 0 0 0 76 0 0 0 0
71 0 0 0 0 0 0 0 0 0 0 70 0 0 0 0 0 20 0 71 0 52 68 0 0 0 0 0 0 92 88 0 0 0 0 0 0 0 0 0
31 0 0 0 53 0 0 0 0 0 0 37 0 62 0 0 75 0 99 0 0 7 0 90 63 17 34 0 0 41 0 64 0 0 32 0 13 0 0 0
0 10 0 0 14 74 30 0 0 61 0 0 27 0 6 10 0 0 0 0 0 81 0 0 0 0 0 64 80 0 0 51 0 12 0 0 0 3 0 22
