0 19 0 67 0 0 0 0 0 0 30 0 22 48 0 0 0 0 0 0 0 0 78 78 0 0 80 0 0 0 0 0 6 0 0 0 0 0 0 0 38 0 0 0 0 0 0 0 0 40
0 0 0 0 20 0 24 0 43 0 0 0 0 0 0 0 0 0 0 0 0 0 0 0 0 98 62 0 0 0 0 0 10 93 0 26 0 0 0 70 0 8 6 98 44 0 93 0 0 98
28 0 66 0 0 0 0 0 0 0 49 0 25 0 0 0 24 0 0 0 0 0 0 0 33 0 0 82 36 0 0 0 0 0 0 57 0 0 65 0 0 0 0 0 0 0 0 0 0 0
82 0 97 0 0 0 0 0 0 0 0 36 0 0 0 29 0 0 27 0 0 0 0 0 80 0 0 0 67 0 88 35 0 0 0 0 0 0 0 92 0 49 0 65 0 98 86 0 0 0
0 0 0 0 0 0 0 82 52 10 0 0 0 0 77 0 0 0 25 0 0 0 0 52 0 0 0 15 0 0 26 90 19 25 0 22 0 94 14 0 65 39 71 0 0 0 0 0 18 0
0 0 0 0 0 6 30 0 18 21 36 0 0 0 0 86 0 0 0 0 41 0 33 35 45 0 54 7 0 0 0 0 0 47 54 0 86 0 0 0 84 45 0 0 48 0 0 98 0 52
0 19 19 0 0 24 11 0 0 0 0 33 48 0 52 21 0 0 0 11 25 8 0 0 89 0 0 0 0 80 24 75 0 0 0 54 0 0 11 0 0 0 43 0 0 0 21 0 0 0
0 0 0 0 0 0 0 3 0 32 0 0 0 0 0 0 0 28 0 0 0 28 21 0 0 0 63 0 0 75 0 35 0 6 0 0 0 65 0 0 0 15 63 0 0 80 48 0 34 34
75 0 0 24 0 35 0 0 0 64 72 17 0 32 92 0 0 0 0 0 52 0 11 0 0 0 0 0 11 0 48 0 26 0 0 42 0 0 8 0 0 0 4 0 89 80 0 63 73 0
22 35 0 0 35 0 88 16 4 0 0 0 37 0 0 0 0 0 71 0 28 0 0 0 65 0 0 0 63 0 73 0 0 0 98 94 0 16 0 32 25 0 18 19 0 27 40 0 61 0
