0 0 19 0 0 34 40 11 0 0 0 64 0 0 0 72 71 0 30 35 68 54 0 51 0 16 16 53 0 0 0 0 0 0 56 0 79 0 0 84
0 0 0 9 0 76 0 22 0 0 0 0 43 0 37 0 78 81 0 0 0 0 0 74 80 48 0 0 0 28 0 0 31 0 0 0 82 82 92 0
0 0 0 0 5 0 76 0 33 41 0 0 15 0 0 0 0 64 0 0 0 0 8 9 0 79 0 0 0 0 84 10 33 0 0 29 0 0 60 0
0 57 32 0 10 0 0 0 0 0 0 85 0 0 0 0 84 7 77 84 0 77 0 53 0 95 0 23 12 90 0 65 55 0 0 0 0 0 0 0
95 18 0 0 0 47 0 0 0 0 67 71 25 0 0 83 0 0 11 0 0 0 29 45 0 97 0 0 0 32 88 0 0 0 0 0 0 10 0 0
0 0 0 0 73 48 50 85 86 0 0 0 43 0 0 0 0 0 81 0 0 0 20 78 0 0 47 0 0 27 0 0 0 0 0 5 0 0 0 75
0 0 0 0 0 0 0 0 0 0 0 0 0 0 0 65 0 0 0 0 0 0 0 0 52 0 0 18 0 0 69 67 47 0 60 0 0 0 0 0
0 0 0 0 83 16 88 0 0 34 0 0 0 0 0 82 0 0 46 0 0 62 42 0 0 97 0 0 58 0 0 0 0 20 71 91 0 95 0 89
0 0 0 0 0 0 0 0 57 0 0 0 0 0 0 0 0 0 0 0 0 0 0 0 0 51 0 0 56 0 0 0 0 38 0 0 52 39 0 0
65 0 0 0 0 0 0 2 0 0 0 0 66 0 0 0 0 0 0 0 0 0 0 0 8 0 14 68 0 0 0 0 0 10 0 0 0 0 0 0
0 0 0 0 63 12 0 0 90 0 0 0 0 0 0 0 0 0 0 75 70 0 94 74 0 75 42 97 0 0 0 0 0 93 0 0 0 0 58 19
1 0 0 0 0 0 0 0 0 0 0 48 0 79 0 0 0 73 0 74 34 54 22 0 0 0 0 0 0 0 0 0 0 0 91 46 0 53 0 0
0 0 41 27 23 0 96 0 19 0 0 98 0 0 80 0 0 63 65 47 98 22 0 68 0 0 38 0 14 0 0 0 0 53 0 66 33 86 15 0
0 0 29 0 19 28 0 0 0 0 0 0 0 0 8 0 47 0 0 0 0 0 0 0 0 0 0 30 0 0 0 6 0 62 57 57 85 0 0 87
0 0 0 89 0 19 71 0 0 0 0 56 15 79 0 0 0 19 86 0 68 0 21 0 0 23 0 0 49 0 0 0 0 0 0 0 0 0 0 0
0 0 85 14 0 76 0 87 0 0 0 0 0 0 0 72 0 0 0 0 86 0 0 0 0 0 0 0 0 0 0 68 0 0 0 0 34 0 64 0
26 18 38 0 6 60 0 0 58 0 0 0 0 27 0 0 0 14 59 0 0 21 0 0 39 87 45 0 0 0 17 65 0 0 0 15 0 0 0 0
0 26 0 0 6 0 71 5 0 0 0 0 0 0 43 0 0 0 0 96 86 0 0 0 91 21 0 0 45 0 0 20 0 0 0 0 38 0 0 0
64 0 0 0 44 87 0 0 0 0 0 0 73 47 0 31 0 0 0 26 0 0 0 44 0 46 73 0 0 0 0 97 0 0 0 87 0 0 9 0
50 0 0 0 36 0 0 0 0 0 0 24 96 41 0 0 0 0 0 0 48 0 63 86 25 15 49 0 0 0 0 0 0 0 0 0 26 0 0 0
1 0 0 0 0 31 97 80 0 0 54 0 80 0 0 0 0 0 11 0 0 0 12 65 0 0 88 23 66 0 17 0 0 3 0 95 99 0 0 36
0 41 20 0 0 0 0 0 63 0 0 69 0 0 0 23 0 0 94 0 0 48 0 0 45 0 0 42 13 0 0 0 15 0 0 86 0 0 64 0
0 0 0 93 0 0 4 0 55 41 0 0 75 0 0 0 0 0 0 0 0 0 0 0 0 0 21 0 0 0 0 0 0 0 0 0 14 0 78 18
0 0 0 0 52 84 0 0 0 0 49 0 72 82 0 0 0 55 0 0 7 0 0 72 65 26 0 0 81 73 0 0 5 0 0 20 0 0 0 0
0 0 49 44 0 0 0 0 0 34 15 0 0 0 90 94 73 12 29 0 0 26 0 78 0 59 0 0 0 0 60 0 0 78 0 0 0 54 71 59
0 0 0 0 0 0 19 79 99 0 0 0 0 0 0 25 0 3 14 8 39 0 0 0 0 8 0 0 1 98 0 0 64 42 0 95 0 53 0 47
0 0 8 0 0 30 59 0 0 0 53 96 0 6 50 84 6 0 0 92 0 0 62 0 0 0 32 56 65 0 0 0 87 34 0 47 38 0 0 0
0 0 0 0 40 0 0 0 0 0 73 0 0 0 16 0 0 0 0 81 48 0 86 0 24 0 0 0 0 0 55 0 0 87 0 0 26 39 0 98
0 0 54 0 65 0 0 69 0 0 68 92 71 23 0 1 0 17 0 37 0 20 24 4 0 70 0 58 0 0 0 46 0 0 0 0 97 0 0 0
0 0 0 44 0 0 0 11 0 38 0 93 0 0 0 0 0 63 0 0 0 0 0 21 0 0 0 0 0 0 42 34 0 0 0 0 0 62 40 0
0 0 0 75 0 0 0 90 18 0 0 38 0 0 0 67 31 0 95 0 0 0 0 0 0 0 0 0 17 94 0 0 0 0 0 0 51 13 0 0
0 0 0 0 0 0 3 0 47 0 49 15 0 50 0 76 0 32 0 0 0 0 56 15 0 83 0 0 87 0 0 0 0 0 43 0 0 0 93 41
0 78 0 0 0 43 0 27 0 0 0 0 0 0 65 0 0 0 0 0 0 0 0 0 0 0 0 0 93 0 58 81 0 0 0 44 0 0 0 31
47 0 0 0 0 0 0 0 0 0 0 0 26 0 0 97 2 87 0 0 0 0 58 0 14 15 98 91 26 11 0 0 0 0 0 0 0 0 91 0
0 0 97 0 0 0 0 37 0 8 15 24 0 0 0 0 0 0 0 0 0 0 58 0 0 0 6 0 93 30 46 96 0 0 34 3 0 0 0 0
0 0 40 0 96 0 0 0 35 0 0 0 0 0 0 0 27 0 2 91 0 0 0 13 0 0 0 0 76 0 0 99 95 0 0 21 63 81 0 0
0 0 0 0 0 0 0 2 98 0 0 3 94 0 3 0 27 0 0 0 0 99 15 0 53 80 0 58 0 48 83 0 0 17 0 0 0 0 0 0
0 84 0 0 0 65 0 0 1 0 0 0 0 29 0 0 20 0 0 25 0 6 0 0 0 41 0 73 0 0 72 93 0 60 0 0 29 33 48 0
0 0 0 63 0 0 0 0 0 47 0 0 0 0 33 0 88 20 61 0 63 0 95 0 0 0 0 46 0 0 0 95 11 86 86 0 0 0 0 0
0 0 85 12 0 0 50 75 0 37 0 0 0 10 0 0 60 0 0 96 60 19 0 0 0 0 11 0 0 0 22 0 0 0 0 0 37 6 38 0
