77 0 0 0 0 0 58 55 0 61 0 11 0 0 0 0 0 0 0 0 0 0 87 43 5 0 0 71 0 0 0 46 0 0 34 18 0 0 0 0 0 0 0 0 0 0 59 0 0 0
63 0 0 0 0 0 0 0 0 74 0 55 0 0 0 0 0 38 0 0 14 0 0 0 0 0 0 0 0 0 0 0 0 0 0 0 0 0 0 0 0 0 0 0 0 0 59 0 0 0
0 0 0 98 0 86 0 0 70 0 0 72 0 0 88 33 98 62 0 0 0 0 0 0 37 0 0 0 0 39 8 0 48 0 0 0 0 0 0 0 0 0 99 87 0 0 0 0 0 0
77 0 0 24 69 0 0 0 0 0 16 0 46 0 0 0 0 0 90 70 20 46 4 0 0 0 0 0 0 0 0 0 0 0 91 0 12 0 0 26 0 0 0 0 0 1 0 0 0 0
35 0 0 0 49 60 0 0 0 48 0 45 0 92 0 62 0 0 0 0 0 0 0 0 0 0 0 0 0 0 0 0 0 0 0 0 0 1 0 0 67 0 2 0 0 0 0 0 72 0
56 75 0 66 0 0 0 0 0 58 0 88 59 34 0 0 10 0 0 16 66 0 0 0 0 15 0 0 0 0 0 0 0 0 65 67 0 0 85 45 0 0 0 0 0 68 0 0 0 0
0 18 7 0 0 0 0 0 31 0 0 0 0 0 0 27 0 0 0 0 71 0 0 23 0 0 0 0 0 0 0 0 0 88 0 0 0 82 87 0 0 92 30 0 93 0 0 0 88 0
0 0 0 0 0 99 0 0 0 19 0 0 0 0 0 0 0 0 0 0 73 0 30 0 72 0 0 0 95 0 0 87 0 0 0 0 0 0 0 0 0 0 58 0 80 0 0 0 78 0
52 71 0 0 0 0 0 0 0 90 26 0 0 0 0 74 0 0 0 0 0 0 0 0 26 0 0 0 85 0 0 0 0 0 0 0 39 12 0 0 78 0 0 14 0 54 0 0 0 17
91 64 0 0 0 0 19 8 0 0 44 0 0 0 0 0 69 0 0 0 30 0 0 0 0 0 0 0 0 0 0 0 99 85 0 0 0 0 0 67 0 0 0 57 40 0 0 61 0 46
0 66 0 0 0 0 0 0 0 0 0 0 0 0 65 73 0 0 0 18 0 0 0 0 0 0 0 0 42 48 0 0 0 0 0 0 0 0 63 0 0 0 0 0 0 0 0 0 0 58
0 0 0 0 0 0 0 0 0 80 26 0 0 0 0 0 0 82 0 0 0 78 0 20 0 80 0 0 0 0 0 0 89 84 0 0 0 0 22 0 74 0 0 0 0 0 55 21 0 0
8 0 0 0 34 0 0 0 0 24 0 0 23 96 9 0 0 71 0 0 13 0 0 0 33 0 59 0 13 40 0 0 86 0 0 0 56 68 0 0 0 0 0 0 0 0 0 0 0 0
0 0 0 0 0 0 0 0 0 0 0 0 72 91 0 39 0 0 0 0 74 0 0 0 0 0 30 0 0 0 0 0 92 0 0 0 0 0 72 38 69 50 0 67 0 0 0 0 0 0
0 0 18 55 0 0 0 88 0 86 0 64 5 0 0 0 43 0 0 0 0 41 0 0 29 0 0 0 41 0 0 0 45 0 0 0 0 71 0 10 0 0 0 0 0 0 0 0 0 99
0 0 0 0 0 0 56 0 0 4 71 0 0 0 0 74 23 87 0 0 91 71 0 40 0 0 0 66 0 0 0 0 0 0 0 41 0 92 0 0 0 0 0 70 0 0 0 10 34 0
0 0 0 0 0 0 19 0 74 0 0 0 0 0 14 92 0 48 91 66 0 0 0 0 0 0 27 0 0 0 0 0 0 7 0 0 0 0 0 61 0 0 0 0 0 0 0 0 0 0
0 0 0 0 0 0 82 0 0 0 20 0 0 0 0 0 0 0 0 0 0 0 0 0 75 0 0 0 0 0 0 28 0 0 37 0 0 91 0 90 73 0 0 0 41 11 12 0 0 55
0 70 0 0 0 0 0 0 0 0 0 0 0 0 78 0 0 0 0 2 90 0 0 52 0 0 50 24 0 0 68 0 0 0 0 34 89 0 0 0 0 0 84 0 0 0 0 0 87 86
0 0 0 40 0 0 41 70 16 0 93 0 0 78 0 0 0 0 0 0 0 0 40 0 0 0 72 0 0 0 79 0 0 0 0 83 0 0 51 0 0 21 0 0 0 0 0 0 45 0
0 55 0 0 0 0 0 21 0 71 0 31 0 0 28 0 0 31 0 0 12 0 0 2 0 0 0 0 0 0 0 0 0 0 0 0 0 34 32 42 0 0 0 0 0 52 0 40 44 0
0 0 0 0 0 39 47 0 0 27 0 0 0 0 0 0 0 0 0 0 0 39 55 0 0 0 0 0 36 31 0 0 0 71 0 0 0 0 0 0 74 0 0 12 0 26 0 80 0 0
0 0 0 0 15 82 0 0 0 0 0 0 0 0 0 0 0 0 0 0 20 0 0 85 0 0 0 0 0 0 0 0 79 59 0 0 0 0 0 0 0 0 0 0 6 0 2 0 3 0
0 0 0 0 0 56 0 60 0 0 0 80 0 0 0 0 50 0 0 13 0 0 0 0 0 41 0 68 0 64 0 97 98 0 0 0 0 0 0 82 0 0 0 0 0 0 0 0 0 0
0 0 0 0 44 92 0 64 0 69 0 0 0 0 0 0 0 0 0 0 0 0 0 81 74 0 0 0 0 0 0 0 89 0 70 66 0 40 0 0 0 0 0 0 89 0 54 45 0 0
0 34 0 0 0 0 0 0 0 0 0 0 0 0 0 0 0 57 0 36 0 0 0 0 0 42 0 0 0 0 93 0 0 81 0 0 0 0 0 0 53 0 0 0 0 0 0 11 0 0
0 43 58 0 0 63 0 0 89 0 14 0 0 1 0 0 0 0 0 0 82 0 34 0 0 1 0 10 0 0 93 0 11 0 0 0 0 99 0 0 0 0 0 0 0 0 0 0 0 0
0 0 93 0 9 9 0 0 0 0 0 0 0 13 0 0 0 26 94 0 76 0 0 0 0 0 51 43 0 57 0 88 78 94 0 0 0 53 0 0 0 97 0 0 0 0 0 0 83 27
38 5 0 0 0 0 0 0 0 0 20 0 0 0 0 0 0 75 0 0 0 0 0 0 19 0 0 0 74 0 4 64 0 0 0 0 21 0 0 4 0 0 0 0 0 0 0 0 0 0
0 0 26 0 0 0 0 31 46 35 82 81 58 0 0 0 94 0 0 0 0 0 2 0 0 8 0 69 0 15 0 0 0 0 16 0 66 0 0 0 0 0 0 0 0 0 4 0 0 49
