0 0 0 74 0 0 0 0 0 0 0 0 78 0 0 0 0 94 0 0 0 0 0 98 38 0 0 0 0 3 99 0 0 0 0 57 0 0 0 0
0 0 26 0 0 0 0 0 0 0 0 0 0 0 0 0 99 0 70 0 16 0 76 0 0 0 0 0 0 0 0 0 42 22 0 0 0 0 0 0
55 0 94 0 0 0 0 0 0 0 0 0 0 0 7 0 0 0 0 0 0 0 0 0 0 0 0 0 0 50 0 0 0 0 5 0 73 0 0 60
0 0 85 0 0 0 0 0 0 0 0 0 0 0 0 0 0 0 48 0 0 0 0 0 0 0 0 0 0 0 0 0 0 58 8 0 0 0 0 13
0 72 0 8 89 0 55 0 0 0 0 0 0 0 0 64 26 0 0 0 15 0 0 0 0 0 0 0 0 29 0 0 0 0 92 98 0 75 0 13
0 0 0 33 0 0 0 0 0 0 29 0 0 99 0 0 0 0 0 0 0 0 0 93 0 0 0 0 0 0 0 0 0 0 0 0 0 0 0 0
0 0 0 0 0 0 44 0 0 0 0 0 85 0 0 0 6 0 0 0 0 0 0 0 16 0 0 0 0 0 0 0 0 70 0 0 68 0 20 0
0 0 0 0 0 61 0 0 0 0 59 0 0 0 39 0 83 0 0 0 0 0 0 0 0 19 0 0 0 0 0 0 0 24 0 0 0 0 0 0
0 0 0 0 0 0 17 0 0 0 0 0 0 0 0 22 0 0 3 0 0 0 56 0 0 0 0 9 39 0 0 0 0 0 11 32 0 0 76 0
0 38 31 0 0 0 0 47 0 0 68 0 0 0 0 49 0 0 0 0 0 0 0 0 0 0 0 0 68 0 0 65 88 35 6 0 0 39 66 0
