0 0 0 86 48 0 79 0 14 0 0 0 0 0 0 0 0 0 0 0 0 0 0 27 0 0 76 11 41 0
0 0 8 4 82 0 0 0 69 0 0 0 0 0 0 0 33 96 36 38 81 0 0 0 0 71 0 4 0 29
0 0 13 0 51 0 87 96 0 43 94 0 0 0 0 40 0 0 0 0 0 0 0 0 0 0 0 0 0 0
0 0 59 0 68 0 0 0 0 0 0 0 0 70 0 0 0 37 0 0 0 5 42 0 55 95 94 0 3 0
0 0 0 0 0 0 0 0 0 59 85 0 0 0 0 81 7 0 53 72 0 0 42 45 0 80 0 0 0 0
71 33 27 0 45 0 0 50 0 0 0 36 70 56 0 95 0 27 0 32 0 0 27 0 0 0 0 0 0 47
10 55 0 39 0 0 0 0 0 0 0 0 0 0 0 35 0 40 0 0 0 0 0 4 0 81 0 0 0 14
33 29 0 66 87 0 80 0 0 0 9 0 0 0 0 0 0 0 0 44 0 60 53 62 98 96 0 88 0 19
93 61 38 57 0 0 0 0 0 0 0 79 0 4 0 0 0 0 0 0 16 0 0 0 81 53 74 0 2 96
0 0 0 0 59 0 0 0 0 0 0 0 21 75 0 11 0 0 19 16 0 79 73 0 38 57 0 0 0 0
0 43 0 0 0 57 0 59 95 0 0 41 0 0 0 52 0 0 0 0 0 78 0 0 0 0 30 0 48 0
0 0 0 0 40 64 69 0 0 0 0 0 46 0 50 0 0 40 0 76 0 0 0 0 0 57 0 0 0 0
0 91 32 0 0 43 55 0 0 0 61 41 0 22 70 0 0 0 0 0 47 0 58 0 79 0 0 0 0 0
0 0 7 50 0 53 0 0 0 0 0 0 0 0 37 2 36 0 65 9 0 16 0 64 0 33 83 89 0 0
0 97 71 0 0 22 69 0 0 0 64 0 39 46 0 0 61 0 0 0 0 8 64 0 0 36 91 0 38 0
0 29 0 25 0 0 0 0 0 60 0 89 45 0 0 0 27 0 0 29 89 0 0 0 0 0 0 0 0 0
0 0 0 0 9 0 27 0 0 0 14 0 0 0 0 0 0 70 0 27 0 86 0 0 0 0 0 52 0 86
0 0 0 0 0 0 99 0 5 0 0 0 0 37 0 70 95 76 63 0 0 0 0 0 0 31 2 14 0 0
0 43 58 0 0 0 9 0 40 0 0 0 0 78 0 0 0 94 0 1 0 57 49 0 7 85 0 0 69 0
0 0 67 0 32 0 0 3 35 81 0 53 0 56 0 0 86 0 0 31 0 0 0 0 85 49 0 0 45 0
56 0 0 0 27 22 0 0 0 0 0 2 0 0 0 0 0 0 0 0 0 0 0 0 57 0 0 37 81 0
15 0 0 0 24 0 0 0 0 0 30 0 0 0 4 0 0 0 0 0 9 0 0 12 5 0 0 0 0 0
3 0 0 81 84 0 35 0 0 0 28 92 0 0 0 0 0 66 0 0 38 25 0 30 97 0 0 0 0 0
0 89 0 76 0 0 45 0 22 0 0 93 0 0 0 0 75 0 0 0 0 0 0 0 0 0 8 0 0 0
0 0 0 0 0 0 0 0 0 0 28 0 78 0 0 0 0 0 96 0 0 13 0 19 0 0 0 0 41 88
0 0 0 0 0 0 0 0 61 30 0 0 0 0 0 78 0 0 0 0 0 0 85 0 0 0 0 0 87 0
0 0 0 47 0 88 75 20 0 0 0 0 0 0 94 0 31 0 47 0 20 0 0 52 0 0 75 0 0 0
0 0 54 55 0 0 0 0 81 0 66 0 0 0 0 0 0 0 93 0 0 44 0 42 0 32 0 48 25 57
63 0 21 87 0 57 0 18 36 51 0 0 85 0 29 0 74 0 0 0 0 94 0 0 0 0 0 89 42 0
0 0 65 0 0 0 3 0 0 13 0 85 99 54 0 0 18 0 0 97 0 57 0 27 12 3 0 0 0 18
