0 18 0 0 0 0 24 64 0 39 54 0 0 15 58 0 86 0 0 0 0 98 73 0 32 5 0 0 65 57
0 0 42 0 0 97 0 0 26 0 0 59 0 0 0 0 0 0 0 85 0 0 71 0 0 80 0 0 80 0
0 0 0 0 0 64 22 0 0 0 0 0 8 0 0 0 0 0 0 0 3 0 72 0 0 0 0 0 0 0
2 0 0 0 0 0 0 44 62 0 0 0 0 0 0 0 0 0 0 0 0 0 0 0 0 16 96 1 0 0
0 0 0 0 0 0 0 0 0 0 0 0 0 0 23 63 49 27 57 8 75 0 0 0 0 71 28 0 0 0
0 12 0 0 0 0 0 0 0 15 50 0 0 0 33 0 0 0 0 0 0 86 0 40 0 53 0 0 0 0
0 20 98 0 0 0 0 0 0 0 58 0 0 0 54 0 90 0 10 82 0 0 0 0 0 0 0 0 0 0
0 0 0 0 0 0 0 0 0 0 0 0 0 29 28 0 0 0 26 0 51 0 0 35 0 0 0 48 0 80
0 0 96 0 0 0 0 0 0 0 0 46 0 0 0 0 0 0 0 86 9 0 0 0 20 1 55 51 92 0
0 29 15 0 0 0 0 32 94 54 17 0 0 0 0 67 0 83 0 0 11 0 0 23 69 32 0 0 0 0
0 0 49 0 0 31 0 0 85 0 0 0 79 0 0 0 0 0 0 88 0 0 0 0 0 0 61 0 0 75
0 0 0 0 0 0 42 21 0 0 0 0 61 62 0 0 61 0 0 0 0 0 91 0 0 0 0 0 72 93
0 0 0 97 0 0 0 0 0 0 0 0 0 0 80 0 0 0 59 43 0 0 0 58 33 0 0 6 99 0
32 0 98 56 0 0 0 64 0 0 7 0 0 0 0 21 0 0 0 0 0 0 0 60 0 0 0 0 0 0
0 0 0 0 0 0 0 0 0 0 0 0 16 0 69 38 2 87 0 0 70 0 0 0 0 0 0 0 0 0
0 21 0 27 0 0 0 0 0 0 0 0 88 27 0 0 0 0 0 0 0 0 0 0 43 0 0 0 0 59
2 0 0 0 16 0 11 0 0 69 0 0 0 71 0 0 0 0 0 0 77 49 90 0 0 0 0 0 0 0
0 0 0 0 0 0 2 0 0 45 0 0 23 70 0 67 0 0 0 92 0 0 0 0 15 0 0 0 44 0
0 0 0 0 0 0 0 94 0 0 0 0 0 0 0 0 48 0 0 0 36 0 52 0 0 0 10 0 0 0
0 0 0 38 0 0 0 0 6 0 0 0 0 0 0 16 0 11 0 0 17 0 0 0 0 0 0 8 0 0
0 0 57 84 0 0 0 4 0 0 0 60 0 0 0 0 0 0 0 0 0 0 0 0 0 46 21 0 0 0
70 0 0 20 0 0 0 8 0 45 0 36 0 0 0 0 0 35 0 0 0 0 73 0 47 0 0 0 60 0
59 0 70 0 0 0 0 0 0 0 0 81 40 7 0 0 0 97 16 0 0 95 0 85 18 0 61 74 0 0
0 96 36 0 0 42 0 0 0 0 67 0 0 0 0 0 0 0 0 0 0 11 0 0 86 0 0 0 0 0
0 0 0 0 0 2 0 25 0 0 65 0 88 14 0 52 0 0 0 0 0 0 0 0 0 0 91 0 0 0
0 0 0 0 29 0 0 0 0 0 0 0 0 0 37 0 0 0 0 0 0 0 0 0 0 69 0 0 0 0
0 51 0 0 0 0 0 0 0 0 0 0 0 0 81 28 0 0 0 0 0 0 0 0 0 72 0 0 34 0
0 11 67 0 0 64 0 0 0 0 0 0 0 17 0 0 0 0 0 0 9 30 0 0 21 0 0 0 43 0
20 0 21 0 0 0 0 29 0 0 0 0 0 50 0 80 0 0 0 0 49 0 0 0 98 41 0 0 0 0
58 98 0 0 0 65 40 0 0 48 0 0 0 32 0 0 0 0 36 0 82 0 0 0 0 0 0 0 0 0
