0 0 0 0 0 0 90 0 0 0 0 0 0 0 0 0 0 0 0 0 0 0 10 0 0 0 0 6 0 0 0 0 0 0 0 0 10 0 0 0
0 0 0 0 69 58 0 0 1 0 0 0 83 19 0 0 43 0 0 19 0 0 0 0 0 0 0 0 0 0 0 87 0 0 0 0 0 0 72 0
0 0 77 0 83 0 14 0 0 0 0 44 4 0 0 0 37 0 86 0 0 0 0 0 0 10 0 0 88 0 0 0 0 0 0 0 0 0 0 0
0 0 0 0 0 0 0 0 0 0 0 0 0 0 0 0 0 0 0 83 0 0 0 0 7 0 0 0 68 0 0 0 0 0 0 0 0 48 0 0
0 0 0 0 0 0 0 0 55 0 0 0 0 0 0 0 0 0 0 0 0 0 0 0 57 0 75 57 83 0 0 15 0 0 0 0 0 0 6 0
0 0 0 0 0 0 0 0 0 0 11 0 0 0 0 48 0 0 0 0 0 0 0 0 0 0 0 0 0 0 0 0 0 0 0 0 0 0 0 0
0 68 0 0 0 0 0 0 0 0 0 0 0 35 0 32 0 0 0 0 37 80 0 0 0 0 0 0 0 0 0 0 0 0 0 0 0 64 72 0
56 1 0 0 0 11 0 8 0 0 0 0 0 0 0 0 0 0 0 0 0 0 72 0 32 0 81 0 0 31 0 0 0 21 0 0 30 0 0 0
0 0 0 84 0 52 0 0 0 0 0 0 0 0 15 0 0 0 0 0 0 0 0 0 0 61 0 0 83 0 83 0 0 0 0 0 0 96 47 0
0 0 95 65 0 0 0 0 0 0 0 0 63 0 0 89 0 0 0 0 0 3 0 0 0 0 0 0 0 0 23 0 0 0 0 0 0 98 0 0
38 0 20 0 51 0 0 0 0 0 0 83 0 0 48 0 0 0 0 0 51 0 0 0 0 0 0 5 0 0 0 0 91 0 0 0 0 12 0 64
21 0 0 0 0 0 0 26 0 70 0 0 0 0 61 0 0 62 0 90 0 0 0 0 56 0 0 0 0 0 86 0 0 0 91 0 0 0 0 0
0 85 0 52 0 0 10 0 0 0 0 0 0 0 35 0 0 0 0 0 0 0 0 0 59 95 0 0 0 0 55 0 0 0 0 0 0 0 89 0
49 89 71 0 0 0 0 0 0 0 0 0 0 0 0 0 0 0 0 51 89 0 27 0 0 0 0 0 0 24 0 41 0 0 0 12 0 0 0 0
0 0 0 0 0 0 0 0 0 0 0 37 14 42 0 37 0 0 52 0 0 0 0 98 0 0 0 95 0 0 0 55 0 0 0 0 0 0 0 0
73 0 19 50 0 62 0 0 0 0 0 0 0 0 79 0 0 0 0 0 0 0 0 0 0 63 7 0 0 0 0 0 5 0 0 0 0 72 0 0
82 0 0 0 0 0 87 94 0 0 0 0 0 0 0 0 0 0 71 0 0 0 0 0 52 0 0 64 87 32 0 0 0 0 0 0 0 53 0 0
0 0 50 3 83 0 90 0 0 0 43 43 0 0 0 43 0 0 0 86 0 0 0 0 0 0 77 0 0 0 56 0 0 0 95 0 0 0 0 81
5 0 30 40 0 0 0 0 0 71 0 0 0 0 81 0 0 0 0 0 82 37 0 0 0 74 0 0 0 0 0 0 0 0 0 90 70 0 0 0
0 38 0 80 0 22 0 0 0 0 0 0 0 0 0 0 0 0 0 0 0 0 59 10 0 0 0 0 55 0 0 0 81 0 0 0 0 0 0 0
