0 0 0 0 36 0 0 69 0 0 0 0 62 0 57 0 0 0 0 0 70 0 99 0 0 0 0 0 0 0 0 0 0 0 16 0 0 46 0 0
0 0 0 33 21 0 0 0 0 27 0 0 0 0 0 91 0 0 0 0 0 0 0 0 63 66 67 0 0 0 98 0 60 0 9 0 0 0 5 0
0 0 30 0 0 0 55 57 0 0 0 0 0 0 0 0 0 54 9 97 0 0 0 17 0 0 0 0 36 0 0 0 0 0 46 0 90 0 53 7
0 80 0 0 0 0 0 0 0 0 0 28 61 32 0 0 0 84 0 0 0 0 88 97 5 0 4 0 0 1 58 0 0 0 0 0 0 0 0 14
0 0 0 0 23 0 0 0 0 0 13 65 0 0 0 0 4 0 0 0 0 0 0 0 0 43 0 0 0 0 0 0 0 45 70 0 0 0 95 0
0 0 0 0 47 0 0 70 0 85 38 0 0 0 0 0 22 0 0 56 0 0 0 0 0 0 58 0 0 0 34 17 0 0 0 24 0 0 0 0
0 0 0 0 0 56 98 0 0 28 0 0 0 0 56 0 82 0 0 0 0 0 0 38 0 0 69 0 0 0 0 0 95 0 0 37 0 0 39 0
0 0 0 0 0 0 0 67 0 0 0 23 0 64 0 0 0 17 0 0 54 0 0 0 13 77 49 0 0 0 0 0 0 0 0 19 0 79 0 0
0 0 0 0 0 0 0 0 0 0 0 0 38 0 0 87 0 0 0 73 0 25 0 1 0 0 0 0 0 0 0 91 0 0 0 0 0 0 0 0
0 13 0 0 0 87 78 15 0 0 0 0 54 2 0 99 34 0 0 0 0 50 0 22 52 0 0 0 0 27 0 0 0 0 0 0 0 0 0 24
