0 0 0 0 0 0 0 31 0 0 0 53 0 75 95 0 0 0 0 0 0 0 0 0 0 0 52 0 0 15
0 0 0 68 0 0 0 0 0 0 0 0 0 0 0 25 0 0 0 0 0 15 0 0 0 0 19 50 0 0
0 0 88 0 0 0 0 0 0 0 0 53 0 0 0 0 0 0 0 73 0 0 0 0 0 0 0 34 0 0
0 0 0 0 0 0 0 0 97 0 99 0 0 0 32 0 0 0 0 0 0 74 77 0 73 98 0 0 0 0
75 18 4 0 0 0 0 18 0 0 0 0 3 0 0 0 0 0 0 0 0 0 0 0 0 0 0 0 0 64
0 0 0 11 0 87 0 0 0 0 0 0 0 0 0 0 0 0 0 0 68 0 0 0 0 0 0 0 0 0
19 0 0 0 0 36 0 0 0 0 0 70 0 68 0 0 0 0 0 0 49 0 0 54 0 0 0 0 0 0
0 0 0 10 0 0 0 0 99 0 0 0 0 71 6 50 0 0 0 0 0 0 0 0 5 0 0 0 0 0
0 0 5 0 11 85 0 0 7 0 0 91 0 0 0 0 0 0 33 0 0 0 0 56 0 0 0 0 0 0
0 0 7 0 0 0 0 0 0 18 0 0 0 0 9 0 99 61 0 56 0 78 0 8 0 0 0 0 0 0
0 79 0 0 0 0 0 0 0 0 31 0 0 0 0 0 94 0 59 0 13 76 15 0 0 0 0 0 0 0
0 95 38 15 90 0 71 0 0 0 0 65 19 0 0 0 0 0 0 0 0 0 0 4 78 32 0 0 0 0
0 0 0 0 0 0 84 94 0 0 0 0 0 0 50 96 0 0 42 0 0 0 0 0 97 0 0 0 0 0
0 0 0 0 0 0 15 0 0 0 0 0 0 0 0 0 0 0 37 0 0 67 0 0 7 0 0 0 0 0
0 28 0 0 76 0 0 0 0 0 0 3 0 0 0 0 0 0 0 0 0 83 0 28 0 0 0 0 0 48
0 0 55 0 0 0 0 0 0 0 0 0 0 0 0 63 0 0 41 0 63 0 0 84 0 0 0 74 82 0
0 0 0 0 0 0 3 13 0 0 0 0 0 0 0 87 27 0 0 0 0 0 0 0 18 0 0 0 0 0
0 0 0 0 0 0 0 0 0 0 0 0 0 0 0 0 0 0 0 0 91 0 86 0 0 0 0 0 0 70
9 0 0 0 0 0 0 0 0 0 0 0 0 90 0 0 83 0 0 0 0 0 0 0 31 0 0 26 0 0
0 0 75 0 0 36 0 0 0 0 0 35 0 0 0 0 0 0 69 0 68 0 0 0 0 3 0 0 0 9
0 39 0 0 0 0 94 18 0 0 0 0 61 0 0 0 0 94 0 0 0 30 47 48 70 68 0 0 0 0
0 0 80 0 58 0 0 0 0 0 0 0 0 0 0 0 0 0 0 98 61 0 0 0 11 0 66 0 0 0
0 0 0 0 0 0 0 0 17 16 0 0 0 0 0 0 0 0 0 99 0 0 0 0 6 0 35 0 0 65
0 0 54 0 0 0 0 0 0 0 31 0 0 0 0 0 0 0 0 0 0 0 0 51 23 0 0 0 0 69
0 0 0 12 0 0 0 0 0 0 0 0 0 0 0 0 0 58 0 0 0 0 0 0 0 75 0 36 0 42
0 0 0 0 0 0 0 0 0 0 78 0 2 0 70 0 65 0 0 0 0 0 0 0 0 0 0 0 0 0
0 0 90 0 46 0 0 6 0 29 87 0 0 0 0 0 0 0 0 0 0 56 32 0 0 0 35 56 0 0
0 0 0 0 0 0 0 0 0 0 0 93 67 0 0 0 0 0 0 0 0 0 98 0 45 0 0 0 0 0
92 0 0 12 0 0 0 0 0 0 0 0 0 0 0 0 0 0 0 0 0 0 0 37 0 0 0 98 0 0
0 0 0 0 0 0 76 0 0 0 0 18 0 0 0 0 0 0 0 0 0 81 0 0 0 26 31 10 0 53
