12 0 0 0 0 24 0 0 0 94
46 0 19 15 0 0 0 11 0 6
63 0 0 0 96 61 12 0 32 0
0 0 75 0 0 0 60 10 0 0
0 62 0 0 0 3 0 0 0 0
0 23 0 0 0 84 0 0 74 0
0 0 0 0 0 0 65 0 0 7
0 78 0 0 0 0 9 67 74 0
79 0 59 0 38 0 84 67 0 67
84 0 0 29 0 0 0 0 33 0
0 63 0 0 0 0 0 0 0 0
0 0 0 16 0 0 0 0 0 91
0 0 0 3 0 0 0 32 0 27
0 0 24 0 13 70 0 50 0 75
0 0 0 0 0 23 0 0 0 40
0 0 0 0 0 0 57 58 3 0
0 69 0 0 0 0 0 42 0 0
48 0 0 0 0 0 0 0 57 88
0 0 0 94 0 81 0 0 0 0
0 76 0 59 90 19 0 0 46 0
0 0 0 0 83 28 56 0 0 0
9 0 0 0 0 0 0 0 0 53
70 0 63 0 0 0 87 77 0 76
0 0 24 0 0 0 0 0 2 4
0 15 0 7 0 0 94 0 0 83
0 0 0 50 38 73 0 74 0 80
0 0 0 80 0 51 94 17 0 0
0 0 0 46 0 0 74 0 82 0
0 69 0 0 0 80 0 0 0 83
0 10 85 0 0 0 17 0 85 69
0 0 0 0 0 0 0 0 0 0
50 0 0 0 69 0 0 0 0 0
0 35 0 0 71 0 0 0 39 26
0 42 0 0 0 33 0 0 0 0
0 0 18 0 0 0 32 0 0 22
93 28 44 42 0 0 86 0 94 79
0 0 0 0 0 0 79 0 44 75
80 0 0 0 0 0 43 0 6 26
0 0 0 0 15 99 0 73 0 0
35 6 0 0 0 17 0 0 0 0
77 91 79 0 0 0 0 0 0 0
0 0 0 0 8 0 0 0 90 0
79 66 0 15 0 0 22 89 0 0
72 0 10 0 0 0 42 0 76 0
9 62 54 0 0 0 59 35 70 0
0 0 0 0 0 0 0 0 0 0
0 0 0 0 0 95 0 0 0 0
40 0 0 77 82 0 0 0 88 0
0 0 77 92 99 0 0 86 0 72
0 96 23 96 0 0 0 22 0 0
