0 0 0 0 55 57 0 0 36 0 80 0 2 0 5 0 46 95 0 0 9 0 0 9 0 51 34 69 52 36
0 0 0 9 11 0 58 51 0 0 0 43 10 0 0 47 0 0 0 85 0 0 0 87 0 81 65 0 0 67
0 0 0 57 40 0 0 45 30 23 0 0 46 0 0 0 0 24 0 63 8 0 38 78 0 0 0 67 11 0
21 0 0 83 0 0 0 26 9 4 0 0 0 0 27 12 0 35 0 0 0 0 0 45 32 84 23 16 0 0
0 0 72 0 22 0 0 0 0 31 0 0 64 0 0 84 0 71 0 0 0 15 85 34 0 0 27 0 0 5
25 0 0 85 0 0 0 0 0 0 0 11 0 67 19 0 0 31 0 0 54 0 0 5 47 0 0 8 43 0
0 35 0 30 0 0 0 0 60 92 0 0 51 66 52 64 0 0 78 0 0 98 0 0 0 0 0 0 0 0
2 0 0 0 0 24 0 0 80 7 0 0 43 0 65 0 78 0 0 0 0 0 80 0 0 51 0 0 0 0
0 14 0 67 0 0 0 0 79 0 0 0 0 0 18 0 68 18 71 0 0 0 64 0 0 0 0 0 78 81
0 33 0 0 0 0 0 0 0 10 25 4 16 4 0 84 0 0 0 31 12 0 92 0 78 0 28 0 0 66
0 78 98 81 79 0 0 0 4 0 0 0 0 34 0 0 96 0 0 0 0 0 0 0 88 82 0 97 0 0
0 0 91 46 50 0 0 0 0 0 0 0 0 0 87 46 0 0 0 0 0 0 0 32 0 0 0 0 0 0
0 0 91 0 0 0 75 0 0 0 0 0 0 29 31 0 59 0 75 0 67 87 0 0 0 0 0 0 91 0
11 21 0 16 1 79 50 0 10 0 76 0 0 95 0 1 0 0 0 0 0 67 0 0 0 0 0 0 0 0
0 0 0 0 38 0 93 0 14 56 0 62 0 80 0 0 0 0 87 0 0 0 0 0 0 0 0 0 0 62
46 25 0 0 0 0 0 29 64 46 0 90 51 44 0 0 0 0 0 0 9 0 67 0 0 4 0 0 0 0
95 0 0 0 0 0 0 0 0 0 0 0 0 0 0 7 0 0 52 0 0 18 0 0 0 46 25 0 39 0
0 90 74 44 0 73 15 11 0 53 38 0 0 0 0 0 0 0 71 0 0 86 0 19 0 86 41 0 21 0
0 0 0 0 0 0 50 0 0 0 20 0 0 0 0 1 0 52 0 96 33 0 0 0 98 75 0 61 96 4
1 81 0 34 74 96 25 0 0 0 14 0 0 53 0 0 39 0 0 0 39 0 89 0 0 0 0 32 43 46
0 50 0 0 0 0 0 60 0 0 0 0 89 0 0 42 0 2 37 80 0 0 0 57 0 0 0 0 45 54
0 81 0 0 0 0 0 0 0 32 8 0 0 0 0 0 72 0 0 0 0 0 0 0 0 0 0 72 0 0
0 99 48 31 0 0 0 0 0 0 0 0 0 0 0 0 0 0 92 0 7 0 83 0 68 0 0 71 0 0
0 0 82 0 0 62 0 14 2 0 0 0 21 61 0 49 59 83 0 0 0 51 0 0 0 0 0 0 0 51
49 0 79 0 0 0 65 0 0 47 0 0 0 0 0 20 0 0 85 59 0 5 0 0 25 0 0 4 0 95
0 0 0 2 0 0 0 23 25 0 0 0 86 25 41 0 0 42 0 0 42 0 0 0 0 31 0 0 0 0
13 0 0 0 0 0 0 39 0 0 55 0 88 0 0 0 81 0 0 48 0 0 25 0 19 0 0 22 18 0
33 0 0 0 0 0 60 0 0 0 20 0 0 90 0 0 0 0 64 49 0 0 0 0 71 0 0 0 69 0
0 44 0 75 0 0 17 0 45 0 88 0 0 37 0 0 0 0 72 0 0 0 0 0 0 0 0 0 0 65
0 0 0 0 0 0 0 0 0 0 0 0 0 0 0 0 0 0 0 27 0 0 32 0 0 0 0 0 59 0
69 0 0 0 39 0 0 0 0 75 44 0 0 0 46 42 18 83 0 0 0 0 0 0 0 0 0 0 0 0
0 82 54 0 0 0 42 0 0 0 0 0 76 87 27 8 57 0 48 0 88 0 35 0 70 1 0 0 36 70
0 73 53 0 23 0 35 0 0 0 90 0 60 0 0 0 0 7 0 0 0 59 0 0 0 0 0 0 0 58
0 0 50 0 0 0 0 66 78 0 0 0 0 0 57 0 0 0 0 0 0 5 0 0 95 6 14 0 0 0
0 51 89 73 0 68 0 0 0 3 0 0 49 0 77 0 0 0 97 0 0 60 0 0 10 55 0 93 0 35
98 0 0 0 0 0 0 37 0 0 63 0 0 0 0 0 71 0 0 18 35 0 0 0 0 0 0 0 0 0
16 0 0 13 0 0 0 0 0 19 0 0 30 0 0 16 0 0 86 94 0 0 0 0 0 27 0 0 0 0
0 0 0 0 32 71 0 43 0 0 0 3 0 68 0 0 0 27 60 0 0 64 0 44 0 0 0 12 0 0
66 55 0 0 0 0 37 0 0 59 6 0 0 0 65 0 0 0 0 0 0 89 98 79 23 75 0 0 0 0
0 39 0 0 0 0 0 0 0 0 0 0 10 0 0 0 59 95 42 0 0 0 56 0 0 35 0 0 23 96
