0 62 81 0 93 0 80 0 0 0 0 0 0 0 0 0 0 50 0 9 0 93 0 0 0 88 0 56 0 0 0 0 0 0 0 45 0 74 0 0
0 7 0 5 82 15 44 0 0 48 44 31 0 52 67 0 0 0 0 0 0 26 61 0 0 0 0 97 0 0 33 96 31 0 81 0 0 25 69 31
0 5 0 0 0 0 0 0 26 0 0 9 0 0 1 0 0 56 0 66 0 54 0 80 0 23 0 0 0 0 65 0 0 19 0 0 0 4 0 0
0 0 0 0 0 0 50 0 0 0 32 81 89 0 29 0 0 44 44 54 0 0 0 0 0 0 0 0 44 0 0 0 0 0 0 90 8 0 0 15
42 0 0 11 75 0 58 0 92 0 0 0 29 0 0 11 22 0 80 0 0 0 7 11 0 29 63 0 0 0 89 93 14 0 97 0 34 0 0 0
38 0 0 88 0 0 0 71 0 76 49 0 0 0 93 0 0 0 0 59 0 0 0 0 0 0 52 0 0 0 0 0 0 70 0 0 0 0 0 0
0 0 66 0 0 0 0 40 0 40 0 0 42 0 0 26 91 53 0 0 0 0 0 0 0 0 0 0 0 0 0 0 0 0 0 2 0 13 0 86
0 0 96 38 0 0 0 0 0 0 0 0 38 0 28 0 0 0 50 97 0 65 0 0 0 0 0 90 33 44 0 64 0 25 28 0 72 0 68 0
0 0 0 0 34 32 0 0 0 22 81 73 22 33 92 0 0 40 0 0 0 0 53 0 0 0 60 6 0 0 0 0 0 44 0 0 0 56 0 0
0 0 0 0 14 0 13 0 53 0 0 0 0 0 0 0 0 42 15 0 56 0 41 0 38 19 62 0 78 0 21 0 0 0 0 0 0 29 0 0
