0 0 0 67 0 0 0 0 22 0 0 0 0 0 89 23 0 52 0 0
0 0 0 0 0 0 53 0 0 0 0 0 25 0 0 0 88 48 0 0
2 19 44 97 34 0 0 0 0 0 0 0 0 0 0 0 0 0 0 0
0 35 0 0 7 0 0 0 0 0 0 0 0 0 0 12 33 0 0 65
0 0 39 0 0 0 0 8 0 0 0 0 33 0 57 0 0 0 0 0
0 0 0 63 0 15 79 55 0 0 0 0 5 0 0 0 0 69 0 0
0 0 22 0 0 58 0 0 0 0 0 0 0 0 0 36 0 0 0 0
42 0 0 0 40 0 0 0 0 0 0 0 66 0 0 0 0 0 0 0
0 0 82 0 0 0 0 0 0 0 0 0 0 0 0 0 0 0 0 0
53 0 0 0 0 0 75 0 0 0 0 0 37 62 3 0 0 0 61 0
0 0 68 7 31 0 0 0 0 49 0 0 0 4 84 0 0 0 0 74
0 0 0 0 9 0 0 0 0 0 0 0 0 0 0 0 0 0 0 0
0 0 0 0 0 0 0 29 0 41 0 0 0 0 0 0 0 0 16 0
0 14 56 0 0 0 0 70 0 0 56 0 0 0 0 0 0 0 66 95
0 0 13 0 0 45 0 28 0 0 45 0 26 0 0 0 0 0 0 0
0 0 0 0 0 0 30 0 0 36 0 0 0 0 0 0 0 58 0 0
0 0 0 0 0 0 0 0 0 0 0 0 0 0 0 0 0 61 0 0
0 68 0 0 38 0 0 0 0 0 0 0 74 0 0 53 0 0 0 0
0 0 0 0 68 0 0 0 0 0 0 0 0 0 0 0 68 0 0 0
0 0 0 0 0 0 78 0 0 0 0 0 47 0 0 0 0 0 30 0
0 0 0 73 0 0 0 0 0 43 0 0 0 0 0 0 0 0 0 0
0 47 31 0 0 0 0 0 0 0 0 0 0 0 0 0 0 0 0 0
0 5 0 0 0 0 0 0 0 0 6 0 0 0 0 24 0 0 59 29
0 0 0 0 0 0 0 0 0 49 0 0 95 0 0 0 48 36 60 0
0 26 76 0 0 0 0 0 0 0 0 0 0 0 95 0 0 0 0 0
0 0 0 0 0 0 49 11 0 0 0 0 45 0 0 0 0 0 0 20
0 0 0 43 0 0 0 0 0 0 74 0 0 0 0 0 0 0 0 14
0 0 30 0 46 0 21 0 0 0 0 95 0 0 0 0 3 0 0 0
7 0 0 0 71 0 0 0 0 0 0 0 3 79 0 0 0 0 4 30
53 0 0 0 0 0 0 0 0 0 0 0 0 0 0 0 0 0 0 17
0 0 0 98 0 30 0 0 0 0 0 0 0 39 0 0 0 0 0 0
0 0 0 0 0 0 16 0 42 0 0 0 0 0 0 0 0 0 32 88
0 0 92 0 68 0 90 0 0 0 0 0 0 39 29 0 0 0 0 0
0 31 0 0 6 0 97 95 73 0 70 0 0 0 0 0 33 42 0 0
0 0 0 0 0 0 0 0 0 0 0 62 0 0 0 83 47 0 37 0
0 0 0 53 0 85 0 0 0 0 77 0 0 0 0 0 92 0 0 0
0 0 71 0 59 0 73 0 0 0 22 32 71 0 0 0 0 0 54 0
0 0 0 0 0 0 0 25 0 0 0 0 0 0 0 0 0 0 0 0
81 0 0 0 0 0 0 0 0 0 0 0 78 9 0 0 0 88 18 0
0 0 0 4 0 0 0 0 0 0 0 0 0 0 0 0 28 0 0 0
0 15 0 0 0 0 45 0 0 88 0 0 0 0 21 0 3 0 0 0
0 43 0 0 0 0 39 75 0 0 0 77 0 0 0 17 20 0 0 0
0 0 0 47 0 0 0 80 0 0 0 0 0 0 6 72 78 68 0 24
0 0 0 0 0 0 0 0 0 0 0 0 0 0 14 0 35 0 0 75
0 0 27 0 0 0 0 95 13 0 0 0 0 0 0 0 0 13 83 0
15 0 0 0 0 0 0 0 0 0 0 36 0 39 0 0 71 0 0 0
0 0 0 0 0 0 13 22 0 0 0 91 0 0 0 0 43 0 0 0
0 0 0 0 0 0 0 0 0 0 0 32 0 0 0 0 0 0 2 0
43 0 0 0 0 0 0 0 0 0 0 0 7 0 0 3 0 0 0 19
0 0 0 0 0 25 0 0 0 0 0 0 0 0 0 0 38 0 0 0
