0 67 34 0 0 0 0 93 0 0 0 0 0 5 8 0 0 57 30 37 0 0 0 0 21 82 0 27 73 0
0 0 0 0 0 0 0 0 0 0 0 0 57 0 0 0 0 0 0 0 0 0 0 57 20 0 72 0 0 0
0 0 0 0 0 0 0 0 12 63 0 75 0 0 21 71 0 0 81 97 0 66 0 0 41 0 60 0 0 0
0 0 0 61 0 31 0 0 0 0 0 6 0 0 0 0 0 0 92 0 68 0 9 0 0 0 0 0 0 72
0 0 23 0 0 0 0 38 0 45 76 4 0 67 15 54 0 0 94 0 0 0 0 0 0 86 45 20 0 0
85 0 0 18 87 0 0 91 33 6 58 0 0 0 0 4 1 0 0 0 0 32 12 0 3 0 0 34 99 0
48 0 98 0 0 0 30 58 72 0 0 0 0 96 50 0 97 0 0 73 0 0 0 0 33 0 49 0 23 25
0 0 0 0 0 37 0 0 0 16 24 0 0 0 0 0 0 0 0 0 0 0 89 0 63 0 0 7 0 0
2 27 0 2 0 0 82 0 52 0 0 0 0 0 42 0 0 11 0 79 0 90 0 76 0 0 0 73 64 0
0 56 0 0 0 0 72 0 22 0 36 0 85 0 0 0 22 0 0 0 0 0 0 79 0 0 0 0 43 0
