0 0 0 0 0 0 0 51 0 0 0 0 0 63 0 80 0 0 0 56 36 0 0 0 56 75 0 89 0 13 56 0 0 35 0 0 0 0 0 22 0 0 96 0 0 0 0 0 0 0
0 0 0 39 0 0 0 79 98 0 0 0 72 88 0 69 0 86 0 0 0 0 46 22 0 97 95 0 0 0 0 10 0 0 95 67 81 0 0 0 0 0 0 0 0 0 0 0 0 67
97 0 0 0 48 64 0 23 0 0 47 54 0 0 0 0 35 0 0 41 69 0 0 98 26 0 0 0 89 0 0 37 0 0 0 0 19 65 76 21 0 0 84 0 0 29 0 0 0 65
0 0 0 68 8 45 5 0 0 0 7 63 81 0 0 42 14 0 0 44 0 0 95 0 0 0 0 0 0 0 0 0 36 0 0 0 69 0 0 0 0 0 46 34 94 0 0 0 0 78
6 46 0 0 6 0 88 0 0 0 0 0 0 0 0 0 0 66 0 0 67 0 0 0 0 0 0 0 13 0 21 48 99 0 8 0 23 91 0 0 0 97 11 0 40 0 0 0 0 14
70 57 0 45 0 0 0 0 15 0 0 0 99 0 0 30 7 21 17 95 0 0 0 48 38 35 0 0 74 0 0 45 0 0 0 0 0 65 53 3 0 32 0 0 34 0 30 45 0 0
0 0 0 0 26 0 0 0 62 0 17 2 0 0 0 0 19 30 0 46 0 66 0 0 0 0 0 0 68 0 0 69 0 0 0 0 0 0 0 0 0 0 0 0 0 0 0 0 4 0
62 0 0 0 0 0 0 51 0 0 0 0 54 98 0 0 45 0 0 0 0 0 47 0 0 0 0 0 0 94 72 0 0 0 0 0 0 0 10 76 0 0 0 0 0 0 98 0 7 8
25 72 0 0 20 66 0 54 0 0 95 58 65 83 33 0 0 0 0 0 0 0 0 0 37 17 0 0 98 0 0 0 0 0 0 0 0 0 0 0 49 0 59 0 0 8 0 27 53 0
64 0 0 25 0 0 62 90 0 98 0 0 45 88 0 0 0 62 0 54 0 0 0 0 29 0 68 0 0 0 0 0 0 15 0 0 0 49 27 0 0 98 44 0 61 0 0 91 57 0
