80 0 61 0 0 71 0 0 37 0 0 0 58 94 0 0 44 0 0 0 0 0 0 0 60 0 0 26 0 0
53 43 0 22 0 76 82 0 98 0 0 0 0 0 0 0 0 14 0 0 0 0 0 80 0 34 0 0 89 0
0 0 99 96 0 19 0 26 81 64 0 0 0 80 71 0 53 24 85 0 65 12 0 0 0 0 73 82 0 0
99 0 0 0 0 0 64 57 0 0 0 40 19 0 0 0 0 0 0 71 0 17 84 11 15 79 18 45 16 0
0 47 0 0 2 0 0 37 40 0 0 0 0 85 49 15 59 18 0 14 0 0 57 0 0 0 14 0 0 0
0 0 0 56 53 60 0 0 0 0 0 0 0 8 0 0 33 0 0 0 46 0 54 0 0 0 0 6 0 0
18 0 0 0 0 54 0 0 0 0 0 26 0 19 0 0 0 0 0 15 0 56 0 0 0 60 0 0 0 0
0 0 0 40 0 0 0 0 0 17 0 0 0 0 60 0 0 18 59 0 99 0 74 0 0 0 52 0 2 42
0 0 0 0 0 39 0 0 4 0 57 0 0 96 0 0 9 15 0 0 0 0 99 25 11 0 0 8 0 61
9 0 99 0 0 54 0 0 0 98 0 0 43 0 0 0 0 0 0 0 44 0 0 0 0 0 0 0 71 0
0 0 0 0 72 0 0 0 0 58 0 0 65 95 0 48 0 54 0 0 35 57 0 0 35 69 75 33 0 0
0 87 0 0 72 44 0 0 0 0 0 38 26 0 0 0 0 71 0 0 0 55 0 28 55 0 0 11 0 0
0 0 34 0 0 60 0 0 0 0 42 0 0 0 0 0 0 0 0 14 0 0 0 0 65 0 0 0 71 0
0 0 0 0 0 0 0 24 69 66 0 0 93 0 0 37 0 0 0 0 64 75 0 0 52 56 0 0 0 36
0 55 0 0 44 52 57 0 0 95 32 0 0 81 55 0 0 0 0 0 48 0 0 0 65 0 0 0 28 0
51 0 38 0 0 27 0 0 65 0 45 0 0 0 0 0 0 0 0 0 0 0 0 74 25 0 0 0 28 0
0 74 0 0 77 1 0 0 23 0 0 0 47 75 0 37 0 0 14 0 0 0 0 28 0 26 4 0 0 0
0 0 0 0 0 64 0 0 0 26 56 46 0 0 92 5 0 0 0 69 0 94 0 0 0 0 0 41 89 0
0 0 0 0 0 87 0 0 1 23 0 0 49 0 0 47 30 25 82 0 0 0 26 94 0 0 0 56 0 41
0 0 19 98 35 0 0 0 74 27 0 0 0 0 0 0 0 68 90 0 97 11 0 80 0 0 0 0 0 0
0 48 0 0 0 0 0 0 61 24 0 0 0 61 49 0 0 0 59 0 0 0 0 86 27 0 0 4 0 0
0 26 0 0 0 84 14 0 0 0 0 0 45 0 0 0 0 0 0 27 0 0 0 0 0 0 0 47 0 0
0 0 0 0 0 0 0 0 61 0 0 90 0 62 0 0 41 0 0 0 0 0 54 4 0 0 0 0 0 0
0 73 0 0 74 15 0 49 0 34 0 50 0 16 0 80 0 0 0 76 40 0 0 0 78 0 61 22 9 54
65 0 0 0 0 0 33 0 5 25 0 0 0 75 0 9 8 0 0 0 0 21 32 76 0 0 48 94 0 0
93 0 0 0 41 0 0 0 0 32 80 0 67 19 21 32 63 0 0 0 28 0 89 0 49 40 0 84 0 93
0 0 12 0 0 43 45 0 0 0 0 0 0 0 28 84 0 0 93 99 0 33 45 0 0 0 0 0 0 0
0 0 0 0 31 0 82 0 0 10 0 0 0 0 0 0 0 0 9 55 94 0 0 0 0 0 90 61 0 71
0 0 40 0 1 30 0 0 0 0 0 0 77 14 0 0 0 0 92 0 0 0 22 0 0 0 0 42 0 10
0 0 0 0 0 0 0 0 0 33 74 85 0 69 0 0 70 0 0 0 0 0 0 66 0 0 43 29 12 25
0 51 0 0 0 0 0 0 0 0 0 77 0 0 0 15 0 0 0 61 0 0 99 0 0 0 0 0 0 0
98 56 0 0 0 55 0 87 0 52 81 0 0 0 33 0 0 0 88 0 0 29 70 0 0 0 0 0 0 68
0 0 0 0 0 14 26 0 0 3 0 0 0 11 71 0 0 0 0 0 0 0 0 46 0 0 51 0 10 0
0 52 0 54 5 0 0 21 0 47 44 0 0 41 0 0 29 0 0 37 0 67 0 0 0 52 4 44 0 0
0 0 57 0 23 0 0 0 0 16 0 0 0 0 0 0 0 0 72 31 0 0 0 37 0 0 0 56 90 0
85 23 0 0 68 0 0 0 0 0 0 0 0 15 0 29 0 62 0 0 0 0 0 0 82 0 18 47 96 0
0 0 0 0 0 70 0 0 0 0 0 49 0 0 0 0 0 0 0 0 32 0 0 0 60 0 19 75 0 0
4 85 0 83 49 79 0 0 0 0 23 0 0 52 40 28 21 0 49 0 0 32 0 0 0 0 0 0 0 0
0 0 0 0 0 0 0 0 12 0 0 0 0 0 0 0 0 19 13 0 0 0 41 27 0 0 0 58 0 38
3 0 0 0 73 0 0 0 0 0 72 16 0 0 0 0 0 43 8 0 0 0 26 0 0 83 84 0 44 0
