94 63 0 0 0 0 0 0 0 0 0 0 0 0 48 0 40 0 0 0 0 27 0 0 94 0 0 0 0 94 0 0 93 0 0 0 0 12 85 22 0 31 0 0 0 4 0 0 16 0
0 0 23 61 0 0 0 0 22 0 0 88 0 0 0 66 0 0 0 0 91 85 11 0 33 0 0 0 0 0 0 9 0 0 0 55 0 0 5 0 0 0 31 0 47 0 15 0 0 0
22 29 0 0 12 0 0 47 0 0 0 0 0 0 76 0 3 0 0 0 71 0 53 11 0 0 0 0 0 0 0 0 0 32 0 93 0 0 0 0 0 0 0 59 0 5 0 5 0 0
26 0 65 0 61 29 0 0 18 89 0 29 30 62 0 0 0 20 88 21 52 97 0 0 95 0 82 62 92 57 0 16 0 0 0 46 0 0 0 0 0 10 0 0 23 0 0 0 0 0
0 0 0 0 0 0 0 68 7 0 58 38 0 39 0 10 0 0 92 0 0 0 45 0 0 0 0 0 0 0 0 0 0 0 78 0 0 0 0 0 84 60 0 0 28 0 0 0 0 0
0 0 0 20 0 30 0 46 0 0 70 19 0 0 0 1 0 16 0 93 0 0 0 0 0 0 61 0 98 0 97 0 0 0 0 84 0 0 0 0 41 0 2 0 16 24 74 14 0 0
0 0 0 0 0 0 0 0 0 0 33 82 80 0 0 19 0 0 0 15 0 0 0 0 0 0 20 0 98 0 0 0 89 0 77 0 0 47 89 41 40 0 0 0 42 82 54 0 0 72
0 0 0 2 0 32 0 0 68 0 0 0 0 0 58 48 0 0 0 0 0 0 54 40 85 0 0 0 0 27 0 0 0 78 0 0 0 0 0 43 0 68 0 0 0 0 0 0 17 18
10 0 0 0 0 0 0 0 73 7 95 0 35 0 0 0 0 0 0 0 8 0 0 0 47 64 0 0 49 0 23 50 59 0 0 40 0 0 0 0 52 91 0 0 71 0 0 94 0 45
0 0 0 0 31 0 8 0 0 0 0 0 76 66 80 60 0 0 0 0 0 0 0 0 0 0 37 87 0 30 39 0 42 17 0 0 0 0 81 34 0 14 0 30 0 42 67 0 8 0
15 0 0 0 99 53 26 0 0 34 16 13 39 0 61 0 30 0 0 0 86 0 0 97 83 0 0 51 58 31 0 0 0 0 0 0 15 17 67 0 0 0 0 0 74 0 0 0 11 0
0 0 0 0 0 0 59 78 0 0 0 0 0 0 0 0 0 0 0 0 55 0 8 0 0 0 68 0 0 74 0 0 0 29 0 0 0 0 0 0 0 34 31 0 0 29 0 82 0 56
0 53 0 0 57 0 0 0 73 0 31 20 0 0 67 0 0 28 0 8 45 0 43 0 0 63 0 0 0 0 0 0 55 0 87 0 0 0 0 0 0 36 64 0 63 0 0 0 21 0
12 93 3 0 0 0 0 0 78 20 11 57 83 0 66 0 26 34 0 0 0 0 25 0 0 0 0 97 0 28 0 0 0 0 0 0 70 40 0 0 2 0 0 0 0 77 59 0 18 35
0 0 0 0 0 0 0 0 36 9 0 79 0 0 0 0 0 25 0 0 0 0 0 0 61 25 0 0 0 0 0 56 0 0 0 98 0 0 0 91 21 64 62 0 0 0 0 0 0 9
68 0 0 46 0 0 0 0 0 0 0 0 0 0 0 0 0 5 32 0 83 0 70 0 0 0 0 64 0 74 60 0 0 0 0 0 0 0 0 0 0 26 0 0 0 0 0 0 0 0
0 0 0 0 79 0 0 86 0 0 0 0 0 0 0 37 0 0 0 0 0 0 0 0 3 0 70 0 0 0 0 0 0 0 0 0 0 0 25 0 0 0 0 4 22 0 0 0 0 0
0 69 0 0 0 39 0 0 0 0 61 0 0 4 0 0 1 75 0 0 0 0 62 77 0 58 0 0 0 46 0 0 6 0 0 0 0 6 36 0 19 0 0 95 0 78 27 3 48 0
8 0 73 91 0 0 0 39 81 0 17 0 22 0 19 0 0 0 35 98 0 12 19 20 0 0 36 95 27 0 0 0 0 0 9 0 0 0 0 88 0 72 0 0 0 2 0 0 95 84
0 7 0 0 0 0 0 57 0 0 0 0 34 0 15 72 43 0 87 27 0 0 0 0 0 36 0 12 19 82 0 0 0 0 0 0 88 0 0 0 0 0 84 48 90 0 0 0 0 0
0 0 76 0 0 8 0 0 0 0 0 0 0 67 4 47 0 0 83 92 17 7 25 48 59 0 46 60 0 82 0 25 2 88 0 0 14 0 0 13 0 3 0 65 0 0 0 0 56 0
0 75 0 8 38 0 16 0 0 0 0 0 0 0 0 0 0 88 0 75 0 0 0 0 46 0 0 59 0 0 0 0 0 0 74 24 0 0 0 82 86 0 0 0 0 84 0 0 0 71
93 0 3 0 0 86 0 0 14 0 0 0 0 0 0 0 0 0 0 0 41 96 14 21 50 0 0 0 54 0 0 0 57 0 0 0 7 0 0 48 0 51 0 11 79 0 0 0 0 64
1 0 0 0 80 0 44 0 0 5 0 0 22 0 0 0 81 0 0 0 38 0 0 0 0 0 0 0 67 0 0 0 99 38 64 0 88 0 0 0 0 73 0 0 0 0 0 0 12 5
68 0 97 0 61 34 0 0 0 0 0 0 0 70 60 0 16 40 97 0 0 0 0 0 59 0 47 0 0 74 6 0 0 68 0 0 36 0 47 0 25 0 0 0 0 0 0 3 93 0
0 0 0 0 82 0 0 0 45 0 0 0 80 0 0 0 0 93 0 95 0 0 0 69 0 0 0 0 0 38 0 47 0 0 0 0 0 0 0 0 0 0 66 0 80 13 0 47 83 0
0 0 0 0 64 59 0 0 0 48 38 0 35 99 0 0 0 0 0 0 0 0 75 0 0 0 0 0 0 46 66 25 0 0 0 0 90 0 83 30 84 0 0 2 0 93 53 0 51 0
49 46 0 0 96 0 0 0 0 0 0 0 0 0 0 46 0 0 0 0 0 0 0 0 0 0 0 0 0 0 75 0 0 0 0 0 0 0 0 0 0 0 0 34 13 0 0 0 0 0
0 0 10 27 6 0 0 39 34 80 0 0 0 0 0 0 0 84 0 0 0 40 0 83 0 0 99 0 0 0 0 0 29 59 54 0 0 0 90 0 0 0 0 0 0 0 7 0 0 0
80 63 0 0 0 0 0 0 85 60 0 34 0 0 0 0 0 0 32 0 16 51 29 0 0 48 60 0 0 0 0 55 0 87 0 0 14 0 0 0 0 0 24 0 46 0 0 0 22 0
0 0 11 14 0 47 0 81 60 0 0 0 0 0 10 1 0 0 0 0 0 72 16 4 0 50 30 63 17 0 43 22 0 0 0 0 0 0 0 0 0 0 95 0 0 0 0 0 0 0
50 0 0 66 0 0 0 0 15 0 45 0 0 0 96 0 0 0 0 53 22 86 97 0 0 0 27 0 0 0 0 73 0 0 0 0 0 80 46 0 0 0 43 4 0 0 0 38 0 0
0 24 0 67 0 0 9 35 0 54 0 0 0 0 86 89 0 88 0 0 0 20 0 0 0 0 80 33 0 92 0 0 0 0 0 1 0 0 0 0 0 0 0 33 59 26 0 83 0 71
0 0 80 0 0 16 0 20 0 0 75 0 0 0 0 87 0 0 76 0 40 0 45 0 0 59 0 0 0 81 67 0 0 0 0 0 59 79 0 0 0 0 0 0 0 94 0 68 0 0
0 60 26 0 0 0 25 74 0 0 90 91 0 51 0 95 0 0 0 0 19 63 0 25 0 0 79 0 0 0 0 92 0 95 44 0 0 0 0 5 0 0 0 37 36 0 0 0 0 0
0 0 0 0 0 0 0 37 0 0 42 40 0 0 0 0 43 0 0 44 56 46 87 0 0 59 0 0 0 30 51 32 0 0 0 0 0 76 5 0 29 31 0 72 0 6 0 0 56 0
0 0 89 70 0 0 0 0 0 0 0 0 0 18 11 0 0 0 0 0 0 0 96 0 44 63 0 85 81 23 30 42 0 58 97 0 0 90 0 0 72 0 22 72 0 0 0 0 0 35
0 0 48 0 0 0 0 0 80 22 3 0 0 0 0 0 0 0 0 0 97 0 0 0 0 96 3 28 78 0 51 0 0 76 48 0 0 0 82 0 0 0 46 0 91 0 0 0 0 0
0 93 0 0 34 0 0 0 0 0 34 54 0 14 38 0 0 86 0 0 0 96 0 0 0 0 42 0 0 0 0 0 0 99 22 0 0 0 0 0 0 29 0 98 0 0 3 9 0 18
14 86 0 0 0 0 75 0 0 98 38 0 0 0 46 41 0 0 0 0 0 83 29 10 0 0 85 54 0 0 83 0 0 90 0 0 30 0 55 0 0 0 26 0 53 0 0 0 0 0
0 0 0 0 57 0 0 0 0 0 0 39 85 0 0 9 0 0 0 99 0 94 0 0 0 0 0 0 0 0 0 11 3 0 0 58 17 2 98 8 0 0 13 0 0 46 0 0 0 0
0 25 43 0 0 0 15 0 0 24 0 0 0 83 0 0 0 0 82 0 43 0 0 0 0 21 59 0 0 0 74 11 0 59 0 0 79 0 83 0 0 55 2 0 0 0 0 0 33 0
0 81 14 0 0 42 0 31 95 84 85 0 0 0 0 0 54 0 0 0 0 0 0 25 0 0 49 0 0 0 0 0 51 0 0 0 2 0 40 0 0 80 0 10 0 45 0 53 0 6
64 0 0 0 0 0 0 37 85 0 0 0 0 0 78 94 25 0 4 0 0 0 41 0 0 0 0 0 8 0 0 0 88 0 76 0 0 6 0 0 0 0 6 64 69 5 0 95 0 37
0 0 74 85 0 88 0 0 22 0 54 0 0 0 0 11 0 0 0 28 0 91 0 51 0 0 0 0 0 0 79 0 0 0 5 51 0 0 0 20 0 6 79 0 0 92 40 0 0 0
0 0 0 38 0 0 0 69 0 0 40 94 0 0 0 0 0 0 0 0 0 0 0 0 0 47 22 0 0 0 38 33 86 45 0 0 59 0 0 0 0 0 14 52 0 53 0 69 0 0
0 78 0 0 77 21 0 30 0 90 81 17 0 0 61 0 0 86 0 0 32 0 55 0 0 0 10 0 0 0 0 0 21 19 22 0 0 0 76 0 0 0 0 0 0 8 0 0 25 11
0 0 0 0 57 0 98 0 0 20 0 0 0 37 0 0 23 0 0 86 61 0 0 0 0 82 13 0 55 0 90 0 0 45 0 46 49 0 8 0 69 0 0 0 0 0 76 87 83 0
0 49 47 0 79 0 0 28 92 0 0 50 24 0 0 0 0 0 0 0 3 39 0 0 95 99 25 0 0 0 0 0 16 39 0 0 0 0 0 0 84 0 0 0 0 18 0 10 0 0
0 0 31 77 0 66 35 0 0 2 0 98 0 0 63 0 0 0 0 0 0 0 0 18 39 0 63 0 81 0 42 0 32 0 0 0 0 58 0 0 48 0 69 0 0 0 60 31 0 0
