0 81 0 0 0 0 18 67 87 0 48 67 0 0 0 0 46 27 0 12 68 37 0 0 17 0 84 0 0 0 11 0 0 0 0 0 36 35 67 0
0 0 0 0 0 0 84 87 71 0 0 0 50 0 0 74 0 24 16 29 0 0 0 0 0 33 0 0 19 0 19 3 60 36 0 0 0 0 37 0
61 0 0 93 0 0 33 25 37 0 0 33 82 80 0 0 0 64 68 61 67 60 0 0 70 0 0 16 0 27 0 0 0 0 0 0 78 99 0 0
90 82 93 0 0 0 0 0 0 59 0 0 0 0 0 82 0 0 0 86 0 0 0 72 0 65 0 0 0 90 0 0 0 50 1 0 92 0 0 0
0 43 6 0 28 0 34 0 97 0 0 18 0 22 0 0 47 0 0 52 0 0 0 0 15 0 0 3 0 0 68 0 0 28 25 0 23 0 0 46
26 0 0 0 84 68 71 0 0 41 87 0 72 0 0 0 0 56 0 11 36 88 0 52 0 0 23 49 0 0 84 0 0 68 52 53 0 59 0 78
0 0 0 0 19 0 0 0 39 0 32 0 0 0 25 78 0 19 0 0 76 0 24 0 46 0 0 0 97 56 0 53 37 0 0 0 68 11 0 0
12 0 0 64 0 0 0 0 31 0 12 0 0 93 0 0 4 0 0 0 66 0 0 0 0 0 0 30 0 0 53 0 0 91 50 98 58 0 0 0
72 0 0 0 0 0 13 0 0 81 0 0 65 0 0 0 0 0 96 0 0 16 2 0 0 0 1 0 0 77 0 0 0 0 1 0 4 94 98 88
0 0 0 0 61 60 0 0 0 0 0 66 0 0 84 0 0 0 0 74 0 0 97 53 0 0 61 0 49 0 0 0 41 81 0 0 0 0 19 0
0 0 0 52 0 0 0 0 0 25 0 0 0 83 0 0 0 51 0 0 0 6 0 0 0 0 0 50 0 0 0 13 0 0 37 0 0 0 4 0
0 50 62 98 0 0 0 0 78 0 47 0 0 0 0 0 37 0 26 0 67 0 77 85 0 48 0 29 83 59 0 0 98 0 0 0 0 0 0 0
94 0 1 0 0 0 35 0 16 19 0 0 0 0 9 0 0 0 0 0 99 0 0 0 0 34 0 0 0 97 25 99 24 37 57 0 14 0 83 0
64 0 57 0 0 0 73 87 40 26 0 0 3 0 0 0 0 25 0 0 0 14 0 0 0 0 0 0 0 0 0 0 21 0 0 0 0 0 74 84
56 0 0 0 74 59 0 0 22 0 44 0 0 0 0 0 13 0 0 0 8 61 0 0 0 0 68 0 33 0 27 72 0 0 49 5 0 0 0 35
0 80 49 0 97 58 0 0 0 0 80 7 0 95 68 0 0 0 0 0 6 0 76 0 15 0 42 0 0 0 0 0 0 0 68 32 0 62 0 0
0 0 0 0 0 0 0 0 0 0 0 0 0 96 0 0 0 0 84 41 10 0 0 52 91 0 69 0 0 0 0 0 85 0 16 0 0 0 0 0
30 61 51 0 76 0 1 0 0 0 0 0 0 28 37 0 0 0 0 48 0 48 0 0 79 0 0 0 0 0 0 0 3 0 0 22 0 0 0 0
0 0 0 0 22 0 0 0 0 0 0 0 77 0 74 0 0 0 0 0 0 0 0 0 0 0 0 0 0 92 0 0 0 45 0 0 0 0 0 0
0 22 0 89 0 0 0 51 0 0 21 0 0 0 0 0 0 0 78 16 0 93 0 1 0 5 15 0 86 0 0 0 0 77 43 0 0 0 0 57
0 0 0 17 0 70 0 0 0 69 0 0 0 15 0 0 0 26 28 74 80 0 25 0 0 0 65 0 25 0 0 0 0 0 0 25 0 0 69 0
0 0 0 42 86 62 0 0 0 0 0 0 90 0 0 0 0 72 0 0 69 0 0 6 0 0 0 58 0 0 0 46 0 0 89 0 0 0 0 0
82 0 0 99 0 0 0 0 0 0 0 68 0 0 63 0 0 0 0 93 36 0 0 15 0 0 0 35 0 48 0 0 35 0 2 68 0 0 0 0
0 9 0 5 0 0 0 0 18 0 91 68 0 0 0 0 76 0 0 0 0 0 90 0 0 0 13 0 0 0 0 0 0 0 89 0 21 0 0 25
25 0 30 6 0 0 0 0 0 0 0 0 0 36 0 0 0 0 49 31 0 0 0 0 0 16 0 0 0 0 0 84 0 0 0 0 0 0 0 0
50 0 0 0 13 87 57 0 35 0 34 0 99 0 0 0 0 0 0 84 0 0 63 0 12 50 0 90 0 0 0 58 0 0 0 0 0 53 0 0
0 0 0 0 0 7 2 0 0 62 28 14 0 0 0 0 0 0 0 0 69 0 6 0 15 0 0 0 27 0 0 60 79 0 56 0 0 0 0 0
0 0 4 86 48 0 0 17 0 0 21 0 0 0 0 0 0 0 54 9 45 0 0 0 0 0 0 0 0 0 0 0 37 32 24 0 0 94 30 0
0 0 53 0 0 29 0 0 79 0 0 0 0 0 75 0 42 0 0 0 11 25 0 0 0 0 40 0 0 0 57 34 0 0 0 0 0 0 0 94
10 0 0 16 0 0 37 93 0 79 31 0 54 0 93 0 0 0 0 0 0 34 0 21 0 0 0 0 0 0 65 0 0 0 0 61 0 41 0 15
0 0 0 62 0 50 0 13 0 0 0 0 18 0 0 88 21 38 0 0 0 92 0 0 31 0 0 0 0 36 0 0 0 98 0 82 0 56 83 77
0 0 0 24 89 0 0 29 0 0 0 0 0 0 0 0 0 0 0 60 65 0 0 0 0 0 0 59 0 0 0 0 0 0 0 0 0 0 0 13
0 92 0 98 0 0 19 0 34 90 0 0 26 47 0 0 1 0 0 0 0 0 94 86 46 48 0 0 0 0 0 0 0 19 0 0 0 0 0 0
0 0 0 29 0 0 0 41 73 31 0 78 0 0 0 0 43 15 0 38 72 0 0 0 76 98 38 0 48 0 0 0 49 0 67 67 0 0 86 61
0 0 23 0 0 5 0 0 0 91 0 0 74 13 75 0 95 0 3 73 0 4 0 77 20 0 0 0 0 80 0 51 0 0 0 0 0 60 0 66
14 0 50 53 81 44 0 0 0 0 0 0 0 78 0 0 0 0 0 0 0 0 89 45 0 0 0 0 82 0 0 0 0 0 0 0 0 7 0 0
51 0 88 0 0 0 0 0 0 0 0 18 0 0 11 0 97 93 0 45 0 0 56 0 0 0 0 0 0 0 18 0 0 0 0 0 42 0 0 0
0 53 0 0 54 0 0 6 0 20 0 0 0 80 0 0 0 13 0 0 36 0 0 0 0 0 0 0 0 0 0 0 0 0 88 47 0 0 49 54
0 0 0 0 40 51 0 61 0 0 79 0 0 95 0 0 0 77 89 0 14 60 38 54 75 0 0 0 0 31 40 0 0 0 59 21 0 66 0 0
5 0 0 0 0 0 0 88 0 67 0 23 0 80 83 0 94 0 0 0 99 0 0 73 59 0 4 0 0 1 0 0 9 55 50 59 0 79 0 0
