85 0 0 0 0 0 20 0 0 0 0 0 0 0 0 0 0 0 16 0
9 0 0 80 0 0 0 0 0 0 0 0 0 0 0 0 0 0 0 80
0 0 0 0 0 0 8 0 0 40 36 44 0 0 0 81 0 0 85 98
0 0 43 75 0 0 0 9 0 0 0 0 30 83 0 0 28 0 0 37
98 0 81 0 0 48 0 0 0 0 0 80 0 0 0 76 0 0 35 82
0 0 31 24 0 0 0 0 0 0 0 0 0 21 65 47 36 0 0 0
0 0 0 89 0 0 4 0 69 0 0 0 0 0 0 0 0 0 37 93
0 69 97 0 66 0 12 46 0 94 0 0 32 0 64 92 62 0 0 74
17 0 20 0 0 0 88 0 0 0 73 0 0 73 17 0 23 0 12 0
0 0 0 0 63 0 0 0 44 0 0 45 0 0 0 76 0 0 0 0
35 80 0 0 45 0 0 0 0 0 0 0 0 0 0 80 0 32 0 71
0 0 0 0 71 13 0 0 0 0 0 0 0 77 10 0 0 0 0 79
0 0 43 0 0 0 0 0 25 27 0 37 0 13 0 0 1 0 0 84
0 28 1 0 73 0 0 15 30 0 0 0 0 0 38 0 97 93 62 0
36 42 0 0 0 0 0 0 23 0 0 0 0 0 21 0 0 0 0 96
0 0 31 90 42 0 0 57 0 14 0 0 0 35 69 0 0 0 0 0
0 0 0 30 9 0 0 0 38 0 0 0 0 77 0 75 53 0 0 26
93 75 0 66 15 41 14 77 0 8 51 28 0 83 0 0 34 0 0 25
6 0 0 0 0 0 0 69 0 0 44 0 0 0 0 0 55 56 28 0
62 0 66 0 68 0 0 0 0 21 0 60 0 0 0 0 0 41 0 0
0 8 0 0 56 0 0 56 72 57 0 0 0 0 0 0 62 0 0 0
0 0 58 0 0 59 0 0 11 0 0 0 0 0 0 0 0 0 0 63
57 0 0 0 89 20 44 0 0 22 47 81 45 0 78 0 0 0 0 84
86 0 0 23 0 73 0 0 0 0 60 0 0 0 0 0 0 2 0 0
0 0 10 0 98 0 0 0 0 0 0 68 27 0 0 0 8 0 0 39
0 0 37 0 0 0 86 0 0 0 0 0 0 0 74 0 0 0 40 0
0 0 0 0 0 0 0 28 27 0 21 98 72 0 0 89 0 0 59 0
0 0 0 73 0 0 0 0 0 0 0 35 53 0 0 0 65 56 0 44
55 0 97 0 0 0 0 0 0 26 90 62 0 0 77 0 22 0 0 0
39 0 63 43 49 0 38 0 31 0 0 0 16 24 8 0 0 92 0 93
