0 0 0 80 0 0 39 0 0 0
0 0 0 0 55 62 0 0 0 29
32 0 0 0 0 0 0 0 0 46
0 0 0 0 23 78 0 98 54 0
0 0 0 49 1 65 26 93 0 67
0 16 0 2 0 2 0 0 63 0
42 0 0 0 0 0 0 0 0 0
0 0 88 0 0 92 0 0 0 9
0 49 65 0 0 90 0 59 0 81
0 52 0 73 0 48 0 0 0 0
0 0 0 53 0 0 16 0 0 50
63 0 0 84 0 0 0 41 0 0
0 0 3 0 0 0 0 0 71 0
0 0 15 0 51 0 0 0 0 0
6 0 0 36 0 0 0 0 81 0
0 0 0 75 0 0 0 0 0 0
0 27 0 0 0 86 0 74 0 0
0 0 93 23 61 39 0 0 0 0
0 0 0 0 97 0 35 53 0 30
61 0 55 0 49 11 59 59 0 37
18 0 0 67 0 0 66 0 0 0
0 0 0 0 4 83 74 8 59 0
0 17 0 0 50 0 0 0 0 0
0 29 66 0 0 0 0 0 0 0
0 0 0 90 47 0 0 0 0 0
69 0 0 0 0 0 0 0 0 0
0 0 89 72 59 77 0 52 0 66
0 0 0 0 0 51 7 95 0 14
16 93 21 0 56 76 0 0 0 0
0 78 0 0 0 0 0 0 0 0
0 49 52 5 0 0 48 0 13 0
0 0 93 0 0 17 99 66 0 0
0 83 86 0 73 2 56 0 17 0
0 0 0 0 5 28 0 0 0 0
0 0 0 65 65 64 7 0 0 0
0 0 0 25 23 17 72 0 74 0
0 0 46 71 0 0 65 0 65 0
32 56 0 0 0 0 61 0 0 32
36 0 0 0 55 12 0 0 75 23
0 78 38 0 0 0 0 0 0 0
0 0 0 11 0 1 0 0 0 0
0 0 0 0 0 0 0 77 0 66
0 12 0 0 18 0 70 0 0 0
0 0 0 16 0 0 0 34 78 0
0 46 0 0 0 13 0 0 0 0
0 11 0 55 3 0 0 21 0 0
0 56 58 25 54 0 0 0 0 0
0 0 0 0 0 0 0 2 30 0
0 83 0 0 0 0 0 41 19 0
0 0 14 0 99 0 0 96 0 95
