57 0 0 13 89 71 20 73 0 0 97 0 0 33 0 47 0 0 46 0 0 0 0 25 0 0 0 0 0 0
0 0 0 0 0 57 0 86 0 42 56 52 32 0 0 54 0 0 0 0 53 75 0 33 0 0 0 0 0 0
11 0 0 0 58 0 0 0 79 0 0 52 0 0 0 0 48 90 0 0 0 0 21 0 0 0 45 30 96 0
98 40 0 49 38 0 0 0 66 0 0 0 29 0 0 0 0 0 67 0 35 39 0 0 0 29 0 0 0 0
0 87 54 94 0 0 1 0 0 79 96 0 7 0 26 0 51 0 75 0 1 48 0 0 92 0 0 25 96 0
81 0 17 0 0 0 0 0 0 9 15 84 0 33 0 0 90 0 13 4 0 0 0 0 73 12 73 0 0 0
91 0 0 0 0 0 0 0 0 0 0 0 0 0 0 96 0 0 0 0 65 0 9 57 0 49 0 73 66 0
25 1 0 0 0 0 91 0 0 0 0 0 59 0 0 0 0 97 0 0 0 73 0 0 58 0 0 0 12 12
0 0 0 0 0 30 0 0 0 0 0 0 0 0 18 0 0 0 0 36 92 48 0 0 44 44 37 0 0 50
0 0 93 0 0 0 0 77 0 0 0 0 64 0 0 0 94 47 0 0 0 0 0 0 0 0 0 0 24 0
