10 54 0 0 0 0 98 91 0 82 0 0 11 0 9 62 0 0 0 0
0 0 65 0 14 0 0 62 38 0 15 16 0 0 37 86 0 0 0 0
0 81 0 90 0 31 0 0 0 0 0 0 0 41 0 0 0 0 0 0
0 56 4 90 0 0 89 0 0 0 0 6 0 0 0 0 0 0 0 0
0 0 0 0 0 0 0 8 0 0 0 0 0 46 0 0 0 26 0 0
0 77 28 0 89 0 0 0 0 83 0 42 0 14 0 0 14 3 0 0
18 0 0 0 86 0 0 0 0 0 0 0 71 0 0 74 0 0 0 0
0 0 32 38 0 0 0 24 0 0 0 0 8 65 0 60 0 0 0 0
85 0 0 73 86 8 0 0 0 0 0 75 0 0 8 28 0 0 0 0
0 0 0 0 0 0 0 49 0 0 41 0 51 3 0 0 0 0 0 67
0 0 0 22 90 0 0 0 0 0 0 0 0 0 0 0 0 0 45 0
85 53 63 0 90 0 0 0 65 0 0 0 0 20 0 70 0 0 0 0
0 0 0 26 43 0 97 0 0 0 0 0 0 0 28 0 0 0 0 0
0 0 0 0 0 0 0 0 0 0 0 0 16 0 29 57 0 57 10 0
0 28 0 0 0 53 0 0 83 0 73 0 0 0 89 0 0 21 0 0
0 0 0 0 0 0 78 76 82 0 0 85 0 42 0 0 0 0 0 53
0 77 15 0 0 67 0 0 0 0 0 0 0 0 0 0 0 87 0 0
0 0 93 0 0 65 29 0 0 0 0 14 0 0 84 32 0 64 0 0
0 0 0 68 0 0 72 7 0 81 0 24 0 4 34 0 0 0 0 0
0 0 0 0 26 0 0 43 0 48 0 0 0 0 0 0 0 0 45 87
0 0 0 0 4 0 0 66 0 0 0 0 0 0 0 90 0 0 60 0
24 75 0 63 0 24 0 12 0 31 0 0 77 0 0 0 0 21 13 0
0 0 0 0 0 0 0 0 0 0 0 0 0 0 0 0 62 0 0 10
0 25 33 0 0 0 0 88 0 71 0 55 0 56 0 41 0 0 86 0
0 0 0 0 17 0 0 86 0 0 0 0 94 0 3 0 9 18 0 21
36 0 0 0 8 0 0 52 0 40 39 0 0 0 0 82 27 0 0 0
0 31 28 74 0 0 0 33 63 29 0 78 2 0 0 0 62 84 19 0
24 0 0 23 0 0 54 29 0 42 0 75 0 4 0 58 0 33 0 0
72 0 0 0 41 0 0 15 94 0 23 0 31 0 6 0 0 67 0 0
31 97 0 0 0 0 0 39 0 0 7 0 0 0 0 33 32 0 99 0
0 56 77 0 0 0 0 53 0 2 0 0 57 0 0 6 0 83 0 0
0 52 0 0 0 0 0 0 0 37 0 0 28 97 0 0 0 0 0 12
0 0 44 0 0 0 5 57 0 0 0 0 0 35 0 0 0 0 0 0
0 0 0 92 60 0 0 0 32 0 99 0 27 0 70 94 0 9 0 0
0 0 20 0 0 0 8 0 0 10 51 8 0 0 0 0 0 0 0 0
0 0 0 0 0 0 0 7 75 0 0 75 12 0 0 0 0 82 0 12
0 0 86 0 0 73 8 0 0 13 0 95 0 0 67 81 0 0 0 90
0 0 73 0 0 0 0 87 0 0 0 58 21 0 0 54 0 87 0 0
0 0 0 0 40 0 45 53 0 0 66 0 0 0 0 0 59 0 27 0
0 2 8 0 0 0 4 0 0 24 0 0 0 95 88 66 0 0 80 49
0 0 88 95 0 0 0 0 0 34 58 0 0 0 76 0 0 0 57 7
0 42 0 91 0 0 0 99 0 0 0 93 40 0 0 0 78 0 17 83
78 4 74 0 0 0 0 0 0 0 0 0 0 77 71 0 0 4 0 0
0 0 0 31 23 0 0 31 75 0 46 31 0 0 48 0 0 0 0 0
0 70 0 0 26 46 70 0 83 16 4 4 0 0 0 0 0 75 71 0
37 67 0 75 0 0 93 51 0 77 0 0 0 0 0 15 0 0 0 0
20 19 76 0 59 0 0 0 0 61 69 0 10 20 31 0 82 33 0 0
0 0 0 0 0 27 0 87 26 0 0 0 0 75 60 0 46 0 0 43
0 0 0 0 88 10 0 70 30 66 0 54 0 0 14 29 34 0 63 0
34 0 0 0 0 0 70 0 0 56 61 12 0 52 33 0 4 0 0 40
