0 0 0 0 69 0 0 0 0 0
22 0 0 29 0 0 89 55 0 71
0 0 0 0 0 77 0 11 0 0
0 0 0 0 0 0 0 45 0 64
0 0 0 0 0 0 0 0 0 0
0 85 0 0 0 57 0 0 0 0
0 6 0 0 0 85 0 18 0 0
0 0 0 0 0 0 0 0 0 0
0 0 0 0 0 0 0 0 0 0
83 0 0 0 0 0 0 0 0 0
0 0 0 0 0 0 0 0 41 0
0 29 0 0 93 0 62 0 0 0
0 31 0 0 0 0 73 9 0 0
0 0 0 48 0 20 37 0 0 0
0 0 0 38 37 0 45 0 0 91
0 0 0 0 0 0 32 94 0 0
0 0 60 0 0 0 0 7 0 0
0 0 0 0 0 33 0 0 0 0
0 0 0 59 0 0 0 0 0 0
0 0 0 0 0 0 0 44 0 0
0 0 0 98 0 0 0 0 87 0
0 58 0 0 0 0 0 0 86 92
73 83 0 71 0 0 12 0 55 0
48 0 0 0 0 0 0 0 0 0
77 0 0 0 79 37 0 0 65 0
0 0 0 0 0 0 0 0 0 24
25 48 0 0 0 0 0 0 52 0
0 0 0 0 0 0 58 0 69 0
88 0 0 0 0 0 0 0 0 70
0 0 0 0 0 0 0 0 0 0
