0 0 0 0 0 0 48 0 7 44 0 0 71 0 0 0 0 0 0 0 0 0 75 0 29 19 0 46 9 0 0 0 0 0 0 0 52 0 0 0
0 0 0 0 46 0 65 63 0 0 0 0 39 0 0 0 0 0 0 0 96 57 93 0 32 0 12 0 0 0 0 0 0 0 0 0 0 0 0 0
0 0 0 86 0 0 0 0 0 0 0 0 29 0 47 77 71 0 0 0 0 0 0 0 0 0 42 0 0 85 0 0 0 9 0 0 0 0 76 34
0 0 0 0 88 46 92 0 0 0 0 0 17 0 87 0 0 0 0 0 49 14 0 0 0 0 0 0 21 0 0 0 0 0 0 0 0 0 0 0
0 0 0 0 0 0 0 0 0 0 0 3 58 15 66 42 27 0 30 0 6 23 28 46 0 0 0 0 0 0 0 0 0 0 0 0 0 0 0 0
0 25 0 75 0 0 12 85 0 0 0 46 72 0 0 0 0 0 28 42 0 0 0 0 0 72 0 0 30 0 0 0 97 44 0 0 0 0 0 0
0 0 0 0 0 0 0 0 0 36 0 51 0 59 0 0 69 0 0 0 0 0 0 0 0 0 78 0 0 0 0 0 0 0 0 0 0 0 0 0
8 0 0 0 11 0 0 32 20 0 0 0 0 0 0 0 0 0 0 0 0 0 0 14 71 80 0 0 0 0 0 0 0 0 0 0 53 0 0 0
66 57 0 45 0 0 84 21 0 0 0 0 0 0 0 87 0 0 0 0 0 7 0 0 0 83 0 60 0 30 0 0 0 0 0 6 20 0 96 0
89 0 0 0 0 0 22 0 0 8 0 0 45 0 0 56 0 0 0 0 46 37 0 17 0 62 0 0 22 0 0 0 0 32 0 91 0 0 25 0
