5 39 0 1 0 1 0 0 88 0 0 68 0 0 0 94 0 7 20 43 67 98 71 44 61 0 30 0 0 0 0 47 0 0 39 0 51 0 93 0 70 0 0 0 0 88 0 0 59 0
0 43 0 74 61 0 0 0 0 0 0 0 0 38 0 0 0 0 0 37 0 0 0 27 47 69 0 0 0 0 37 0 0 0 0 0 80 0 97 0 83 0 74 0 33 0 0 91 0 0
0 0 0 0 0 51 0 0 0 0 0 0 0 51 0 96 0 0 0 0 0 0 0 0 91 0 58 21 22 0 0 44 0 0 44 49 34 57 78 0 20 58 17 0 0 65 99 19 21 63
0 0 62 0 27 62 0 0 0 71 0 53 0 39 0 1 0 0 0 0 0 63 87 3 0 0 0 20 0 0 31 0 0 36 45 0 98 0 68 0 0 0 93 0 0 0 0 0 0 0
0 0 14 0 0 0 99 0 0 0 0 0 0 0 40 0 0 32 0 0 0 12 98 0 0 87 89 26 0 48 0 60 0 98 0 0 0 0 0 0 0 54 0 0 0 97 32 13 0 0
0 0 0 0 33 0 0 0 0 24 1 16 24 6 54 90 0 0 0 0 0 4 0 0 0 0 0 93 0 0 0 0 34 57 0 0 76 0 32 76 0 91 0 64 0 63 0 15 0 0
0 0 10 0 6 0 84 0 0 52 0 0 0 0 4 0 70 0 0 57 0 0 86 92 0 62 66 26 0 67 0 0 82 0 0 99 0 0 14 0 58 0 21 16 55 0 2 0 50 0
39 86 83 0 23 0 0 0 44 69 7 0 0 0 0 0 0 0 0 0 0 0 44 0 0 22 0 5 0 0 0 0 33 0 11 0 0 0 0 0 0 0 0 0 0 0 67 0 0 37
0 0 0 97 0 0 0 3 0 0 0 0 0 0 0 0 0 0 77 0 0 0 0 0 45 0 0 0 25 0 0 50 0 89 0 0 0 0 0 97 57 32 0 47 0 0 0 0 0 0
0 0 0 0 0 0 0 0 0 0 87 8 10 96 0 62 0 0 0 34 0 25 0 30 0 0 0 0 0 13 0 0 0 43 0 76 27 80 44 0 0 0 0 0 99 0 98 0 47 0
0 0 0 0 0 0 0 30 0 0 0 36 0 3 0 0 0 0 81 0 82 0 0 0 46 0 0 0 0 75 0 0 0 0 16 66 0 51 0 0 0 63 82 66 30 0 33 0 26 22
0 0 67 0 0 0 30 0 0 0 57 0 0 8 0 0 0 0 0 45 0 0 56 0 51 0 0 0 0 0 0 0 32 63 61 0 75 96 23 0 12 0 0 0 0 71 0 60 72 0
20 0 0 39 0 0 0 78 0 15 0 0 0 0 0 0 0 0 0 0 0 0 0 0 0 0 3 0 60 25 30 32 0 65 0 85 0 0 0 5 0 0 10 33 0 0 72 0 0 0
0 0 0 0 22 44 0 0 14 0 0 88 23 0 0 0 0 0 44 0 0 0 0 0 0 0 0 0 0 0 0 94 0 0 0 16 0 22 45 0 62 0 0 0 32 0 0 47 0 0
44 0 0 0 0 5 85 0 0 56 0 0 0 0 0 0 37 1 0 0 12 0 0 0 80 0 0 0 0 0 51 0 0 0 73 29 0 0 0 0 0 0 0 39 0 31 2 0 0 63
0 0 30 29 0 26 0 42 25 0 34 0 0 16 62 69 11 2 77 0 0 0 0 54 0 0 19 0 44 18 0 0 95 19 0 69 0 92 81 0 1 0 0 16 0 0 0 0 78 0
0 0 0 0 0 0 58 0 0 0 0 0 0 79 0 0 0 0 18 0 0 8 26 0 0 72 0 0 0 71 51 0 0 0 0 0 0 12 0 0 5 24 0 36 79 0 0 0 0 0
0 0 91 51 0 0 0 0 0 0 0 17 0 0 0 0 39 0 0 0 0 0 15 96 3 0 33 0 0 0 0 70 17 0 0 0 93 0 0 0 0 0 0 0 0 45 0 0 0 0
45 0 0 0 0 0 0 0 23 0 0 75 0 0 0 0 0 54 0 27 0 0 0 71 41 0 0 0 0 0 63 0 0 44 42 0 0 0 68 68 0 0 59 90 0 0 0 95 90 0
56 0 99 0 79 0 0 0 0 85 0 59 18 0 0 30 70 52 0 58 0 0 0 0 0 0 0 69 0 0 0 0 63 0 0 83 0 35 0 0 0 0 0 34 0 0 0 0 0 0
