61 8 0 0 0 0 0 14 87 0 63 29 0 50 18 70 0 0 65 82 0 85 52 0 67 0 0 0 0 0
7 0 0 47 0 0 0 0 78 0 0 0 0 51 0 0 0 0 92 0 0 0 0 0 33 0 0 0 0 81
0 0 0 0 0 0 0 0 26 0 0 0 0 91 0 0 0 0 37 0 0 0 0 0 0 90 0 20 0 55
0 0 0 0 3 0 63 37 0 0 58 0 0 24 0 0 73 0 0 0 0 0 67 11 0 15 86 0 0 0
0 66 24 0 0 0 0 0 0 95 0 6 21 42 0 17 0 0 76 0 0 0 0 0 0 0 0 0 0 98
0 0 34 65 0 0 0 0 0 76 72 0 0 0 0 0 69 0 0 0 64 0 0 5 62 47 0 0 0 0
0 0 0 0 0 0 60 0 0 5 0 0 40 91 3 0 0 0 24 0 0 0 3 0 0 62 0 0 95 54
5 0 0 72 58 39 67 48 0 36 0 0 50 0 45 0 0 44 0 0 68 44 54 85 0 0 0 0 0 0
97 0 1 0 0 0 26 0 0 0 49 0 95 0 60 0 0 0 98 0 0 0 0 29 0 0 21 0 0 0
0 27 0 0 43 0 0 61 26 0 0 83 40 0 4 67 0 0 60 0 0 0 0 0 0 87 47 6 0 0
