71 0 0 18 0 0 0 25 0 0 0 0 81 2 4 76 0 54 94 0
0 0 0 0 90 0 0 0 26 0 0 79 0 0 0 59 32 94 0 0
0 0 0 0 0 58 0 0 69 4 0 0 0 0 0 23 0 0 0 70
0 0 0 20 0 0 0 0 81 0 0 0 0 0 0 0 46 0 88 0
90 0 31 0 0 0 0 0 0 0 41 0 49 87 0 0 62 43 0 82
35 0 0 14 5 0 81 0 0 0 61 0 0 0 28 0 35 0 0 0
99 0 0 0 0 20 0 0 40 58 34 0 0 0 0 0 0 0 16 0
76 20 0 45 0 0 0 0 0 0 0 0 8 0 0 48 89 57 46 84
0 0 0 23 98 0 64 17 0 0 0 0 0 0 0 76 0 0 0 0
7 84 78 0 0 0 0 0 0 0 0 0 0 35 46 0 0 0 0 0
0 52 88 0 0 22 18 58 0 0 98 0 6 91 0 11 0 0 0 0
0 0 0 0 0 45 0 0 0 66 0 0 0 0 0 0 0 0 0 62
0 0 0 0 36 0 37 0 0 0 0 0 0 90 0 0 0 0 0 0
0 55 0 0 0 12 93 0 0 0 90 0 0 0 0 0 12 0 0 0
0 0 0 0 53 9 0 26 52 0 0 0 0 0 0 79 43 41 0 0
0 67 0 0 0 0 0 0 0 0 0 61 28 48 0 0 0 0 0 0
27 0 0 0 46 0 0 30 21 0 21 5 0 0 91 0 54 0 0 0
0 50 0 0 0 63 0 0 0 7 0 50 0 0 0 52 0 0 76 0
46 96 58 6 0 74 0 11 0 0 0 0 0 0 0 0 0 0 86 0
30 23 0 0 25 54 0 0 26 83 0 0 16 92 31 0 75 0 0 27
0 0 0 1 4 97 4 0 0 37 0 95 0 0 28 0 0 0 0 78
0 0 0 0 61 0 0 0 44 85 69 0 0 0 0 0 0 23 0 0
0 0 29 0 0 65 52 0 0 0 21 33 0 0 12 0 29 49 0 67
69 0 0 0 0 0 0 0 0 0 0 0 87 0 0 90 0 0 0 60
0 0 0 76 0 0 17 11 42 0 27 0 50 0 0 52 0 0 0 0
0 0 0 61 0 0 0 0 0 31 0 0 0 0 0 0 0 55 0 0
0 0 75 0 0 0 0 0 0 0 81 53 0 0 0 59 65 11 56 0
7 34 29 80 0 0 0 0 54 0 0 0 0 0 0 0 0 0 0 0
63 0 87 30 23 21 0 0 0 66 0 0 48 60 0 0 0 67 0 0
0 0 47 30 94 42 0 0 0 7 0 0 60 0 0 0 17 0 0 0
0 60 0 0 74 0 0 0 0 0 88 0 56 0 50 39 19 0 0 0
86 27 0 2 57 0 69 0 33 20 51 91 30 0 16 0 76 0 50 92
0 0 0 0 0 0 51 0 72 58 0 0 0 0 0 0 89 0 0 0
0 50 15 0 0 2 0 0 0 30 55 0 16 0 0 0 66 0 0 0
0 0 90 70 0 0 0 0 0 0 0 20 0 0 14 0 0 66 76 30
0 25 0 0 0 0 0 0 0 0 0 0 0 0 0 0 41 0 0 49
0 0 0 0 10 49 74 13 0 0 0 35 0 35 0 91 0 0 0 0
0 0 0 0 0 0 0 0 50 0 0 86 31 0 0 0 0 0 0 85
0 0 0 55 0 85 0 83 0 0 0 65 0 78 64 0 0 7 0 0
0 73 0 0 0 0 0 0 47 57 0 0 37 0 0 0 30 0 15 89
78 50 17 18 64 0 96 38 0 0 15 0 0 32 0 0 0 0 0 81
7 0 0 0 0 0 29 0 47 11 14 0 0 0 0 55 28 99 0 0
0 0 0 0 39 84 0 91 15 0 82 0 70 15 0 0 0 0 0 0
57 0 87 63 0 62 0 69 41 0 0 0 62 80 0 0 31 0 0 0
0 69 0 0 0 66 0 0 0 0 93 0 0 0 0 0 58 0 0 0
0 54 0 0 0 0 13 28 4 0 78 0 56 0 0 0 0 88 0 76
55 83 0 0 0 81 0 0 0 0 39 0 16 0 71 82 0 57 0 25
0 0 28 0 0 14 0 0 0 0 0 0 0 0 0 0 0 0 99 0
0 0 81 96 52 0 0 31 0 0 40 59 0 49 0 0 0 0 0 99
0 0 97 0 0 23 81 0 9 0 0 0 0 54 0 85 0 34 0 0
