0 0 0 0 0 0 0 0 0 0
0 0 0 59 0 0 68 0 51 0
3 92 0 0 0 0 0 0 0 0
0 0 0 0 0 0 0 0 0 78
0 0 97 72 0 0 0 0 47 95
0 0 19 95 0 0 0 49 0 0
0 0 0 0 0 29 0 0 0 0
9 0 0 0 30 0 0 0 0 0
0 94 0 95 0 0 0 0 0 19
0 20 0 0 0 0 86 0 0 85
0 12 0 0 7 0 67 0 0 24
0 0 14 90 0 0 0 0 0 0
56 0 0 0 0 0 0 0 0 0
0 0 0 76 0 96 0 0 24 0
0 0 0 0 89 53 0 0 0 0
14 0 0 59 0 0 0 0 0 0
0 0 71 0 44 0 0 0 0 0
49 0 0 0 0 95 0 0 0 0
0 0 58 0 0 0 0 30 0 0
19 0 0 0 0 84 0 0 0 0
0 0 0 23 1 0 92 29 0 0
0 12 0 0 65 0 0 0 0 0
0 37 65 0 0 68 0 0 0 0
0 0 0 0 0 83 90 45 73 0
61 0 36 0 0 0 65 0 0 0
0 0 35 20 65 0 0 0 0 0
0 10 0 0 74 78 0 0 0 8
35 0 0 64 53 0 0 0 0 0
0 76 88 0 0 0 0 0 0 0
0 84 0 0 0 0 0 0 0 0
