77 0 0 30 0 35 0 0 86 18 0 0 53 0 91 53 40 30 0 0 0 72 0 0 78 43 89 0 0 0
0 24 88 59 67 41 0 35 34 0 0 0 0 0 0 87 6 0 0 11 30 93 81 0 94 83 0 54 76 0
0 0 11 0 90 0 31 0 0 0 0 0 13 0 0 0 0 0 0 0 54 84 0 34 67 0 0 0 0 0
75 59 0 11 0 0 0 0 0 95 0 0 0 0 15 0 0 0 54 0 27 0 0 0 0 2 0 67 85 24
0 0 48 20 0 0 47 0 0 0 0 0 0 0 0 0 0 0 0 65 0 0 0 88 40 0 0 0 0 0
0 4 0 0 0 7 0 0 0 0 0 0 93 0 0 0 0 0 82 0 54 76 0 0 0 0 0 0 13 0
41 94 0 0 0 97 0 0 0 0 0 0 0 14 0 15 0 8 0 0 0 57 0 0 44 20 83 0 0 0
0 0 0 0 0 0 0 0 0 0 0 0 0 0 0 0 40 0 81 0 30 0 0 0 0 0 0 0 30 0
63 80 0 75 22 0 46 0 0 82 23 0 0 0 0 0 0 0 0 0 99 0 0 7 62 0 0 69 0 0
0 49 0 0 0 0 0 0 28 72 0 0 15 47 58 0 0 0 82 0 0 0 0 90 0 61 11 0 34 22
