0 0 97 0 0 53 49 0 0 0 93 0 0 0 0 78 0 0 0 42 95 0 78 0 0 0 0 0 0 0
42 0 0 0 0 0 77 80 0 0 78 86 0 79 0 0 0 0 0 0 58 0 0 86 0 0 74 0 0 0
0 0 32 0 0 0 65 0 26 0 0 0 1 58 0 0 0 0 0 0 43 0 0 0 0 30 95 0 87 0
0 0 0 0 0 0 0 0 31 81 51 0 79 7 0 0 0 0 0 0 51 0 66 0 14 48 30 0 0 0
0 20 0 0 0 0 60 0 0 52 0 0 0 0 0 0 14 16 0 0 0 0 0 0 0 0 0 0 0 0
41 0 1 0 0 0 0 0 0 0 0 0 31 0 0 0 0 0 0 0 58 0 0 94 0 0 22 43 0 0
0 0 0 0 0 85 0 0 0 0 0 0 55 0 0 0 0 8 0 0 0 0 6 0 0 0 0 53 0 0
0 52 0 0 0 18 0 0 26 0 0 0 0 0 0 0 0 0 0 39 0 0 0 0 0 0 0 0 0 0
0 0 0 93 40 0 0 89 0 71 0 0 78 96 20 0 0 15 0 0 0 0 0 0 0 0 0 0 0 0
0 0 7 0 0 0 12 0 0 0 0 0 0 0 0 0 0 0 14 0 43 0 0 99 0 0 0 0 0 0
0 0 0 98 2 0 34 0 86 0 0 0 0 0 0 95 0 0 0 0 0 0 0 63 0 49 0 0 0 0
0 0 0 53 0 0 0 0 0 0 0 83 62 0 0 0 0 46 0 0 31 0 0 0 0 0 0 0 0 0
0 15 0 0 27 0 30 0 0 0 0 0 0 0 0 0 0 0 0 0 0 0 0 0 0 45 0 0 0 0
0 0 0 0 71 27 0 0 0 0 0 56 18 0 0 0 0 0 0 32 0 0 0 0 0 88 0 59 0 0
0 0 0 0 89 0 0 0 0 0 79 0 98 0 0 0 0 0 0 0 0 0 37 38 0 0 0 0 0 87
0 0 0 0 0 75 0 0 0 0 0 0 37 0 0 0 0 0 58 0 0 0 0 5 0 0 0 74 13 0
0 0 84 0 0 97 0 0 0 0 66 0 0 0 0 0 99 0 43 0 0 0 0 0 77 0 0 0 0 0
0 0 0 0 0 0 0 0 0 0 0 92 0 61 0 0 0 0 0 0 0 64 0 0 92 68 0 0 0 0
0 0 0 0 0 13 0 0 0 0 0 0 0 0 0 27 0 0 0 0 0 0 0 0 0 1 0 0 34 3
63 0 0 0 0 0 0 0 67 0 0 12 0 37 0 0 0 0 0 0 76 0 0 61 0 0 0 0 0 0
0 0 0 0 0 0 0 0 0 0 0 0 0 79 0 0 19 0 0 0 0 0 0 0 0 0 0 0 62 0
0 0 0 0 0 0 71 38 0 89 0 0 0 0 81 0 0 0 0 27 36 0 0 0 0 0 0 0 0 0
0 0 0 44 49 0 0 0 0 16 94 3 0 0 0 0 0 0 0 0 16 0 0 0 8 95 0 0 0 0
0 0 0 0 0 0 0 0 5 0 0 54 81 0 0 0 88 57 0 13 0 0 0 0 0 0 0 0 32 0
22 66 0 0 0 0 0 0 0 84 0 0 0 0 0 87 0 0 69 0 0 0 0 0 92 0 0 0 0 0
0 0 0 0 0 78 34 0 0 87 0 0 0 0 0 98 0 0 0 0 0 0 97 0 0 0 0 37 0 0
0 0 0 0 0 0 0 0 0 0 0 0 0 0 0 0 0 0 0 0 96 0 0 0 0 0 0 0 0 0
0 0 0 0 0 0 0 0 0 0 65 0 0 0 0 5 52 0 0 0 61 0 0 0 91 39 0 0 0 0
0 0 0 42 0 0 0 0 0 0 0 0 0 38 0 0 0 0 74 0 0 80 0 0 43 74 0 39 0 0
0 0 42 0 0 0 0 0 0 0 0 0 0 0 61 0 49 23 0 0 0 23 13 0 0 0 0 0 0 0
0 0 0 43 69 35 0 0 0 0 0 77 0 0 0 0 0 0 32 0 0 0 0 0 0 0 0 41 0 0
0 9 0 0 0 0 0 73 0 0 0 1 61 0 0 0 0 0 0 0 3 24 0 22 0 0 0 0 0 0
0 93 0 0 0 0 89 74 19 0 0 0 0 6 0 0 0 0 0 0 0 0 0 4 0 0 0 77 89 0
0 0 0 0 0 0 0 0 0 0 0 0 0 0 0 0 0 0 0 0 0 0 25 0 25 0 0 0 0 0
0 0 11 0 0 0 0 78 0 0 0 0 0 43 73 0 30 0 0 0 0 0 0 0 52 5 0 0 0 0
0 18 0 0 0 0 0 0 55 0 86 0 0 0 25 86 45 0 0 0 0 0 0 7 0 0 78 0 0 0
0 0 65 0 0 0 0 0 0 0 0 0 0 0 0 0 93 0 0 0 0 0 0 0 0 0 0 0 0 0
33 0 7 0 0 0 0 0 0 0 0 0 0 0 0 0 0 0 0 0 0 94 0 70 0 0 0 0 34 0
0 0 0 85 0 0 0 0 0 0 0 0 0 73 68 0 0 19 0 0 0 0 0 5 0 0 0 0 0 0
0 0 0 0 0 55 50 0 53 0 0 13 0 0 0 0 0 0 0 0 0 0 0 0 0 0 94 0 0 0
