0 0 0 0 0 31 0 0 0 0 0 0 0 0 0 0 0 0 53 0 16 18 0 0 0 86 1 0 0 0
26 0 0 0 15 0 0 0 0 0 0 13 0 0 0 0 0 0 14 60 0 67 0 0 0 0 0 0 0 0
0 0 79 0 0 39 0 84 13 0 0 0 0 0 0 0 0 0 0 0 0 0 86 0 66 0 0 0 0 0
0 92 0 0 0 0 0 0 0 0 0 0 0 98 28 9 0 0 0 0 0 13 23 97 51 0 0 0 42 86
0 0 0 0 19 63 0 0 0 0 0 62 13 0 13 89 0 0 60 6 34 0 0 0 56 0 0 0 0 0
0 92 0 0 0 0 0 0 73 0 0 0 0 0 0 50 0 0 31 0 0 51 0 0 0 0 0 83 64 0
82 0 0 0 0 0 0 0 0 0 0 0 0 0 54 48 0 0 0 0 0 0 0 0 0 0 30 0 5 0
0 0 0 0 0 0 0 32 0 0 0 0 81 0 0 0 0 0 0 0 80 42 0 0 21 0 0 0 0 0
0 0 0 0 2 0 0 0 0 0 0 0 0 0 0 0 0 0 0 0 0 0 68 0 32 0 0 0 0 0
0 0 0 0 61 0 0 0 0 0 0 0 0 0 0 0 0 0 0 0 0 0 0 0 0 0 0 0 0 0
