0 58 0 0 51 0 46 0 0 0
97 0 0 74 99 0 0 35 0 0
0 2 81 0 28 0 0 0 70 0
0 0 0 0 0 0 18 0 0 0
0 0 0 0 0 0 0 49 13 60
0 0 0 0 0 0 0 6 7 47
0 0 0 46 25 0 21 0 39 93
0 0 2 0 0 71 0 34 2 0
61 0 0 0 0 0 0 0 18 68
0 0 0 0 0 0 0 88 25 0
24 37 0 0 0 46 0 48 0 40
20 0 66 0 0 20 0 0 3 0
13 10 0 0 34 0 30 0 56 0
0 17 0 0 0 80 0 0 52 0
0 0 0 0 0 0 75 4 0 0
21 74 0 2 0 32 24 0 0 39
0 0 0 46 0 0 0 0 0 0
0 0 0 69 0 49 69 51 0 45
0 77 0 0 0 0 0 0 0 0
0 0 0 0 96 0 80 0 0 0
0 0 0 22 0 0 0 54 2 0
0 0 0 0 0 0 0 63 51 24
6 96 0 0 0 36 4 0 0 0
0 91 6 78 77 0 68 0 91 0
0 65 92 0 0 0 0 0 0 72
54 11 0 86 0 0 0 99 0 0
0 39 0 24 15 0 0 5 0 0
0 0 0 0 40 0 13 0 47 98
86 0 0 0 29 0 0 90 0 0
0 0 0 0 0 41 0 23 0 94
0 0 39 71 0 0 5 0 0 0
82 15 0 0 0 53 0 0 67 29
0 57 0 0 0 0 0 0 0 19
0 0 97 0 0 46 0 0 0 90
0 0 12 0 0 0 84 0 0 0
0 0 0 0 0 0 0 0 0 85
24 0 78 66 0 0 0 0 17 0
0 0 0 84 0 0 97 26 49 0
6 0 0 0 91 0 76 99 76 97
1 47 0 23 82 0 84 0 98 0
0 12 0 0 0 10 0 0 47 0
0 0 0 0 0 28 0 0 55 78
0 0 0 44 0 0 58 0 0 0
0 0 0 0 0 0 0 74 23 70
0 0 0 0 0 39 0 17 0 0
0 0 0 0 32 0 0 0 84 0
0 81 0 0 0 24 93 0 0 58
0 0 0 0 50 10 0 43 0 0
0 91 0 0 0 0 27 53 51 0
0 0 0 49 0 0 0 0 0 0
