0 23 0 0 86 0 75 0 0 63 20 82 0 0 0 0 76 76 0 80 0 0 0 91 72 0 42 0 33 0 0 0 0 39 0 0 0 0 83 65 0 0 3 0 0 0 0 0 0 0
0 59 10 0 75 98 7 0 19 0 0 0 7 0 42 0 0 89 0 66 0 0 13 68 0 23 81 0 0 0 37 0 0 13 0 0 0 0 0 58 0 46 0 0 0 0 0 43 0 0
0 85 0 0 0 0 0 39 68 55 0 0 0 0 15 65 0 0 10 90 0 0 71 85 0 0 0 19 0 0 18 0 0 0 0 92 0 29 10 0 81 0 0 41 0 83 0 0 52 0
0 6 3 37 0 0 0 0 0 35 0 99 0 16 0 11 0 9 0 62 26 0 0 0 0 0 0 0 0 0 0 0 0 0 66 0 0 0 0 0 0 0 0 0 38 0 0 0 28 0
0 0 0 34 0 0 93 29 73 0 0 0 0 0 0 0 0 0 61 26 0 0 0 0 54 0 43 0 53 0 0 0 25 0 0 41 79 0 0 33 0 0 0 29 0 0 0 0 62 88
37 41 0 0 44 0 74 39 0 86 0 0 0 0 0 0 0 0 0 0 0 71 0 0 0 0 0 70 0 0 56 0 22 0 0 0 0 0 2 0 0 0 32 0 38 5 0 0 41 0
0 0 0 0 34 7 0 0 21 71 0 10 64 67 31 80 0 98 0 90 0 94 0 0 36 26 0 0 0 0 69 0 0 0 0 10 0 66 0 0 0 0 0 0 97 77 46 0 0 71
0 15 79 0 0 0 0 0 0 0 0 58 0 84 0 0 0 0 29 0 39 0 0 0 88 0 0 0 14 0 0 0 0 0 0 0 0 0 0 0 0 0 93 20 54 49 0 0 0 0
0 0 94 95 0 0 0 99 0 0 62 0 0 0 0 58 0 0 0 0 0 0 0 0 0 0 27 0 40 59 32 0 0 33 0 0 0 0 8 0 0 72 35 0 7 70 0 0 0 0
0 15 38 64 0 0 0 0 0 0 88 0 0 0 0 0 9 0 0 0 0 89 0 0 53 0 68 0 44 0 54 0 0 0 8 0 0 94 5 0 0 0 0 53 0 4 50 0 82 0
