0 80 0 0 0 0 0 0 0 34
68 0 45 30 0 97 0 0 0 0
0 0 0 0 0 0 0 0 0 0
0 0 0 67 0 0 0 0 0 0
0 0 0 30 5 0 0 0 22 66
0 0 47 0 0 0 0 71 0 99
0 0 0 25 0 0 0 0 0 0
0 0 0 0 0 0 0 5 0 0
0 0 0 0 0 0 0 0 0 0
0 0 0 0 0 0 0 0 0 0
0 0 63 84 0 66 0 0 0 91
0 0 93 0 0 0 0 3 95 47
0 21 0 12 0 0 0 0 0 0
97 0 0 78 0 0 0 17 0 25
0 0 0 86 0 0 0 0 0 6
0 0 24 0 44 0 0 0 0 0
0 0 0 13 0 0 27 0 0 0
0 0 82 0 0 0 0 0 0 0
0 0 0 0 82 0 0 0 0 0
0 0 0 0 0 0 0 0 0 0
0 0 0 0 4 0 0 0 0 10
0 0 36 83 0 0 9 96 24 4
48 0 0 0 0 62 76 0 0 0
0 77 0 0 0 0 0 0 0 51
0 0 0 0 0 56 0 0 0 23
0 0 0 6 0 0 0 0 0 0
0 0 0 0 0 0 0 0 0 0
0 0 0 0 0 22 52 0 0 20
0 93 0 0 0 0 0 0 26 0
0 0 0 0 0 68 0 0 0 0
