0 0 0 0 80 0 0 15 69 0 0 0 57 0 3 27 0 0 0 0 56 0 0 0 0 0 0 0 0 0
0 0 13 44 0 10 62 17 74 19 87 95 0 39 0 6 89 95 92 41 0 91 52 0 0 0 0 0 0 76
16 0 61 0 57 0 0 0 0 0 0 0 54 0 97 66 0 0 0 0 0 0 0 0 0 0 21 0 0 17
0 66 0 0 37 55 7 0 24 0 17 5 0 0 45 0 0 32 0 96 0 0 0 0 48 0 0 0 93 81
0 0 70 0 0 43 22 0 17 0 69 78 96 0 0 0 21 0 0 0 77 0 0 0 0 0 66 25 44 0
0 0 0 0 0 0 0 70 0 9 0 0 0 0 49 81 71 0 0 0 0 0 81 0 0 49 0 0 49 0
0 0 0 0 0 0 69 94 27 19 0 0 87 39 0 0 1 0 0 0 5 0 34 31 77 0 0 0 0 98
0 0 0 90 0 0 0 0 0 0 0 0 0 0 29 9 0 0 28 0 0 0 0 0 52 0 78 0 0 67
0 0 0 0 0 57 0 0 23 0 0 20 0 0 0 0 0 0 0 0 99 0 68 0 0 0 0 0 42 0
4 0 0 27 88 0 36 35 3 0 0 0 0 0 0 32 0 0 0 45 0 0 38 46 30 74 0 0 20 0
0 0 35 0 0 0 8 58 95 88 0 0 79 0 0 37 0 0 0 87 0 0 1 27 0 0 42 0 0 0
0 0 0 0 78 43 0 0 0 0 0 0 0 74 22 90 18 39 0 0 0 18 0 0 0 0 0 0 59 0
0 0 0 0 0 0 0 0 0 0 0 93 54 0 0 3 57 0 66 2 0 0 0 0 0 0 0 55 93 0
65 0 94 0 0 0 0 99 0 18 0 95 0 0 76 0 0 0 0 0 41 0 0 0 14 0 0 0 68 22
0 13 0 0 92 0 0 26 0 10 64 69 0 71 56 51 0 5 0 37 84 0 0 0 37 0 0 0 0 0
72 43 0 0 70 0 0 75 0 52 91 96 35 3 0 0 38 0 0 0 34 0 0 61 63 45 0 0 47 79
0 0 0 0 0 66 0 0 95 0 0 0 0 0 0 0 74 0 55 31 0 0 86 9 39 16 0 0 0 12
0 51 0 4 20 0 0 40 0 0 0 0 0 0 18 0 0 0 73 0 0 16 0 52 15 71 65 0 0 0
0 0 90 0 0 99 0 0 0 0 0 0 93 32 0 88 0 27 82 0 41 0 73 71 0 0 0 81 0 0
0 0 96 32 0 0 38 0 0 0 0 0 62 0 0 42 0 0 51 0 0 0 4 0 0 0 0 53 17 0
0 4 0 3 0 0 17 8 0 0 0 0 81 0 0 70 0 0 39 0 0 91 86 0 0 0 0 0 47 0
0 0 0 0 0 22 77 0 15 0 0 0 0 0 0 24 0 0 0 0 0 0 49 0 0 0 0 0 0 0
0 48 0 71 77 0 0 0 0 0 0 0 4 61 0 0 0 0 0 0 29 7 97 0 0 0 36 17 0 0
89 0 60 0 76 37 0 0 0 41 0 0 0 0 57 0 70 0 0 0 0 0 31 0 34 13 0 70 0 0
0 47 26 0 0 0 0 0 0 0 9 0 28 0 65 0 0 9 0 0 0 52 0 75 25 0 0 0 0 0
0 95 0 0 46 0 0 6 0 0 0 86 0 62 71 0 0 62 0 0 0 0 13 0 0 96 93 47 0 0
0 31 0 0 0 0 0 0 0 0 85 0 0 0 0 0 23 0 0 0 79 0 73 15 0 0 66 0 0 0
9 15 0 0 0 18 0 0 0 0 90 49 96 0 0 0 0 0 47 51 0 0 40 0 0 0 0 32 0 0
0 0 58 0 0 0 0 0 0 0 0 93 0 16 0 0 19 0 0 80 0 4 0 0 0 16 0 64 0 0
77 78 0 0 0 37 0 0 0 23 0 81 0 15 88 48 0 0 0 0 0 0 0 0 0 0 0 55 0 0
75 0 39 0 0 0 0 0 0 0 5 0 0 0 0 0 0 0 63 0 86 0 59 0 0 44 0 0 0 0
0 0 0 37 5 33 93 15 0 83 0 0 0 0 37 0 0 0 0 0 0 0 0 12 0 78 0 73 17 67
0 0 10 94 68 24 0 0 0 23 0 85 0 0 0 0 29 94 0 59 0 0 57 17 69 0 0 0 0 35
0 0 0 64 0 0 0 0 30 0 0 91 0 0 0 0 0 53 0 1 0 30 29 0 0 0 12 0 0 0
0 0 0 0 28 0 36 10 61 0 0 0 30 0 40 0 66 0 24 0 0 0 0 0 0 0 0 84 0 91
0 0 0 52 0 0 20 43 0 0 0 0 68 44 70 84 0 30 0 0 0 98 0 37 90 0 0 0 0 0
0 0 24 92 0 21 0 0 0 64 11 0 0 0 0 0 0 0 96 0 17 67 0 0 0 5 94 66 0 26
0 0 0 0 0 0 0 0 0 0 0 0 0 0 0 49 0 0 0 47 0 0 0 0 0 19 0 0 0 94
0 0 0 90 71 0 0 67 0 75 0 0 0 0 0 19 0 0 0 0 0 0 0 0 60 0 0 0 87 0
37 5 0 89 0 0 0 0 0 32 0 70 0 0 62 0 85 0 35 0 0 63 25 0 18 55 0 0 0 0
