33 19 0 0 0 61 0 0 0 0 0 44 0 0 0 56 0 30 71 0 0 0 0 0 0 0 0 0 0 79 0 94 0 0 0 0 0 0 0 0 0 0 0 37 33 0 0 7 0 0
0 0 0 0 0 55 59 0 0 0 0 0 99 0 0 0 0 67 0 0 62 0 0 0 0 38 38 0 14 0 0 3 49 88 0 0 0 0 0 0 91 61 0 0 0 0 44 0 0 37
76 17 0 0 86 0 0 49 0 0 33 0 0 0 0 0 0 14 87 0 0 0 0 0 11 85 0 0 76 0 38 39 0 59 0 0 0 61 0 0 0 0 0 0 69 0 36 0 53 11
0 75 0 28 0 0 75 0 85 0 0 0 69 50 0 56 0 0 86 0 0 63 0 0 0 42 0 0 0 0 39 63 0 0 10 13 37 98 85 0 0 62 78 0 78 0 95 0 0 8
0 0 80 0 0 0 0 0 80 0 0 0 0 32 47 0 0 7 40 0 0 0 0 0 0 0 0 81 0 0 27 53 87 0 0 77 0 0 12 75 0 0 0 87 31 0 11 0 0 0
56 0 5 0 0 0 0 60 0 98 0 0 0 26 0 0 11 0 0 0 0 0 0 85 0 0 0 0 0 28 61 23 0 48 0 91 96 1 0 32 0 0 30 82 16 63 0 0 88 16
0 0 67 0 0 0 72 0 0 0 0 0 0 15 0 0 15 0 0 0 0 0 66 99 58 0 0 0 0 0 57 0 0 0 0 0 0 2 43 0 0 0 61 0 0 7 0 62 0 84
0 30 0 0 4 0 0 0 0 70 0 0 0 6 0 0 96 0 0 0 0 75 0 14 0 0 0 0 0 38 0 0 0 0 0 96 47 0 0 56 29 67 28 0 0 0 0 0 55 0
0 0 0 0 0 0 0 0 0 0 0 0 0 55 0 72 89 72 0 0 71 0 0 0 53 0 0 0 0 88 0 0 0 91 0 48 53 0 0 85 0 0 0 0 0 57 0 47 0 10
0 99 0 0 0 51 0 78 43 0 95 32 0 0 0 80 0 0 0 0 49 98 0 0 10 0 0 0 0 0 0 30 0 1 95 0 0 77 81 0 9 0 0 0 0 0 82 0 70 0
0 0 0 26 0 0 31 0 0 83 0 0 95 0 0 0 0 0 0 0 9 0 0 0 48 50 95 0 0 0 0 21 0 0 28 0 0 0 0 34 0 0 0 27 0 0 8 0 0 0
71 0 74 46 7 0 55 0 0 67 45 0 0 0 93 0 0 0 0 0 0 0 47 35 66 67 0 37 0 61 0 72 0 16 89 87 0 0 0 28 54 95 69 62 0 2 1 53 0 0
0 0 48 0 0 62 0 91 0 0 0 0 79 0 91 0 70 0 0 82 0 0 8 0 88 0 69 0 22 0 24 77 67 0 0 0 0 0 0 47 76 0 0 86 0 0 3 11 0 0
43 18 57 0 14 0 0 0 0 0 0 0 0 8 0 0 0 0 0 0 0 0 0 0 81 0 0 0 0 58 0 12 0 92 66 0 0 0 0 0 0 47 0 92 0 0 43 0 0 0
39 0 53 23 0 0 98 0 65 0 0 0 0 0 64 0 0 0 0 0 61 0 0 0 0 0 0 1 0 82 0 0 93 0 0 0 0 0 0 0 0 17 0 0 18 0 0 0 0 0
0 0 0 0 0 1 0 96 0 0 0 86 39 65 0 0 2 0 0 71 14 0 13 0 0 0 53 0 0 0 73 0 0 0 0 0 0 15 0 0 0 0 0 84 0 0 0 0 0 0
35 0 0 65 8 16 0 0 99 87 40 0 0 0 0 0 0 60 0 0 33 0 0 29 0 82 57 44 75 0 0 0 0 0 0 0 0 0 0 0 0 7 0 63 0 0 0 0 0 83
51 0 0 0 0 0 17 0 98 53 59 0 46 0 0 0 0 0 0 0 0 0 0 0 9 0 0 0 50 0 0 0 62 0 0 99 65 27 0 0 88 0 0 18 10 25 0 0 0 0
0 0 36 0 67 0 65 0 0 0 87 0 0 0 42 0 44 48 5 19 0 79 0 0 57 0 23 0 0 0 9 0 0 26 0 0 0 34 61 34 6 55 0 0 51 0 0 0 0 75
0 0 0 0 71 0 28 0 79 0 0 94 70 0 42 91 0 0 38 87 0 0 0 68 0 0 0 16 0 0 0 5 0 89 0 16 0 0 0 0 0 12 0 0 0 29 0 0 16 66
0 71 0 0 0 0 88 0 0 0 41 0 0 0 20 37 0 85 0 0 0 0 59 90 0 60 11 0 0 0 0 66 35 0 4 0 0 0 0 0 0 29 0 0 0 0 0 0 72 0
0 0 0 0 3 55 0 0 75 0 0 62 0 0 0 0 0 11 0 0 0 0 17 0 0 52 0 4 88 65 10 33 88 0 0 0 0 53 0 0 0 0 0 67 0 0 64 96 0 0
44 36 0 0 0 0 83 0 30 39 0 27 0 0 71 29 0 0 0 0 0 0 0 74 0 0 0 0 0 0 50 0 0 0 0 0 0 92 61 0 0 29 0 82 0 0 0 0 0 0
0 0 0 57 49 0 12 0 0 0 0 0 0 0 36 84 33 0 50 0 0 0 16 0 57 9 0 59 45 0 69 0 0 0 13 0 0 0 0 0 0 0 81 0 64 0 69 0 0 48
0 79 83 9 69 0 0 0 0 0 0 97 0 0 0 0 13 0 0 0 0 0 0 0 0 47 0 0 0 0 0 0 0 12 26 0 86 11 0 0 0 0 0 0 0 37 0 0 0 0
0 0 0 0 0 0 0 0 0 0 0 0 32 0 0 44 0 0 0 0 76 0 0 67 0 89 59 10 68 0 0 0 0 72 43 14 62 44 0 67 0 0 0 82 0 0 0 7 0 0
67 0 88 0 10 96 0 4 0 0 0 0 0 0 0 0 0 0 0 0 42 43 0 0 0 17 0 0 0 9 0 0 0 0 0 77 0 0 78 57 0 0 0 0 9 68 0 78 0 20
0 7 0 0 90 0 62 0 0 0 0 80 0 0 0 0 0 0 0 0 0 22 0 31 0 0 64 28 0 0 92 0 0 0 0 95 0 0 0 92 0 75 34 18 0 0 0 0 0 0
0 16 0 0 0 59 0 0 0 0 0 0 9 8 0 0 0 38 74 0 80 0 0 0 0 90 75 74 0 0 0 0 0 52 0 94 0 0 99 0 0 0 0 0 90 66 0 0 0 0
0 0 0 0 0 0 30 41 0 0 59 0 0 93 0 97 40 0 0 79 0 9 25 0 0 0 79 0 0 67 0 0 76 80 0 0 0 0 44 0 0 0 0 0 0 41 18 1 0 0
0 0 0 8 0 0 0 25 0 81 0 0 0 41 0 0 0 0 0 0 0 20 0 0 0 37 0 0 31 52 0 0 0 0 42 0 0 0 0 91 0 0 97 0 0 18 80 32 0 0
25 0 26 0 0 0 0 0 32 0 58 0 0 61 18 60 0 23 0 51 0 0 0 0 0 0 0 0 0 0 0 37 0 70 0 39 14 0 0 0 52 14 0 81 0 64 0 0 0 0
0 1 0 0 0 0 34 0 0 0 0 0 0 0 0 0 42 0 0 0 58 55 0 83 0 0 0 0 0 0 0 0 0 0 0 0 94 42 38 0 0 58 18 97 86 0 0 0 0 8
0 40 0 0 0 0 24 0 24 0 57 69 52 0 57 0 0 0 0 25 0 0 0 98 0 54 6 92 0 0 0 3 0 0 0 0 36 0 0 0 0 0 0 91 54 25 0 0 0 28
0 85 0 65 0 0 0 0 0 17 0 62 0 0 73 0 83 35 49 0 0 0 0 0 48 42 31 0 71 0 0 0 6 0 29 72 0 0 0 99 0 84 0 0 0 0 6 0 0 0
0 0 55 29 90 0 0 0 0 0 85 0 0 0 0 0 0 5 0 0 56 80 0 0 14 0 0 0 0 0 0 0 0 0 46 0 0 95 99 0 0 0 0 0 51 0 0 0 0 0
0 0 0 0 65 0 23 18 35 0 0 32 0 0 0 0 0 0 0 91 0 0 84 98 0 0 62 25 0 96 99 0 0 0 32 85 73 0 36 0 0 0 91 71 0 0 53 90 0 72
76 0 91 54 95 0 4 35 65 0 0 0 19 0 91 17 30 0 0 0 0 35 0 0 0 0 0 0 89 0 0 23 0 0 0 0 0 0 60 0 0 73 0 0 29 0 68 85 89 55
0 0 7 0 0 0 0 19 0 0 0 32 0 0 37 0 52 30 5 0 42 0 0 0 0 20 44 0 0 0 0 65 13 0 0 82 0 0 80 0 38 0 0 45 0 1 86 0 0 49
0 0 0 0 67 0 0 0 16 0 0 0 0 0 0 15 0 0 20 12 0 35 88 0 64 0 70 0 0 53 14 0 0 95 0 0 50 0 0 94 58 0 84 0 0 0 0 79 0 0
97 0 0 0 85 78 0 0 0 0 0 73 74 66 0 0 0 24 0 0 0 0 0 77 3 0 0 0 0 93 0 54 0 0 0 73 0 84 0 73 0 0 0 0 90 0 0 0 0 31
20 21 0 49 0 0 0 6 0 0 0 0 24 18 55 0 0 0 0 0 11 0 61 0 0 45 0 0 0 0 0 66 4 0 58 0 0 42 0 18 50 0 56 10 17 0 79 0 0 0
47 44 0 0 82 0 0 0 0 0 5 0 0 0 0 0 10 0 0 99 0 0 0 0 95 0 99 0 0 0 0 0 0 0 0 0 18 0 0 0 82 0 0 69 88 78 0 0 0 0
13 34 79 97 0 0 0 0 0 0 91 0 82 0 72 0 0 0 0 0 0 0 5 43 0 0 0 0 0 0 0 69 0 24 16 51 0 0 44 0 0 0 0 0 0 93 0 36 3 26
0 0 0 0 42 0 0 0 0 78 63 23 47 74 0 0 0 0 0 86 19 0 0 63 90 0 78 81 0 0 93 0 8 51 0 0 0 0 25 0 58 8 18 0 0 0 0 0 45 0
0 0 0 0 0 0 0 0 0 0 0 36 44 0 0 0 0 0 93 19 0 0 0 0 7 0 0 54 0 0 0 48 0 2 0 91 0 0 53 0 0 33 0 51 0 96 0 0 0 0
0 0 0 0 0 0 0 71 32 96 0 0 0 0 0 0 0 0 38 0 47 0 0 0 75 0 90 0 0 19 0 0 0 0 0 0 0 0 28 23 0 0 0 32 0 0 3 0 0 0
0 0 0 0 0 24 44 0 0 0 0 96 0 93 42 0 93 0 97 0 38 21 0 0 22 0 0 0 0 0 76 4 10 0 0 0 0 63 8 0 0 13 0 23 0 0 88 0 61 0
0 88 0 38 0 0 42 0 0 0 99 0 51 59 84 16 4 0 0 0 0 0 0 0 42 23 0 0 40 0 68 0 0 0 0 97 47 0 13 0 0 7 0 0 2 0 57 0 0 9
0 0 23 0 1 80 0 62 0 0 26 64 18 0 0 0 0 0 0 0 0 0 0 32 0 58 28 0 0 0 0 0 15 0 0 0 0 35 0 0 0 0 11 0 62 85 46 0 87 74
