0 0 0 18 0 0 0 0 3 21 0 0 0 0 0 84 16 53 0 0 0 0 0 0 0 30 0 0 0 0 0 0 0 0 0 76 0 11 61 0 91 0 33 0 0 0 0 15 0 0
0 0 27 0 63 0 0 0 0 90 0 0 0 0 0 0 30 0 54 0 0 0 0 71 73 0 23 0 0 0 0 0 0 0 0 0 0 0 72 86 0 0 0 0 0 0 0 0 0 39
0 0 43 0 0 59 0 0 0 0 0 0 0 0 0 0 0 0 0 0 0 0 0 0 61 0 0 0 0 0 0 0 0 59 0 7 0 80 0 0 0 0 27 0 0 82 0 0 0 0
75 0 0 0 0 0 0 94 0 0 0 0 0 0 0 0 0 0 0 15 0 0 0 0 1 0 0 0 0 0 0 0 0 0 0 0 0 26 0 0 0 52 0 0 0 0 0 0 71 0
0 0 0 0 0 0 0 0 0 0 0 0 0 47 0 13 0 0 0 0 49 0 0 0 0 0 0 0 0 0 0 0 0 25 0 0 0 0 0 0 0 37 0 0 0 0 0 0 0 0
0 0 0 30 0 0 0 0 78 83 95 75 0 0 82 0 0 0 0 0 0 0 0 18 0 0 0 0 0 0 0 0 0 0 0 0 15 0 0 0 0 0 0 0 0 0 8 64 0 0
0 0 0 0 0 0 0 0 33 0 0 88 98 54 68 0 0 0 0 63 0 38 18 30 4 0 0 0 0 0 0 0 0 0 85 0 0 48 2 58 81 0 0 0 0 0 53 0 0 0
0 0 0 63 0 0 0 82 0 0 0 0 0 0 0 0 14 0 0 24 67 0 0 0 0 0 48 53 0 0 0 0 0 0 0 28 0 0 60 0 0 0 95 0 0 0 0 0 32 0
0 3 0 0 0 0 0 0 0 0 11 0 20 0 0 96 0 0 0 0 55 80 0 0 0 0 0 0 75 0 0 0 0 16 53 0 0 0 0 0 0 0 0 91 0 0 0 0 0 0
2 82 81 0 0 0 30 0 0 79 87 0 0 0 0 0 0 0 0 0 0 0 0 0 0 0 0 0 0 16 4 0 32 0 13 0 0 0 0 0 40 53 0 0 0 0 47 0 0 0
0 0 0 0 74 44 55 57 0 0 0 0 0 0 0 0 0 0 0 0 0 0 0 0 0 0 0 0 0 0 63 45 99 0 0 0 0 0 0 0 0 0 0 42 32 1 0 0 0 0
0 0 0 0 15 53 0 0 0 0 0 0 79 0 0 0 0 14 0 0 0 54 0 0 0 0 0 0 0 0 0 0 0 0 0 0 4 18 0 0 0 0 0 0 55 49 38 0 0 28
0 0 55 0 0 0 72 0 0 0 0 0 0 0 0 0 0 0 0 0 0 0 83 0 0 0 0 0 0 0 0 0 0 0 0 0 0 42 0 73 93 0 0 0 0 0 0 0 98 0
0 0 0 0 0 15 0 0 0 0 0 0 0 94 0 29 0 0 0 0 0 0 0 0 95 0 0 0 0 21 0 0 0 99 92 51 0 93 0 0 0 0 0 13 0 40 0 0 60 0
0 23 0 0 0 0 0 0 0 0 0 0 0 0 0 0 98 0 0 0 0 79 0 0 29 66 0 0 0 0 0 0 0 0 0 0 0 0 0 46 0 0 0 0 0 0 0 0 0 0
0 0 0 0 0 0 0 0 0 0 0 0 0 0 0 0 0 0 0 0 0 0 0 0 0 0 0 0 0 0 11 0 0 0 0 21 0 0 0 0 0 0 0 0 0 0 47 0 0 0
0 0 0 0 0 0 16 0 0 0 0 0 0 0 0 46 0 3 0 0 0 7 0 0 39 0 0 0 0 0 0 95 0 0 0 48 0 6 0 0 0 0 0 0 28 67 81 0 0 0
16 0 0 0 0 0 48 0 43 0 0 0 0 0 0 67 10 0 0 0 0 0 0 0 0 0 0 0 0 57 51 0 89 0 0 0 0 0 0 0 0 0 0 0 0 0 0 0 0 0
0 0 71 0 52 0 0 31 72 0 0 0 0 0 0 0 0 0 0 0 0 0 0 0 0 0 0 0 0 97 37 85 0 0 0 0 71 29 0 0 0 0 0 0 0 82 0 0 0 0
85 0 94 0 0 0 0 55 0 0 0 0 0 0 0 0 0 0 0 0 27 0 0 96 0 83 0 80 0 0 0 79 0 0 0 77 0 0 0 0 0 20 0 0 0 87 0 0 0 0
0 0 97 0 0 0 0 0 0 44 27 0 0 0 96 0 0 0 0 0 0 71 0 0 67 93 0 0 0 0 0 0 21 41 0 0 0 0 29 32 0 24 0 0 92 0 0 0 0 0
0 0 0 0 0 0 83 0 0 0 0 21 0 0 0 0 0 0 0 0 72 0 32 0 0 0 0 0 0 0 66 0 0 0 0 23 0 0 92 0 62 0 0 0 0 88 0 0 0 0
0 0 0 0 0 0 0 0 0 0 0 40 0 0 0 69 0 0 0 0 0 0 0 0 0 0 47 0 0 0 59 0 0 0 66 69 0 0 0 0 0 0 0 0 0 0 95 0 53 0
20 0 0 0 14 0 0 87 74 0 0 0 96 87 0 54 0 0 0 0 0 0 0 0 0 95 0 29 0 0 0 0 0 0 0 0 0 63 0 0 0 0 0 0 12 82 0 0 0 85
0 0 0 0 0 42 0 0 9 0 0 0 0 0 0 19 0 0 48 0 0 0 0 0 0 0 85 0 26 0 97 0 0 92 83 0 0 0 0 0 21 0 0 55 0 0 0 0 0 0
0 0 0 0 0 0 0 0 0 0 0 0 0 25 0 0 0 0 0 0 0 0 0 0 0 24 58 76 0 0 0 0 0 0 0 0 0 0 0 0 11 0 0 0 32 0 0 0 0 0
0 0 0 0 0 0 0 23 0 0 76 73 0 25 0 0 0 0 0 0 92 0 28 0 0 0 0 0 23 0 0 0 0 0 0 0 1 71 81 0 0 0 0 0 0 0 0 0 0 1
69 0 0 0 0 0 28 0 0 54 81 0 0 0 12 0 0 0 27 0 0 0 0 0 0 44 0 0 0 0 0 0 0 0 0 0 35 0 0 0 18 0 26 0 0 0 6 0 0 0
0 0 0 0 0 0 0 0 0 0 0 0 0 0 0 82 0 79 0 0 0 0 0 0 22 0 0 0 0 0 0 0 0 0 0 0 0 67 0 0 30 0 32 0 0 0 0 0 0 0
0 0 89 43 0 0 0 0 0 0 0 0 0 0 0 22 56 0 0 0 58 0 0 0 76 0 0 11 96 0 0 0 0 0 0 0 73 32 0 0 0 0 0 0 51 0 0 0 72 0
0 0 0 0 0 0 0 0 0 0 0 0 0 0 0 0 0 0 0 0 0 2 0 0 12 0 0 0 0 0 73 0 0 70 0 0 0 0 45 61 0 0 0 32 0 15 0 0 0 0
58 0 0 0 0 88 0 0 0 0 0 0 0 75 0 0 0 0 0 0 92 0 0 17 0 0 61 0 0 0 0 0 43 0 0 0 0 0 0 0 0 0 0 48 0 0 0 52 40 64
0 0 18 0 0 0 0 0 0 0 0 0 0 0 59 0 15 19 0 0 0 0 99 85 0 0 0 0 18 82 0 0 14 0 36 0 0 0 59 0 0 0 0 0 20 0 16 90 0 0
0 83 0 0 0 0 0 0 0 0 37 0 0 0 0 53 0 0 0 0 58 0 0 0 0 0 0 0 0 0 0 0 0 27 0 0 0 0 17 0 83 0 98 0 0 0 0 21 0 0
0 0 0 0 0 0 0 0 0 0 0 65 0 0 67 0 0 0 0 3 77 0 68 0 0 0 0 0 0 73 0 12 0 42 0 1 0 0 0 0 91 0 0 28 0 0 0 0 0 0
0 0 0 0 0 0 35 0 0 49 0 19 46 21 0 0 70 0 0 0 0 0 0 0 0 0 0 0 0 7 6 82 0 0 0 20 0 0 0 0 0 0 29 0 0 51 28 0 0 0
22 0 0 0 0 0 0 0 0 0 0 0 0 0 34 0 0 0 0 0 0 0 0 0 14 0 0 0 25 0 50 53 73 0 0 0 0 0 0 0 0 2 0 0 0 70 0 0 58 0
0 0 0 63 0 72 0 0 84 0 0 0 0 0 0 0 0 0 0 40 0 0 0 0 0 53 0 0 0 0 0 0 0 0 30 0 0 0 0 0 0 0 0 0 0 0 0 75 50 4
0 0 0 0 0 0 0 0 0 0 0 61 0 0 0 0 15 0 61 0 26 45 0 0 0 0 0 0 83 0 0 0 0 0 0 0 26 95 0 0 0 0 0 0 0 0 0 0 0 0
59 0 0 73 0 0 0 0 7 0 0 0 0 0 0 0 0 0 0 0 29 0 0 0 0 0 0 0 0 0 0 0 0 0 0 0 0 0 0 0 0 0 0 0 0 9 0 67 0 0
