72 0 0 0 0 0 78 0 0 49 65 90 0 0 0 0 42 0 0 11 67 76 0 0 0 0 96 49 63 0 0 0 0 75 0 0 64 0 13 0 0 0 29 0 0 0 56 0 0 0
88 0 0 33 0 0 0 23 0 0 0 82 0 0 0 71 0 34 0 0 85 85 0 8 0 0 0 0 0 97 66 98 0 0 0 43 0 0 0 85 0 0 99 0 0 0 0 0 0 0
0 55 0 0 0 0 0 15 48 54 0 88 0 80 0 0 50 37 0 0 0 0 0 56 0 46 91 0 0 60 0 0 0 45 0 0 0 11 82 22 0 37 41 58 0 0 0 0 0 26
0 0 36 79 0 0 81 0 0 0 0 0 0 1 0 0 0 0 21 78 12 36 15 59 19 0 48 0 83 0 0 0 83 12 0 0 0 24 0 0 27 0 84 0 89 0 0 0 0 10
0 0 0 0 0 0 61 0 0 0 0 61 0 75 0 58 0 0 82 0 17 0 0 0 0 0 0 5 0 0 0 0 0 0 71 0 0 0 0 0 0 0 0 0 0 0 0 0 0 0
80 97 3 10 86 0 0 0 93 0 0 0 0 0 82 0 76 43 0 0 82 0 0 63 0 81 0 0 0 0 0 28 99 21 66 0 63 12 0 0 0 26 0 0 30 0 6 0 77 12
0 0 0 74 0 0 0 90 0 0 40 75 0 0 95 19 57 0 0 57 1 0 0 74 0 0 0 34 39 75 0 0 0 0 0 46 19 0 0 0 26 96 0 0 0 0 46 0 0 0
0 0 0 5 0 38 0 26 61 11 0 0 0 17 0 0 0 0 5 0 27 0 0 64 91 42 0 34 0 0 75 95 0 10 0 0 0 0 0 11 50 0 0 0 40 27 0 0 0 88
0 5 0 0 78 0 0 0 0 0 0 0 0 0 49 0 0 84 0 98 36 0 86 0 0 0 44 0 0 99 0 41 0 0 0 45 0 0 0 0 0 8 0 32 81 0 0 0 0 0
25 0 0 0 0 0 0 41 0 0 0 0 82 0 55 0 0 0 71 0 57 0 41 34 0 0 0 0 0 0 17 47 0 0 0 0 40 93 0 0 0 0 0 0 0 27 0 0 90 0
0 0 12 0 0 0 0 0 0 0 0 40 0 58 0 0 0 13 0 0 0 9 78 0 6 0 79 0 0 2 0 93 45 0 0 0 97 0 0 62 0 0 0 48 0 31 0 0 0 0
43 0 0 0 38 0 0 0 0 0 0 83 34 0 28 92 0 0 91 0 0 0 0 0 83 0 0 0 5 61 70 0 0 44 0 0 72 0 23 0 0 0 0 0 0 44 0 80 35 32
0 0 0 78 0 0 0 0 34 0 0 0 0 14 28 0 0 80 79 0 0 69 0 0 0 84 0 0 0 0 0 42 0 0 0 0 99 0 0 91 0 79 0 93 84 35 3 0 57 58
0 28 0 65 28 0 0 0 38 0 0 43 0 0 81 1 18 8 31 90 32 47 66 67 0 0 18 78 0 0 0 0 0 76 32 0 0 0 0 45 0 89 0 0 7 40 0 0 0 0
0 0 0 0 0 77 29 0 0 0 0 0 0 0 0 0 0 0 0 0 0 51 27 0 0 55 54 0 10 0 53 25 0 4 0 0 0 0 0 0 9 0 0 9 74 0 0 0 0 4
0 21 57 0 24 97 66 0 46 50 0 44 0 0 0 0 0 0 0 84 0 0 0 92 0 0 0 0 0 0 0 24 0 0 0 0 0 0 76 0 0 3 0 37 0 0 0 0 43 0
0 0 0 0 0 0 0 0 0 0 0 20 0 0 0 0 0 0 82 0 19 0 0 0 84 0 0 4 0 40 87 0 73 0 0 59 0 6 0 70 0 0 13 97 7 13 0 7 6 0
84 11 0 0 0 0 76 0 0 0 0 0 27 0 80 0 0 66 0 10 0 0 0 0 18 0 14 0 20 0 43 0 0 0 0 0 0 12 35 0 14 0 0 0 12 59 0 0 0 9
0 0 0 61 0 83 84 0 0 0 84 4 0 78 38 0 0 11 32 0 0 86 42 63 0 0 0 0 0 0 0 0 0 96 0 0 0 62 0 0 0 0 0 0 36 0 50 11 0 0
90 0 0 0 0 0 0 0 41 0 0 0 0 0 0 0 0 0 0 0 0 0 0 0 0 0 4 45 53 0 0 0 36 13 0 14 65 0 25 76 0 0 39 0 72 0 0 0 29 79
0 0 0 0 0 0 77 0 0 0 0 0 17 65 61 18 0 0 0 76 86 0 0 0 0 51 64 0 0 54 0 0 0 0 0 0 0 0 0 98 66 0 39 0 0 0 0 0 0 0
68 0 0 90 40 0 0 0 0 45 4 0 0 0 0 0 93 1 4 0 52 0 0 0 0 54 0 0 93 67 0 0 0 13 0 78 0 0 81 6 0 0 0 97 0 36 0 88 0 0
0 42 0 0 0 0 0 63 0 9 0 8 0 0 0 20 0 0 0 0 58 88 0 0 0 0 0 0 0 58 0 0 0 0 0 0 32 0 0 80 0 0 60 0 0 0 91 0 72 0
71 0 48 64 0 0 37 63 0 0 0 0 0 68 85 0 0 0 0 0 0 85 0 0 0 0 0 13 0 0 0 81 0 0 0 0 71 44 0 0 45 0 90 0 0 23 0 0 0 0
0 0 23 22 0 0 23 0 60 53 0 0 8 0 0 80 0 65 0 0 0 35 0 15 0 0 0 36 0 0 0 0 82 0 86 0 46 0 0 92 40 0 0 0 0 0 0 15 46 0
26 0 0 0 0 29 0 0 30 0 0 0 74 0 0 0 92 0 38 0 64 0 0 0 0 15 0 0 43 0 0 0 0 0 0 0 37 0 22 56 0 0 0 0 0 0 26 0 54 0
0 4 25 96 0 0 83 0 0 0 0 47 0 0 19 0 13 0 0 81 0 0 58 85 67 0 0 0 72 0 0 58 0 79 63 80 23 42 0 0 0 12 0 61 10 0 44 0 0 0
0 0 33 0 79 0 0 19 0 0 17 0 0 3 0 0 0 0 0 0 1 0 56 0 0 36 59 0 16 0 0 0 0 0 0 0 0 0 0 92 85 0 51 0 0 50 0 69 0 0
0 11 0 0 0 0 16 0 0 0 30 0 82 66 0 0 0 0 0 0 0 0 0 0 0 0 97 21 0 0 16 0 0 92 0 33 0 0 0 0 0 46 0 44 0 70 0 0 0 0
0 92 0 23 58 0 0 44 0 0 28 0 0 46 0 21 0 0 0 41 9 46 0 0 0 0 95 0 0 67 0 0 0 0 0 0 0 0 0 0 0 0 73 0 8 1 0 0 98 65
