97 0 0 0 0 59 0 44 0 0 0 0 65 0 77 0 69 66 0 0 0 0 99 0 65 66 0 48 0 0 0 0 91 0 0 0 0 0 0 0
97 57 99 0 0 0 0 49 0 0 7 0 40 0 0 0 0 0 0 0 76 0 0 13 0 0 0 10 0 52 0 0 0 49 0 0 0 0 52 3
0 55 0 5 0 0 83 0 96 0 0 12 72 0 0 0 0 0 72 39 0 0 53 0 27 54 0 69 0 0 0 29 0 0 14 0 0 0 0 3
0 0 0 0 0 0 64 0 0 0 0 56 71 0 10 0 93 0 3 30 79 0 69 0 0 94 0 33 0 0 56 0 0 0 47 0 40 38 0 7
0 17 59 95 0 24 96 0 44 0 9 0 0 0 0 0 0 0 0 0 0 0 86 0 53 0 0 35 24 53 14 40 0 78 0 0 0 84 0 57
0 0 0 7 0 0 0 0 0 0 0 92 0 0 0 64 14 0 0 85 0 0 0 0 0 0 0 18 39 0 68 0 0 0 0 0 0 0 0 82
74 0 0 80 0 29 0 49 0 0 0 0 0 0 48 0 0 6 72 0 0 0 6 0 0 0 0 0 0 39 0 31 0 0 0 0 53 2 25 0
0 0 84 5 0 24 99 42 0 0 75 0 0 67 0 57 0 0 42 0 0 0 89 32 0 0 43 74 0 0 0 0 4 0 0 67 0 50 0 0
0 98 27 0 0 41 49 0 0 0 45 43 68 74 0 0 0 0 0 17 0 0 0 0 0 45 0 0 0 0 0 79 0 0 31 59 0 0 61 0
0 9 0 0 48 0 0 0 79 0 14 37 0 0 0 60 0 0 0 43 0 16 0 14 77 36 0 0 50 0 0 0 0 0 40 0 0 0 45 0
0 73 67 0 0 0 60 0 85 0 0 0 17 0 0 82 0 10 28 0 24 0 0 17 44 0 0 0 0 0 0 0 70 0 18 0 0 0 0 64
0 0 0 0 0 0 0 34 18 11 0 0 0 0 0 0 0 0 55 59 0 0 0 0 0 49 55 0 0 0 4 0 0 0 77 0 0 29 0 77
78 0 0 0 20 95 0 0 0 0 0 13 0 73 0 0 0 0 0 0 30 0 47 0 72 0 0 0 23 0 77 0 0 0 76 0 0 0 0 0
0 0 29 0 0 0 0 0 46 0 72 41 0 0 4 0 18 0 38 0 0 0 43 48 0 98 0 67 0 67 0 0 40 0 49 53 17 0 0 0
0 30 42 9 0 0 0 0 0 36 97 0 68 0 0 12 0 71 0 49 0 0 80 0 0 0 0 0 0 0 0 0 45 69 0 0 0 0 45 0
0 1 42 0 47 0 0 15 0 41 0 59 0 77 19 78 61 0 0 32 0 0 0 0 0 44 0 88 0 62 0 0 0 36 0 0 39 0 0 0
0 0 0 0 0 9 0 0 54 38 27 0 0 71 0 67 0 79 7 0 91 0 0 0 0 51 0 0 16 33 0 0 39 51 0 0 63 24 0 0
0 59 64 0 0 35 56 0 0 0 0 0 11 26 0 0 0 0 0 0 0 0 0 0 0 0 0 7 0 69 0 89 0 74 0 0 30 52 0 0
90 0 34 0 61 0 45 0 0 0 0 38 0 67 0 94 0 0 0 90 39 0 0 0 0 0 59 0 0 0 0 0 21 0 0 0 0 0 98 75
88 0 0 0 23 0 0 0 0 0 70 0 0 0 0 0 0 0 0 0 12 0 2 26 0 0 98 44 48 49 0 0 0 0 0 0 0 0 70 0
0 0 62 0 0 0 0 16 0 14 20 0 0 0 45 0 0 0 0 94 0 54 0 0 0 0 2 0 0 0 82 0 0 0 0 88 72 0 78 0
29 24 97 0 54 45 0 0 0 0 0 0 81 72 0 67 0 0 0 0 0 0 0 75 0 60 0 0 54 0 0 0 14 0 0 0 0 0 0 0
9 0 0 0 10 44 33 0 0 0 0 0 89 44 71 0 0 0 0 0 0 11 0 0 56 0 0 59 0 3 43 48 82 0 0 0 0 0 0 0
0 0 0 0 0 0 0 0 0 0 48 26 61 31 0 40 0 73 13 0 0 0 48 97 0 41 17 0 0 27 0 75 0 0 0 0 0 85 87 0
67 0 0 0 37 5 0 0 54 85 0 0 0 0 0 75 0 7 27 0 0 0 0 0 0 0 0 0 14 57 0 0 0 0 27 0 44 0 72 19
36 0 27 0 0 0 0 0 97 87 51 96 0 0 0 12 0 0 0 0 92 0 95 0 0 0 96 0 0 0 0 15 0 61 0 0 0 14 0 0
0 0 0 0 5 71 0 0 0 0 0 25 51 0 72 0 0 69 0 27 77 0 0 64 0 11 0 0 0 64 38 0 0 11 13 80 0 0 0 0
0 0 0 0 0 0 0 69 0 49 0 34 0 0 0 0 0 94 35 0 0 0 43 0 0 0 0 2 94 0 0 0 0 0 0 0 0 0 73 0
0 0 0 38 0 0 0 70 0 0 0 0 10 0 91 0 0 0 76 0 0 0 0 95 0 35 55 0 0 0 5 0 0 12 0 0 0 0 0 0
0 60 89 0 0 0 0 0 87 97 0 17 0 4 0 0 0 0 64 0 0 0 69 0 0 0 0 0 0 0 83 0 0 0 70 0 0 0 27 35
0 0 0 99 0 0 17 0 67 0 0 0 0 0 0 0 80 0 0 0 0 0 0 0 0 0 0 47 0 76 56 0 27 0 0 77 0 0 46 0
0 45 4 0 82 0 64 0 0 81 0 0 0 96 0 94 0 0 0 0 0 79 0 78 0 32 24 0 75 0 0 0 0 0 0 0 0 0 0 0
0 60 0 0 0 0 0 0 0 0 0 0 71 0 0 62 0 0 36 16 0 0 24 0 99 0 0 28 0 92 0 88 84 35 6 0 0 0 0 0
38 0 0 0 8 41 0 0 0 0 0 0 0 0 0 0 62 0 0 9 34 37 0 70 38 0 0 0 0 0 0 0 0 0 72 0 36 0 62 0
0 0 32 62 0 0 41 0 0 28 0 0 0 0 28 0 49 0 21 12 0 0 0 0 0 2 0 0 0 47 27 0 2 0 17 0 0 0 6 0
0 12 94 0 55 0 0 34 0 12 0 0 41 0 0 0 46 0 0 0 0 66 27 0 25 87 0 47 17 0 0 46 0 0 53 51 0 0 48 0
80 0 0 0 0 23 19 0 0 47 85 0 12 21 99 0 0 81 65 17 0 24 4 0 0 0 0 0 10 0 93 0 0 0 0 0 29 0 0 26
16 0 39 0 0 0 0 0 93 58 22 97 0 0 0 0 0 93 0 0 0 0 0 70 0 61 0 0 0 0 0 77 0 39 0 13 0 0 0 0
0 0 30 0 33 59 0 0 76 0 63 0 0 0 34 0 64 0 0 46 80 0 0 0 0 82 0 5 0 0 0 0 0 0 0 0 17 43 0 0
0 0 72 0 0 0 0 0 0 0 0 0 0 0 29 10 0 0 60 0 37 0 16 0 0 28 0 0 0 0 0 0 0 0 34 0 0 0 0 0
0 58 11 0 0 0 0 0 0 0 10 0 0 0 34 0 0 0 0 0 0 0 85 52 79 20 0 0 47 0 0 0 0 0 65 77 0 61 38 0
0 35 0 0 66 0 0 14 0 2 0 0 0 0 48 96 77 1 85 0 0 0 71 0 0 0 54 34 0 0 0 0 80 50 0 2 0 95 0 0
0 0 0 0 0 0 0 65 0 0 0 0 0 0 0 39 36 93 0 0 0 0 6 0 0 0 0 0 0 0 25 0 39 32 0 0 93 0 0 0
0 0 28 0 0 0 0 58 81 28 0 0 69 64 0 0 0 0 0 0 98 0 0 0 2 0 0 0 0 94 82 0 0 0 0 0 0 73 37 0
0 56 18 0 9 0 0 64 0 0 0 0 59 98 67 70 56 0 0 11 72 0 0 0 0 57 12 57 9 0 0 90 0 0 0 0 0 45 0 0
0 95 0 0 0 0 0 85 0 0 0 0 0 1 86 0 0 0 93 0 0 0 95 0 0 30 0 33 0 0 0 0 0 0 0 0 0 0 57 0
0 31 48 0 40 0 0 91 0 32 0 4 0 0 0 0 0 0 24 0 0 78 19 0 0 58 30 0 13 0 8 0 0 36 6 89 0 77 0 0
0 3 0 19 0 0 0 0 15 44 0 50 0 6 0 0 34 12 0 0 79 0 0 21 0 0 0 57 0 0 0 0 96 0 0 0 0 26 0 0
81 0 0 70 70 0 61 0 5 52 76 0 3 2 0 55 82 0 0 0 0 0 0 0 0 0 0 0 0 19 0 0 0 78 0 0 0 0 98 40
0 39 0 77 71 0 90 59 61 0 5 0 0 0 93 66 0 28 62 0 0 0 0 0 0 0 22 26 0 0 0 0 0 0 0 0 69 0 0 0
