0 2 93 0 0 0 0 0 0 0 24 0 0 0 0 0 0 32 46 0 0 0 86 0 0 0 0 0 0 0
0 0 24 0 0 0 0 92 0 0 0 26 0 0 0 0 0 0 0 22 0 0 0 0 3 59 0 0 0 0
26 0 0 0 62 0 0 0 40 84 55 0 87 0 0 0 0 0 23 0 0 0 0 69 54 0 0 0 0 88
0 39 0 0 67 61 0 0 0 80 0 8 0 0 78 7 0 90 0 0 0 0 0 0 0 94 0 0 0 0
97 0 0 9 0 65 0 0 0 16 0 0 0 0 0 0 0 0 19 88 22 0 0 0 0 0 0 0 67 0
0 36 0 0 0 0 0 0 71 0 0 0 0 0 21 45 63 0 0 0 0 0 0 0 0 0 0 0 0 0
0 0 0 0 0 0 0 0 38 0 0 0 0 0 0 0 0 0 0 0 0 40 0 0 0 0 68 52 0 0
32 91 0 0 0 0 0 0 0 70 68 0 0 0 0 0 0 0 0 29 0 0 0 31 93 0 0 0 0 14
73 0 0 82 0 0 0 0 0 0 0 44 0 0 97 0 92 0 0 0 0 0 0 0 47 0 0 0 0 0
18 0 0 0 0 0 0 3 0 66 0 69 0 0 0 0 21 0 38 6 68 0 0 0 0 9 55 19 0 0
0 0 0 0 0 48 36 65 0 0 0 0 76 0 0 0 0 0 0 0 40 0 0 57 0 0 0 0 0 0
0 22 0 40 0 89 0 0 0 10 28 0 0 81 0 0 0 0 0 0 97 0 0 0 0 90 0 0 0 0
0 0 38 0 0 58 37 0 0 40 0 0 0 0 0 73 40 0 0 0 0 0 0 0 0 89 0 0 0 82
0 0 65 0 28 0 0 0 57 0 0 22 7 0 0 0 0 0 0 0 85 0 0 0 0 98 0 0 0 31
0 0 0 40 0 0 0 25 0 0 35 0 0 0 0 0 95 27 94 0 0 0 0 0 0 34 0 0 0 46
0 0 0 36 0 0 0 0 0 0 0 0 0 0 0 30 40 0 0 0 0 0 0 0 50 0 0 0 0 0
0 84 46 0 0 0 89 0 0 0 0 0 76 39 0 0 0 0 66 53 0 0 0 99 16 0 0 0 0 0
0 0 0 0 0 0 0 0 0 35 53 0 95 0 19 0 0 0 0 82 0 0 0 0 6 58 0 0 0 23
62 0 94 17 0 0 53 81 0 21 0 15 0 0 0 0 0 0 59 0 0 0 0 0 0 0 0 83 0 0
0 0 0 0 75 0 0 57 0 40 0 0 57 0 0 0 0 0 0 0 0 0 0 0 28 0 57 67 75 0
