0 0 0 0 0 57 0 0 0 0 12 0 0 57 71 51 0 0 0 92
86 0 11 0 0 0 18 0 68 0 0 0 0 0 62 0 0 64 83 0
33 0 63 86 0 0 0 10 0 0 0 0 42 0 21 0 0 96 0 0
50 0 0 0 26 0 69 9 0 0 35 0 0 38 63 0 0 0 0 0
0 0 64 61 0 0 53 0 0 9 0 0 51 0 58 0 0 49 0 95
10 0 0 0 0 0 0 50 43 0 0 0 25 45 75 0 67 0 0 0
0 0 65 0 86 0 0 0 0 0 0 0 0 0 0 0 0 36 86 0
0 31 95 0 0 0 88 0 0 0 41 0 0 85 9 0 0 16 48 0
0 0 0 0 0 11 0 0 0 96 0 0 0 0 0 95 0 0 0 0
21 0 0 0 42 99 55 0 0 22 0 0 0 62 0 0 26 35 0 0
0 43 0 88 29 0 23 0 43 92 0 89 7 0 0 0 0 0 37 0
0 0 10 85 46 0 0 15 0 0 0 0 0 0 0 0 29 0 0 62
0 0 0 66 0 3 0 0 0 0 0 0 0 6 0 0 0 0 0 0
50 0 0 75 47 0 57 84 0 86 74 0 55 49 95 65 0 0 0 0
0 0 0 0 0 0 0 0 0 0 0 23 75 0 0 0 0 0 0 66
11 59 0 0 0 0 0 75 19 0 83 0 0 0 1 89 34 0 0 0
98 0 0 0 0 0 0 51 45 0 1 0 83 0 0 0 0 1 0 65
67 59 0 58 0 0 73 0 0 0 0 0 0 0 0 17 92 0 0 0
76 13 0 17 0 0 67 0 0 0 13 0 0 0 0 0 0 0 30 0
0 0 0 0 0 96 10 23 26 0 0 4 0 0 0 0 51 0 39 10
0 0 0 0 24 0 0 0 47 0 0 0 78 62 0 60 56 0 0 0
65 31 0 0 97 0 0 0 32 0 77 0 0 0 7 0 0 0 94 0
0 0 0 0 0 0 0 18 82 60 0 0 0 0 0 76 81 66 0 0
6 0 0 0 0 54 0 0 99 0 0 0 0 1 0 82 30 0 0 48
19 0 0 0 0 0 0 0 1 76 0 0 0 0 0 20 0 0 0 0
0 31 0 0 79 0 69 0 89 0 0 0 21 0 0 0 85 47 0 0
0 70 0 0 47 0 90 0 93 0 90 0 0 0 0 0 0 17 9 0
0 0 0 0 67 99 0 0 69 55 90 0 80 0 3 0 0 0 16 0
51 0 0 0 0 0 0 0 0 0 0 0 0 0 0 0 0 31 0 39
66 0 0 0 0 0 0 0 66 0 0 0 0 0 0 0 16 0 0 0
81 82 0 0 0 0 0 32 0 55 0 0 0 55 0 21 65 51 0 58
0 0 59 21 0 0 0 0 55 0 33 33 85 0 0 0 35 62 0 0
84 57 64 93 0 47 37 0 0 0 0 64 58 46 4 65 63 0 0 44
0 0 0 54 0 0 0 0 0 69 85 0 40 6 0 17 0 80 0 0
14 0 0 0 0 87 0 0 13 0 0 0 0 40 0 0 90 0 0 14
0 0 0 0 0 68 61 0 0 0 1 0 59 31 0 0 61 0 0 0
0 0 0 15 21 0 0 0 44 0 0 0 92 0 64 30 68 0 6 0
0 51 0 0 58 0 50 0 12 0 0 9 0 0 0 0 0 0 94 97
0 0 0 0 0 94 88 0 0 0 0 70 0 51 0 0 7 0 0 57
0 75 0 0 54 0 0 0 20 73 0 0 0 0 0 0 0 0 55 0
