0 0 0 0 0 97 0 99 0 0 0 0 38 0 73 54 0 99 0 0 0 0 29 0 13 0 0 0 0 0
0 75 0 12 56 0 43 0 0 0 0 84 4 13 0 0 0 97 8 0 26 0 0 66 81 15 0 9 0 0
0 10 22 0 0 65 68 0 0 36 34 0 0 0 0 34 0 0 0 0 0 28 90 95 0 0 0 0 29 0
0 0 20 11 0 60 65 0 0 55 0 0 0 0 0 55 0 0 0 0 0 81 0 0 0 0 0 84 2 0
0 42 0 0 74 0 29 32 16 35 0 11 0 0 0 0 0 0 0 0 0 0 0 0 0 0 0 0 0 0
0 23 0 0 19 49 7 0 0 40 0 0 7 63 0 46 84 61 54 0 0 0 0 0 0 0 0 0 60 0
40 0 0 0 0 91 0 0 0 0 0 33 0 46 49 63 0 0 0 0 0 0 0 0 0 0 52 54 0 0
0 0 0 87 0 0 0 0 0 33 0 0 0 71 0 0 0 0 0 0 0 49 0 54 0 0 0 0 0 0
98 0 0 0 0 0 0 92 0 72 49 0 43 0 0 0 56 93 0 0 55 0 10 96 0 0 53 0 0 0
0 0 86 16 0 0 52 0 0 0 0 27 0 95 0 0 0 0 0 21 0 55 0 44 1 89 6 0 0 34
0 0 0 0 0 0 49 0 56 0 0 0 29 28 58 10 0 20 0 0 0 32 0 75 0 44 56 0 2 0
16 0 0 90 1 0 0 0 0 0 0 0 0 80 0 85 61 93 0 75 67 0 0 0 38 0 0 54 65 0
0 0 30 0 0 0 0 0 6 0 29 0 27 0 38 0 0 79 0 0 0 94 0 13 54 87 0 0 99 0
0 17 0 0 96 33 0 2 0 0 0 90 0 0 0 0 15 0 0 99 0 42 17 0 12 0 72 0 0 0
0 74 68 11 0 0 0 0 0 0 0 0 0 0 26 5 0 0 0 0 67 0 0 0 26 0 0 2 0 0
0 0 0 18 36 51 0 57 0 0 0 88 46 22 0 57 0 81 0 0 0 9 0 0 0 53 0 74 71 22
0 0 0 0 98 0 0 0 0 0 0 72 17 0 32 92 35 0 17 0 21 0 0 0 0 0 63 0 0 0
0 35 0 0 23 32 0 0 0 76 0 0 4 0 0 0 0 90 0 0 0 0 68 0 38 0 31 54 0 0
0 0 0 0 23 0 36 0 0 80 0 0 0 27 0 9 0 76 60 0 0 2 73 0 72 0 0 20 57 0
0 0 0 75 78 0 0 81 92 0 0 42 87 66 0 0 0 0 34 80 89 0 84 4 0 0 19 83 0 51
94 0 0 23 0 0 0 0 58 0 0 59 0 0 0 0 0 0 0 75 0 20 9 83 0 0 0 0 0 35
0 16 59 0 37 0 23 96 0 0 0 0 0 34 0 45 25 0 72 0 0 0 0 67 92 18 0 0 0 1
64 94 53 0 80 16 0 0 0 0 0 0 0 0 44 0 0 98 19 0 0 49 0 46 0 0 0 33 0 0
0 0 25 0 0 0 0 0 31 0 0 27 0 0 0 77 0 0 0 0 0 0 0 0 81 4 0 0 0 0
0 0 0 49 0 89 0 0 0 99 0 0 0 0 0 0 0 0 0 0 0 0 0 37 0 0 0 84 0 56
17 0 0 0 0 0 0 0 7 0 82 0 32 74 0 0 71 0 0 0 2 0 0 0 0 0 0 21 0 2
5 23 12 0 0 0 0 0 0 76 0 17 0 48 0 0 0 40 0 0 87 0 0 0 0 0 0 0 0 56
0 0 0 0 98 0 0 67 43 58 0 0 0 0 0 5 32 0 0 0 0 0 0 0 35 0 0 13 83 86
0 58 24 0 0 0 0 80 0 0 0 0 0 0 0 65 64 0 0 0 0 93 0 0 51 13 0 0 0 58
27 0 0 0 0 0 0 0 0 62 0 0 97 0 0 80 0 0 0 54 0 0 16 0 85 0 0 0 0 0
