0 0 0 15 0 57 0 0 0 0 0 0 84 0 0 0 0 0 72 0 34 0 0 74 72 0 0 0 0 0 87 29 49 94 0 0 0 0 0 0 0 0 0 40 0 0 0 0 0 0
0 20 0 41 0 0 0 0 0 0 0 0 0 0 0 0 0 0 18 0 0 0 0 5 0 0 0 0 87 0 0 0 0 0 0 0 0 0 0 0 0 0 0 0 0 0 0 0 65 14
0 0 0 0 0 0 0 0 0 0 0 22 0 0 0 41 0 0 0 0 46 0 0 0 0 51 0 0 0 27 0 0 0 0 0 0 0 0 0 0 0 0 47 0 0 32 0 0 0 0
0 0 86 0 0 0 0 77 0 19 20 56 0 0 0 44 31 73 0 0 0 0 0 0 0 0 0 0 0 0 0 0 0 0 0 0 0 77 0 0 0 0 0 22 0 0 0 0 4 0
24 0 26 87 0 0 16 28 0 0 0 0 0 0 0 0 0 0 53 0 0 35 0 0 87 77 0 0 0 0 0 0 0 80 0 12 0 0 0 0 0 0 0 63 0 0 0 0 0 61
0 0 34 0 0 87 0 0 0 0 0 0 0 0 0 34 0 96 0 0 0 0 0 49 0 0 67 47 0 0 0 0 0 0 14 52 0 0 0 0 0 0 26 0 4 0 0 0 0 0
0 0 32 87 18 0 0 49 0 0 0 0 62 0 0 0 0 0 0 0 50 0 0 0 0 0 36 0 0 0 0 71 66 0 0 0 0 50 0 0 0 0 0 0 0 0 83 30 0 0
0 0 0 0 0 0 0 74 0 0 0 0 0 61 0 0 0 91 0 0 0 62 0 23 0 0 23 0 0 82 99 0 0 0 0 81 0 0 0 0 14 0 0 51 13 0 0 0 0 0
0 0 0 0 0 0 0 0 0 54 0 0 0 0 0 0 0 0 0 0 29 53 0 0 0 0 63 0 0 13 0 12 40 0 0 0 42 0 0 0 0 0 0 34 0 0 0 0 0 0
0 0 0 0 0 0 0 0 0 0 0 0 0 0 0 0 0 0 0 0 56 0 0 0 0 0 0 0 18 0 0 0 59 0 0 0 0 0 0 76 0 0 24 97 61 0 0 41 56 0
0 0 68 0 7 0 0 0 0 0 24 0 0 0 0 0 0 15 0 0 4 57 0 0 10 0 0 0 30 0 0 0 0 0 0 0 0 0 0 0 0 0 0 0 0 51 0 0 0 31
0 14 0 0 0 0 0 43 0 0 0 0 0 0 46 0 0 0 93 0 0 0 0 63 0 0 0 0 0 0 0 0 0 16 33 0 0 0 0 0 0 0 0 0 0 0 0 0 0 0
0 0 43 0 0 26 0 0 0 0 0 0 0 0 0 0 45 0 0 0 49 78 16 0 0 0 0 0 0 0 0 58 0 0 47 0 0 0 0 0 0 0 0 86 0 0 14 44 30 0
0 0 0 0 0 0 0 0 0 0 0 0 0 0 0 0 0 86 0 0 0 0 83 0 0 60 0 60 0 0 0 0 0 0 0 0 0 0 0 14 0 0 0 0 52 0 57 30 0 96
0 0 0 40 0 62 80 0 0 0 0 0 0 0 22 98 0 0 0 72 0 0 61 0 0 0 0 0 0 0 0 0 77 0 0 0 62 0 0 63 0 0 0 0 0 93 0 0 0 0
0 8 0 0 0 0 0 0 0 0 0 0 0 0 0 0 0 0 0 0 58 29 0 0 0 0 7 0 0 0 8 0 0 0 0 0 69 0 0 0 0 0 0 0 0 12 0 0 52 0
0 67 0 89 17 0 0 80 0 0 0 0 0 0 55 0 47 0 0 75 0 0 0 0 24 0 0 0 0 0 0 0 0 0 0 0 0 84 0 0 0 0 0 0 0 0 0 0 50 53
94 88 0 0 0 0 0 0 0 0 0 59 0 0 0 96 66 1 0 0 0 0 0 0 0 0 0 0 0 0 0 0 0 0 0 29 38 0 0 0 0 0 0 0 0 0 51 0 0 0
0 0 0 0 0 64 0 62 0 0 0 0 0 0 0 32 25 0 0 67 17 0 0 30 0 0 49 0 0 0 0 0 0 0 0 0 0 0 0 0 70 83 0 0 51 0 0 0 54 0
0 50 0 0 43 0 0 0 0 0 0 0 0 0 0 0 0 93 56 0 0 0 0 0 0 0 0 0 0 0 17 0 0 0 63 0 0 0 96 36 0 0 0 99 0 0 0 0 0 43
0 0 0 0 0 0 0 0 0 0 77 0 0 0 0 0 0 0 0 0 0 0 0 0 0 0 0 0 0 0 0 0 0 0 0 59 0 0 0 0 0 0 0 0 0 0 0 0 0 0
3 0 0 70 0 0 0 0 0 0 73 0 0 0 0 0 0 0 14 0 0 0 0 0 0 14 34 0 33 55 0 3 0 0 91 0 0 0 0 0 0 0 0 0 0 0 0 0 0 0
0 0 0 0 55 84 61 60 0 0 0 0 0 0 88 0 0 0 0 0 0 0 10 0 63 0 0 0 49 0 0 0 93 0 0 50 0 0 0 59 0 62 16 0 0 0 0 79 0 0
48 6 0 0 0 0 0 0 33 0 79 0 0 0 0 0 0 0 0 0 0 0 0 0 0 0 0 0 0 0 0 0 0 0 64 46 0 0 0 0 0 0 0 16 0 0 0 0 0 0
29 82 0 0 35 0 0 41 0 0 0 0 0 0 59 0 0 0 0 0 0 0 30 0 0 0 0 0 22 0 0 0 47 0 0 0 34 0 0 15 0 0 0 80 0 19 0 0 0 0
0 0 0 34 0 0 8 0 0 48 0 0 26 0 0 0 0 0 0 0 0 64 0 0 0 0 0 0 38 5 0 0 0 34 0 0 0 0 0 0 0 0 0 0 0 0 76 0 0 0
0 2 70 0 0 28 0 22 0 0 30 0 0 61 0 71 0 0 0 0 0 0 0 0 0 0 0 0 0 0 0 94 0 0 0 60 0 0 0 0 0 3 0 0 79 0 87 0 0 0
0 0 0 95 0 0 0 0 0 0 0 0 0 0 45 0 0 0 0 0 0 97 0 83 66 0 0 60 0 0 20 0 0 0 0 0 0 0 0 0 0 0 0 37 0 0 34 0 0 99
96 0 0 0 0 0 0 0 0 0 0 0 0 35 0 0 0 0 0 0 65 0 0 29 65 0 0 0 19 0 0 0 6 0 0 0 0 0 0 0 0 14 0 0 0 0 0 0 0 0
0 0 54 0 0 0 0 0 0 0 0 0 0 0 80 0 0 0 0 23 0 0 61 69 0 0 0 0 73 10 0 0 80 57 0 60 0 0 0 99 0 0 0 0 0 0 0 0 93 10
