0 33 0 0 68 0 0 0 0 0 36 30 60 0 0 0 0 0 90 0 0 0 0 76 0 83 0 0 0 0 0 0 0 0 0 0 27 0 0 0
0 0 0 0 0 0 0 0 0 0 0 0 0 0 0 0 0 0 0 0 54 1 0 0 0 0 0 0 0 0 0 0 0 0 0 0 6 0 0 0
0 8 0 0 0 27 9 0 0 0 0 0 0 0 0 0 0 0 2 0 0 0 0 43 45 0 0 0 0 0 0 0 0 0 0 0 0 0 0 0
0 24 6 4 25 95 0 68 0 0 0 0 0 0 0 0 2 71 0 0 0 0 39 0 62 0 77 0 0 0 88 0 0 0 0 52 0 0 0 0
0 0 0 97 0 0 0 70 67 32 58 0 77 0 0 51 86 0 11 0 73 89 0 31 0 0 0 0 0 0 0 0 80 67 41 0 0 0 0 0
0 0 0 0 0 0 59 0 0 0 39 0 0 0 0 0 0 0 13 0 0 0 0 0 18 0 0 0 7 0 0 0 53 0 0 0 0 0 0 0
0 0 0 99 31 0 0 33 0 0 85 92 89 0 0 0 0 0 0 0 0 0 0 0 0 0 11 29 0 0 0 0 0 0 0 0 70 0 65 46
15 76 0 0 0 0 0 0 0 0 0 0 0 93 0 0 0 0 0 0 50 0 0 0 0 0 0 77 0 0 0 0 0 0 0 83 0 0 0 0
0 0 0 0 0 0 25 0 0 0 2 0 0 0 0 0 0 0 34 0 48 0 0 23 0 0 0 0 0 10 0 0 0 0 0 0 0 0 0 0
0 0 0 0 0 0 0 0 0 0 0 0 0 43 78 0 0 0 0 0 0 26 0 0 43 0 0 0 0 0 64 19 0 0 0 0 0 0 0 0
0 0 0 0 0 0 0 0 15 0 0 5 0 0 0 0 0 0 0 0 0 0 99 0 0 38 0 0 53 84 0 0 0 0 3 0 47 0 67 0
0 0 0 0 0 0 0 0 0 0 0 0 0 43 0 0 0 11 0 0 0 0 0 0 36 0 98 0 0 0 0 50 74 96 0 0 0 0 0 0
0 0 0 0 0 0 0 0 0 0 0 0 0 0 0 0 29 56 0 0 0 0 0 0 57 0 0 0 0 0 0 0 0 41 91 0 0 0 0 46
0 0 0 0 0 0 0 41 0 0 0 0 0 0 35 0 0 0 0 0 0 0 0 0 0 0 0 0 0 0 34 0 0 0 0 47 0 0 72 0
0 0 0 0 0 0 0 0 0 0 0 0 0 0 0 0 86 0 96 0 0 0 0 0 84 9 0 47 0 0 4 0 0 0 0 0 0 0 97 0
0 92 19 0 0 0 24 0 0 0 0 0 26 0 46 55 0 0 75 0 0 27 0 0 70 0 0 5 0 0 0 0 0 51 0 0 0 0 74 0
0 46 0 81 0 2 0 0 0 0 98 80 0 0 0 0 0 0 0 0 0 0 0 0 55 0 0 0 0 0 26 0 0 0 28 0 0 0 0 0
0 84 0 0 0 0 0 0 0 0 0 0 48 98 0 0 60 0 0 0 52 0 0 0 0 0 0 0 0 0 0 0 0 0 0 0 0 0 0 12
0 0 0 0 5 0 0 0 91 0 0 0 0 0 0 0 98 98 0 0 16 0 0 0 22 35 34 0 12 0 0 0 53 0 0 0 0 0 0 0
0 0 0 0 35 0 0 0 0 0 0 0 0 0 10 0 0 41 0 64 0 0 14 0 0 0 0 86 0 46 0 0 0 0 90 0 0 0 0 0
