67 0 67 0 2 0 0 0 0 0 0 0 53 54 0 0 0 18 0 0 0 0 0 0 50 99 60 0 0 0
0 0 63 0 0 0 9 0 93 0 0 86 0 0 0 64 38 81 0 20 0 0 0 0 0 15 14 0 36 0
18 0 35 0 0 0 0 0 0 0 67 0 0 57 0 0 98 0 65 0 77 63 36 0 0 87 0 1 72 0
0 0 0 0 0 0 15 0 78 16 0 72 0 39 0 71 21 0 58 0 0 0 0 0 0 0 0 0 0 0
0 0 72 74 0 66 36 0 0 0 0 0 0 0 0 0 20 0 0 98 60 0 0 0 0 31 54 0 0 0
24 0 29 0 0 0 55 0 1 99 0 8 69 0 0 0 42 0 0 19 20 0 0 4 0 0 85 0 89 0
0 0 40 0 0 0 0 79 98 0 0 48 46 88 0 95 0 0 30 0 0 0 0 0 13 93 0 0 0 0
0 0 0 3 0 0 0 0 0 94 0 91 80 0 65 22 0 0 0 99 73 32 97 0 79 0 0 20 0 56
0 0 2 0 0 0 0 0 0 0 0 0 0 0 0 73 0 11 0 0 0 0 87 0 0 53 70 0 0 0
0 0 0 0 30 0 0 0 0 72 0 23 97 0 0 0 15 0 0 0 0 25 0 0 0 0 12 0 0 70
