0 12 0 42 0 0 0 0 0 32 0 53 0 0 0 38 57 0 0 0
0 0 74 25 23 0 0 0 0 0 0 0 0 42 0 0 68 0 0 15
39 0 0 0 0 0 0 0 0 53 0 0 0 0 34 46 0 0 9 0
0 0 0 0 25 3 0 0 0 0 0 0 0 35 0 0 55 0 0 25
0 0 29 0 0 19 89 40 0 0 0 78 0 0 0 75 48 20 3 0
0 0 0 0 5 0 0 0 0 0 0 0 0 0 86 0 0 0 57 32
0 0 67 15 0 2 0 0 0 0 19 0 0 0 0 45 0 8 78 0
0 0 10 0 0 0 0 0 0 0 0 78 84 95 63 0 0 0 0 0
0 0 0 0 0 0 0 0 0 0 0 0 0 98 0 0 78 0 15 0
0 0 0 0 0 0 0 31 39 0 31 0 0 77 66 0 81 0 61 0
0 8 0 53 45 80 0 83 0 0 0 70 59 16 0 0 49 0 0 10
31 0 0 0 0 70 0 68 0 29 54 0 19 0 0 0 64 0 0 24
0 0 0 0 0 66 99 0 0 0 0 0 6 80 0 0 0 49 0 6
0 0 24 74 0 0 0 0 0 0 0 65 0 96 0 0 0 0 69 0
0 0 0 0 81 13 0 0 0 0 0 0 0 0 0 0 91 0 0 60
0 0 20 0 83 37 0 0 42 0 0 74 51 0 0 0 0 0 15 25
0 0 0 36 0 0 29 0 0 77 0 0 0 0 97 38 0 32 0 0
78 0 28 0 0 15 25 0 0 0 40 50 0 8 22 0 0 0 0 0
9 0 0 0 0 0 79 0 95 81 0 51 21 0 0 38 49 0 0 0
1 0 0 0 0 0 0 46 0 0 0 0 0 62 0 0 20 0 63 0
67 0 0 75 0 0 0 0 0 0 0 0 83 0 0 0 0 74 0 0
0 0 0 0 0 17 38 68 0 78 0 0 48 0 0 22 0 0 0 68
0 86 0 74 0 8 0 41 0 58 0 20 0 0 46 0 0 0 0 0
0 21 0 0 54 91 57 0 21 0 0 0 0 0 0 89 0 0 0 0
0 7 67 0 46 0 19 36 0 0 0 0 0 73 0 65 0 0 0 69
13 0 0 0 91 18 0 0 0 0 27 0 67 74 37 0 0 2 0 0
0 0 94 41 0 10 0 87 84 69 53 59 0 0 0 89 0 0 85 0
35 0 85 37 55 57 84 0 45 0 12 0 14 0 4 0 51 69 0 0
0 37 0 0 0 0 0 53 0 84 0 87 70 0 0 0 0 0 0 51
0 0 0 63 0 0 72 56 0 0 0 0 0 16 88 0 1 75 65 0
0 9 0 0 75 0 72 91 0 0 5 54 0 0 0 0 72 0 4 0
5 0 0 0 0 0 0 63 0 0 0 0 61 0 0 11 13 0 0 0
0 0 0 0 0 26 0 2 0 0 45 86 85 0 0 0 0 0 0 31
96 0 0 94 30 0 0 0 0 0 0 0 55 0 85 94 0 0 24 0
0 0 48 0 0 64 0 0 59 0 0 0 0 77 82 0 85 0 0 0
8 36 19 0 95 0 0 0 56 0 34 0 0 0 45 0 85 1 0 0
0 0 0 85 0 0 0 0 0 89 7 9 88 68 93 0 0 0 40 0
0 0 0 0 78 0 0 0 0 0 65 0 0 0 0 2 8 0 0 48
2 57 24 64 0 0 0 0 0 0 0 0 0 0 0 0 0 0 0 67
0 0 0 0 79 0 0 0 0 0 0 0 0 0 35 0 0 25 0 0
