0 25 0 0 0 76 0 0 0 0 10 41 0 53 70 0 83 0 0 0
0 16 66 33 0 89 0 92 0 0 0 0 17 0 0 34 74 0 0 6
40 15 0 0 0 85 0 0 81 0 13 45 0 0 43 0 0 64 0 0
79 0 69 58 5 0 0 58 0 0 0 0 0 0 0 98 0 0 0 0
0 0 60 5 0 0 0 0 0 0 0 80 0 43 0 0 0 0 6 0
0 0 0 0 0 31 0 32 44 0 0 0 64 0 0 0 0 0 65 75
0 45 0 96 0 0 70 0 0 0 24 55 0 0 0 0 32 0 0 0
0 0 0 0 0 85 48 29 0 72 0 0 0 0 0 50 0 11 0 6
0 0 80 0 0 17 0 0 0 47 0 0 0 0 0 46 0 0 0 42
45 90 0 30 0 0 42 0 38 0 67 0 0 0 3 64 0 0 0 77
0 68 0 0 0 0 0 66 78 0 0 60 0 8 0 29 0 20 0 34
99 0 70 0 0 0 0 0 0 0 0 60 0 0 0 0 73 0 0 75
0 0 0 19 0 0 0 0 83 0 0 0 39 0 0 0 0 22 65 0
70 0 0 0 99 0 0 0 0 0 0 11 37 0 0 72 0 0 6 80
85 40 66 0 0 61 0 0 64 0 0 53 0 0 72 0 0 5 91 0
0 0 22 0 47 0 0 51 21 0 0 32 0 99 0 64 32 51 0 0
0 0 0 11 0 44 0 0 0 25 0 0 26 0 0 0 14 0 56 6
0 0 0 14 0 0 0 0 97 0 0 0 65 0 0 0 0 89 0 0
86 0 4 0 0 0 0 0 0 0 92 0 0 71 0 77 0 56 0 6
0 2 0 0 49 0 0 18 0 16 0 0 0 5 0 0 0 0 0 35
0 0 0 0 0 0 43 0 0 0 48 0 54 0 37 26 66 0 50 0
57 0 30 58 0 0 0 78 0 0 50 0 0 2 0 0 62 0 41 50
0 0 0 46 0 0 0 0 0 0 0 51 5 0 0 0 0 0 82 0
0 66 0 2 1 0 0 0 0 0 0 0 1 0 0 0 58 0 38 0
0 0 20 80 0 0 30 0 0 0 0 51 0 0 49 4 74 0 0 68
0 0 62 0 10 0 0 0 52 42 0 28 0 0 42 44 0 0 0 0
0 0 0 6 0 54 91 0 5 0 24 0 0 0 0 0 51 0 39 0
43 2 0 0 0 0 0 0 0 0 0 0 0 0 0 0 55 0 0 0
37 13 0 0 53 0 13 0 63 0 71 0 0 0 0 0 0 67 76 0
43 95 77 0 0 0 0 0 0 0 0 0 0 0 0 0 0 37 0 0
83 0 0 0 0 0 0 0 0 0 0 0 24 7 0 14 93 86 0 0
0 57 0 0 31 0 0 0 0 40 6 0 0 1 0 80 24 0 54 0
0 0 0 0 0 87 48 0 0 0 78 0 0 0 0 0 99 0 91 0
0 0 39 18 0 0 0 0 0 0 0 0 0 0 0 0 42 27 32 95
0 0 11 0 85 0 0 0 0 0 0 0 53 0 0 0 0 0 0 0
0 87 7 49 0 45 70 0 0 0 0 64 0 0 0 5 6 0 0 0
0 0 47 0 12 92 0 0 0 0 0 78 47 0 9 0 0 75 0 0
40 0 0 0 0 52 0 3 77 90 0 14 0 0 0 0 44 77 0 0
0 51 0 0 24 2 0 0 0 81 0 0 0 39 0 0 12 0 22 0
0 1 0 0 90 85 0 2 43 0 0 0 0 6 0 92 0 0 0 0
