0 0 7 0 0 85 0 0 0 0 0 77 0 0 0 0 0 17 0 0 0 0 0 0 0 0 0 61 0 0 11 0 0 0 0 0 17 0 85 0
0 0 46 0 38 17 0 0 0 0 32 0 60 0 0 0 0 0 0 0 0 0 0 37 33 0 9 0 0 0 0 86 0 0 0 0 11 0 0 0
0 0 0 0 0 0 0 65 0 0 0 44 84 0 0 0 0 0 0 0 83 0 0 0 76 60 75 0 0 0 0 0 0 0 0 0 0 12 0 0
0 86 0 0 63 59 0 0 0 0 0 0 0 0 0 0 0 0 0 68 95 0 0 0 0 0 0 0 0 0 0 0 0 0 0 0 0 0 72 0
0 0 0 0 0 0 0 0 0 0 0 0 0 0 0 0 0 0 0 0 0 0 87 48 36 0 0 59 4 0 96 0 0 0 0 94 0 0 0 0
17 67 0 0 0 0 60 0 0 0 0 0 0 0 0 26 0 0 0 0 98 0 0 0 0 0 0 48 0 0 25 0 0 0 7 0 0 1 0 0
89 0 0 0 0 0 0 0 0 71 0 0 0 0 0 0 0 0 0 0 0 0 0 0 18 0 0 93 0 0 0 0 0 0 0 0 0 0 60 0
0 0 0 0 0 0 0 0 65 0 83 0 0 0 0 0 0 0 0 0 0 0 68 0 0 71 0 0 0 0 0 36 0 0 0 0 0 29 0 0
0 0 46 0 39 0 0 0 11 0 0 0 49 0 0 0 44 0 0 0 0 0 0 0 22 0 85 0 0 0 99 0 0 0 0 0 0 0 0 0
0 9 0 0 0 0 0 62 85 0 0 0 85 0 0 0 0 0 0 0 0 0 0 90 0 0 71 0 0 0 0 44 0 0 0 0 0 0 0 0
96 0 0 0 72 0 90 0 0 0 0 0 0 0 0 0 0 0 0 0 0 0 0 0 40 0 44 83 0 0 0 0 0 0 0 0 87 0 0 0
0 0 0 0 0 0 0 0 0 0 45 84 26 0 0 0 0 45 55 27 72 0 6 0 0 0 0 0 0 71 0 0 0 0 94 0 0 0 0 47
0 0 0 0 0 0 9 0 0 80 0 0 0 0 0 0 0 0 0 89 0 0 0 38 0 18 0 0 58 0 0 0 0 0 0 3 0 0 0 0
0 81 0 42 0 87 0 0 0 0 0 0 0 0 0 46 0 0 0 0 0 0 0 12 0 0 29 0 15 0 0 0 0 0 0 0 42 0 96 51
0 0 0 0 62 0 22 0 77 0 22 0 0 0 0 0 10 0 0 46 0 96 9 0 0 0 57 76 0 0 62 47 60 0 0 54 0 30 73 0
32 0 0 0 0 0 0 0 0 0 0 0 0 0 0 0 0 75 0 20 0 0 0 0 0 0 0 79 0 0 0 0 0 91 0 0 0 0 0 0
0 0 0 0 0 88 36 0 0 0 0 0 0 0 0 0 0 0 91 0 0 0 0 0 0 1 0 0 1 0 0 0 0 0 77 70 0 0 0 0
64 0 27 0 0 0 0 0 0 0 0 0 1 84 0 0 0 0 0 0 0 0 92 0 0 0 0 0 0 0 94 0 0 0 0 0 0 0 0 58
0 0 0 0 50 0 0 0 0 98 0 0 0 0 0 0 0 0 0 0 0 80 0 0 29 0 0 0 0 35 75 0 0 0 0 0 0 0 0 0
0 98 0 0 0 0 0 0 0 0 0 0 0 0 0 0 74 0 0 1 66 0 0 0 0 0 0 0 0 0 0 27 0 0 85 0 0 0 0 96
