0 0 56 99 60 0 0 64 64 72 0 0 0 11 25 0 0 0 0 0 1 73 0 0 47 0 66 0 0 75
0 65 0 0 34 92 2 12 0 0 23 0 0 0 0 0 0 0 0 0 0 0 0 0 0 36 0 0 0 0
0 0 31 22 34 0 0 0 0 0 0 0 0 0 0 66 16 96 0 0 25 34 0 0 0 0 28 74 0 35
0 81 0 86 83 0 55 0 0 54 0 0 0 0 0 0 0 0 46 0 0 0 0 0 56 32 0 27 0 0
0 47 0 0 13 0 0 71 27 0 0 0 0 0 12 25 89 81 81 0 0 0 97 0 13 0 71 0 58 0
31 0 0 0 0 43 0 99 0 54 0 99 0 0 0 0 0 97 81 0 0 56 0 0 0 0 0 0 25 0
72 54 0 0 0 0 0 0 0 0 84 0 0 0 0 0 0 0 0 0 0 0 0 52 0 0 96 0 0 0
68 0 0 0 0 0 0 0 62 0 87 17 0 0 0 0 0 51 0 28 0 0 39 0 17 0 0 46 0 52
27 77 0 78 51 64 0 0 0 79 8 38 45 0 0 0 0 8 0 0 0 0 0 0 0 80 0 0 0 0
0 7 61 0 0 0 0 0 0 0 0 0 0 0 0 23 69 50 85 0 0 93 7 82 0 0 48 98 0 0
