0 0 0 0 0 0 0 0 0 73
0 23 0 0 32 0 0 0 0 0
11 50 22 0 0 82 27 0 0 0
0 0 0 21 71 10 0 0 15 0
0 54 0 0 0 0 0 0 91 0
0 0 0 10 14 22 64 0 0 94
32 0 0 0 15 0 0 0 0 0
6 0 0 13 0 0 82 82 0 26
0 0 44 0 0 0 0 0 55 0
40 0 0 0 82 0 0 0 0 0
29 19 0 0 0 42 14 0 52 0
0 0 0 51 0 0 0 0 0 0
0 0 56 48 95 52 0 0 0 70
0 0 1 0 9 0 43 0 0 0
0 0 37 0 0 0 0 0 0 23
0 0 4 0 0 0 0 14 0 47
26 0 0 0 0 0 74 0 0 0
0 0 9 9 0 50 35 0 0 0
76 4 0 0 72 0 0 0 79 0
0 0 0 0 90 0 0 0 0 0
0 0 14 0 0 0 5 0 27 0
0 0 50 34 22 0 0 0 0 0
0 0 0 0 0 0 19 56 0 35
19 47 0 0 45 4 0 0 0 0
0 0 90 0 52 9 43 0 63 24
0 0 89 3 0 39 14 10 79 0
74 42 0 0 0 0 0 43 0 0
0 0 4 89 0 11 11 0 0 0
0 0 0 0 0 52 65 34 0 0
41 0 0 0 0 61 0 70 0 40
0 0 12 29 0 73 0 0 0 39
43 47 0 11 0 0 0 0 10 0
61 54 0 0 0 38 31 0 0 63
0 98 0 0 0 0 0 0 0 0
7 15 73 0 6 0 0 0 44 0
0 0 32 0 0 0 0 71 22 0
77 0 0 0 0 30 10 0 1 0
0 32 0 0 0 0 0 0 0 0
0 0 0 0 0 90 0 0 0 42
0 0 0 11 0 0 42 0 0 0
0 0 57 58 47 0 0 84 91 0
0 0 0 0 0 0 0 0 0 83
28 0 0 0 0 80 0 0 0 0
69 0 51 87 0 0 0 0 0 84
70 46 0 0 0 0 0 6 0 90
10 0 0 0 0 0 0 0 0 0
47 0 48 0 0 44 0 0 0 0
0 52 69 0 0 0 0 29 44 0
0 49 10 85 62 1 0 19 23 45
0 10 0 0 0 0 0 0 0 0
