60 0 0 82 0 0 0 0 0 0 0 0 0 0 0 39 0 0 0 0 0 0 0 0 0 0 0 0 76 80 0 0 0 0 95 0 78 0 0 0 0 0 0 13 0 0 0 0 0 0
0 22 0 0 0 0 0 0 0 0 0 0 0 0 0 0 0 0 0 0 0 81 0 0 0 42 0 0 0 0 0 62 53 0 0 0 0 0 68 0 0 0 0 0 0 68 0 17 0 0
0 0 0 0 0 0 0 0 0 0 0 0 0 0 0 0 0 0 0 0 0 0 71 0 18 0 1 0 0 0 0 0 0 60 0 0 0 0 0 0 16 0 33 0 0 0 0 80 0 0
0 40 0 54 0 0 81 0 59 0 42 0 68 0 0 8 0 0 0 0 0 0 0 0 0 53 33 53 0 0 0 0 0 0 0 0 48 27 0 0 0 57 0 0 45 0 0 0 0 37
0 0 0 0 0 0 0 59 0 0 0 0 35 0 0 40 0 0 0 0 0 0 0 9 0 0 0 9 0 0 0 0 0 0 0 0 0 91 0 29 0 0 0 0 0 0 0 0 46 70
0 0 71 0 0 0 0 0 0 0 0 0 0 0 0 92 0 0 0 0 0 0 0 77 0 0 76 55 0 0 4 0 0 0 0 0 93 40 0 0 0 0 83 0 0 62 38 0 0 49
0 0 0 61 9 0 0 40 0 0 0 95 0 81 33 73 0 38 0 0 0 0 33 0 0 0 0 0 0 36 0 24 0 0 0 0 0 0 0 0 0 0 0 0 80 82 87 0 0 76
0 0 0 0 0 0 0 82 0 0 0 0 0 0 0 0 0 0 0 0 0 95 0 0 0 73 0 0 0 0 0 97 0 11 0 0 25 0 0 74 0 0 0 0 0 0 0 0 0 0
71 72 0 7 0 0 0 99 0 0 0 0 0 0 0 0 0 53 29 0 0 0 0 0 0 0 0 0 0 0 0 0 0 0 0 0 0 0 44 0 4 0 0 0 0 0 0 32 0 0
0 50 0 0 0 0 0 0 0 0 0 0 0 0 0 83 0 0 0 0 0 0 16 0 0 0 71 0 0 0 0 64 0 0 0 0 66 0 0 0 0 40 0 0 0 0 0 0 0 0
0 94 0 0 0 0 0 0 0 0 0 0 63 0 0 60 0 0 0 21 0 0 0 0 0 0 30 42 0 0 0 0 0 0 14 0 10 0 45 0 0 0 0 0 0 0 0 32 0 0
0 0 11 0 0 0 0 0 0 0 0 0 15 0 0 0 0 0 0 0 41 51 0 0 0 0 0 0 0 0 0 0 30 0 0 0 20 0 0 95 0 0 0 0 0 0 0 0 0 85
0 0 90 0 0 0 0 0 30 0 91 67 11 0 68 0 0 0 0 0 0 0 0 71 19 30 0 0 39 0 86 0 0 0 0 0 0 0 29 0 0 0 0 0 0 0 0 0 0 0
0 0 0 0 0 0 78 0 0 0 0 11 0 0 0 0 0 37 0 0 0 0 0 0 0 67 0 0 0 0 21 0 0 21 0 0 0 0 0 43 0 0 0 0 0 0 0 0 0 54
0 0 88 0 0 96 0 0 0 0 0 0 0 58 0 0 79 0 0 0 0 0 0 0 59 0 4 0 47 0 0 0 0 0 0 0 8 79 0 0 0 0 0 0 0 0 0 43 0 0
43 0 0 42 0 0 0 39 0 0 0 88 0 0 0 0 0 0 0 0 45 0 60 87 0 0 10 0 18 0 0 0 0 0 0 0 76 20 67 0 45 7 0 0 0 0 0 0 0 99
0 0 0 0 0 0 29 0 98 0 48 0 72 21 0 0 63 0 24 0 0 0 0 0 51 70 96 0 0 0 0 27 0 0 0 0 0 0 0 0 0 0 0 0 0 0 0 0 70 0
0 0 0 7 0 0 0 46 51 0 0 0 0 0 0 0 44 71 1 88 0 0 0 0 0 0 0 0 0 0 55 90 0 0 92 4 0 0 0 98 0 12 0 0 0 0 77 5 0 0
0 76 0 0 0 30 0 0 0 0 0 0 81 0 0 0 0 0 0 70 0 0 0 0 0 0 0 83 79 0 0 96 0 48 0 0 0 15 0 0 0 0 4 0 36 0 0 0 52 0
93 0 0 0 0 0 0 0 0 0 0 22 0 0 0 0 0 0 0 0 0 0 0 0 8 0 0 0 0 99 58 0 54 36 85 67 0 0 0 0 23 0 0 67 0 61 0 66 0 0
0 0 41 0 0 0 6 0 83 0 82 0 0 0 0 0 0 0 0 69 51 9 0 0 63 38 0 0 0 0 0 34 0 36 0 0 0 0 9 0 0 0 0 94 0 0 21 41 0 0
49 0 0 0 96 98 98 35 0 56 0 0 0 0 0 0 0 0 0 0 0 0 0 0 0 89 0 0 0 0 0 31 0 0 0 0 0 0 0 0 0 85 0 0 0 0 0 0 27 0
0 0 0 0 0 0 0 45 0 0 0 0 0 0 0 0 0 0 13 27 0 0 0 54 0 0 0 0 0 0 0 0 0 7 0 0 0 0 0 0 4 0 0 0 0 77 0 0 0 0
0 0 0 0 92 0 0 0 0 0 0 0 0 0 0 0 0 83 0 0 0 55 78 0 61 0 93 0 0 28 0 0 0 79 22 0 0 0 0 0 0 0 0 0 5 85 97 0 50 9
74 14 0 0 0 0 83 72 95 19 80 0 0 0 0 0 0 0 0 0 0 0 0 94 0 0 0 0 0 0 43 0 0 0 0 0 73 0 0 0 0 0 0 10 0 0 0 0 0 0
0 0 74 39 0 0 0 0 0 0 0 0 0 14 0 0 0 0 0 7 46 0 0 0 0 41 30 0 0 0 0 51 0 0 0 0 0 0 0 0 0 0 0 0 0 0 0 0 16 0
0 0 0 39 37 0 0 0 0 0 0 0 0 0 0 0 0 0 0 34 0 0 0 0 0 97 0 0 0 0 6 0 0 68 51 0 0 0 0 0 0 39 0 10 0 0 0 0 0 85
0 0 0 0 0 0 0 0 0 94 0 4 0 6 0 0 0 32 0 87 0 0 0 0 0 1 0 80 0 0 73 0 23 0 0 0 0 62 14 0 29 0 0 0 0 30 0 0 0 0
10 0 0 0 0 0 0 0 46 0 0 0 0 0 0 0 0 0 0 0 11 27 0 6 0 0 0 0 0 0 0 0 0 0 0 7 0 0 0 0 0 0 0 40 0 0 0 22 0 0
0 0 0 0 0 0 0 0 97 34 97 0 0 46 0 0 0 0 0 0 0 0 0 0 0 49 0 0 0 0 16 0 0 0 0 0 0 0 0 0 77 0 67 0 0 0 0 0 0 0
0 0 0 0 7 58 26 0 0 0 0 0 0 99 0 0 0 0 0 0 0 29 0 0 0 0 0 0 0 0 61 0 0 0 0 0 70 6 58 0 41 0 76 0 0 48 0 0 0 91
36 48 0 14 0 0 0 0 0 0 0 0 0 0 0 0 0 0 81 0 0 0 44 0 0 0 0 0 82 0 0 37 0 0 0 0 0 0 0 0 0 0 90 0 0 60 0 0 39 0
0 0 28 0 0 0 0 58 0 0 0 0 0 0 0 0 0 0 0 0 0 0 0 0 0 0 0 57 0 0 0 98 33 0 0 0 57 0 69 0 0 0 77 0 0 0 0 0 0 0
0 52 53 0 0 0 0 85 0 0 0 0 61 0 91 0 0 0 68 18 0 0 0 90 6 0 0 0 0 0 0 0 0 0 0 0 30 0 0 0 0 0 0 0 0 0 0 14 0 0
0 0 0 0 0 29 0 0 0 0 0 85 78 0 0 0 0 0 33 41 0 0 0 0 0 0 0 97 0 0 68 92 0 0 0 0 45 0 0 0 8 0 0 97 0 0 0 0 0 0
0 0 0 92 0 0 33 0 0 0 43 0 40 0 0 0 0 0 0 0 0 0 0 11 0 0 49 0 0 30 0 69 0 0 0 0 0 0 22 80 0 46 0 0 0 0 11 72 0 0
96 0 0 9 0 0 0 95 0 0 0 60 0 86 0 62 0 0 0 45 0 49 0 0 0 0 0 0 93 59 0 0 0 0 0 0 0 0 0 28 0 0 29 41 0 0 0 0 0 0
0 0 0 0 0 75 0 0 0 0 0 0 0 0 0 0 0 0 68 0 0 0 0 0 0 0 0 0 0 0 0 0 0 0 8 0 0 0 0 0 0 0 85 0 0 0 0 0 0 65
0 0 0 0 0 0 0 0 0 0 0 65 0 11 0 0 93 0 41 0 0 0 9 0 0 0 0 0 0 0 0 74 0 0 27 0 0 0 0 0 0 0 0 0 76 0 0 0 15 0
80 0 0 0 0 0 0 79 0 0 0 0 24 0 14 0 0 0 0 76 0 0 0 0 0 0 0 0 0 0 0 0 0 0 0 0 0 0 0 0 0 0 0 0 0 0 0 0 0 0
0 0 0 74 0 0 0 71 0 0 0 0 43 40 0 0 0 0 0 0 88 0 0 0 0 73 0 0 44 0 0 0 0 0 0 0 0 0 0 0 0 0 0 0 0 0 0 0 71 0
0 0 0 0 0 0 71 0 0 0 0 86 8 82 41 0 0 0 54 0 0 0 0 0 0 0 0 0 0 0 61 0 0 0 0 0 0 53 0 0 0 0 0 0 0 0 0 45 0 0
0 53 0 0 0 0 0 0 0 0 0 0 64 0 0 0 0 0 0 0 0 0 0 0 0 0 0 0 0 97 23 17 0 0 0 0 0 0 0 0 0 0 0 0 0 0 0 0 0 0
0 0 0 0 37 0 0 49 0 60 0 0 0 0 0 0 0 0 0 6 87 0 0 0 0 0 75 0 0 0 0 0 0 0 0 0 0 0 0 0 18 0 0 0 6 0 0 0 0 0
0 0 29 0 0 0 97 90 0 0 28 99 0 87 0 0 0 44 0 0 0 0 0 0 0 0 0 0 0 0 0 0 0 0 0 0 0 0 0 0 0 0 46 87 0 0 0 0 0 0
0 0 20 0 0 89 0 0 0 0 0 0 95 0 60 0 30 0 50 0 0 77 0 0 45 0 0 0 0 0 0 0 59 34 0 0 0 0 0 0 0 0 0 0 44 70 0 0 0 29
0 92 0 0 0 0 0 0 0 0 0 0 0 0 0 0 47 0 0 0 0 0 0 0 71 0 0 21 0 0 0 0 0 0 0 0 0 0 0 55 0 0 0 0 0 0 93 30 0 0
33 0 0 29 0 0 0 0 0 0 11 0 51 0 0 0 0 0 0 0 0 0 0 0 0 0 0 0 0 62 0 0 0 0 0 79 0 0 0 0 0 0 71 0 0 0 0 0 3 0
0 0 0 0 97 0 4 0 0 0 0 0 62 0 0 58 0 0 0 0 0 0 0 0 0 36 0 0 0 0 0 0 0 56 0 0 0 0 0 0 36 0 0 0 0 0 0 0 1 0
0 0 8 0 32 0 0 82 0 0 0 0 0 0 0 0 99 56 0 0 55 38 0 0 0 0 0 0 0 0 0 0 0 0 0 32 0 0 0 0 0 0 0 0 0 0 0 0 0 0
