89 0 0 0 0 0 98 0 0 0 42 0 0 84 0 0 0 0 0 0 0 15 43 0 0 0 94 0 56 0 57 0 49 75 0 0 0 0 0 79 0 48 0 27 67 35 0 0 0 0
0 0 0 0 0 0 12 0 0 0 0 87 0 0 10 0 0 0 62 0 0 0 0 1 0 0 0 0 0 0 0 0 0 0 0 0 52 0 70 0 0 0 0 0 0 54 0 0 0 10
0 0 25 19 0 0 0 0 0 0 0 0 0 23 87 0 0 0 0 79 0 35 69 0 0 0 0 80 0 0 0 0 0 0 33 46 58 0 0 0 13 86 0 8 0 42 0 0 0 0
0 0 0 0 91 0 0 0 0 0 2 0 0 56 94 43 0 20 0 0 5 0 39 0 50 13 0 0 52 0 0 62 0 82 0 0 0 0 0 96 0 0 0 0 0 0 0 0 86 0
0 0 0 0 0 0 52 0 0 0 76 8 0 0 0 0 0 0 0 0 0 10 0 0 56 0 0 0 0 0 0 0 0 11 0 85 2 0 0 0 27 52 0 0 90 0 0 69 0 14
93 0 0 0 99 0 0 0 28 0 97 0 12 61 11 47 0 0 0 17 0 0 96 24 0 0 56 0 0 9 0 0 0 0 0 0 0 0 70 25 0 97 0 0 0 5 46 0 0 0
86 0 0 76 0 40 0 0 65 0 79 0 44 0 0 0 0 0 0 0 6 0 0 0 0 62 0 82 0 43 0 74 0 0 0 87 80 62 0 0 0 0 0 0 0 0 12 0 61 66
0 85 0 0 35 79 2 0 24 88 28 25 83 0 39 0 0 0 0 25 0 0 0 0 0 55 0 0 1 72 0 0 0 0 59 0 40 0 0 0 0 0 0 0 31 88 16 0 4 73
0 12 0 87 24 0 0 0 91 68 0 62 83 81 86 0 97 0 0 0 0 0 0 0 0 56 0 86 0 98 0 0 0 0 29 59 0 15 0 0 0 25 0 0 0 40 0 0 55 22
0 0 0 40 74 0 39 0 0 0 13 0 0 0 0 0 33 0 10 0 0 0 0 0 65 0 65 0 0 0 0 0 65 0 0 74 0 48 0 95 57 0 27 64 0 46 0 0 0 0
0 0 0 0 0 0 0 24 0 19 0 75 0 0 38 0 0 99 18 0 0 0 0 0 0 0 99 0 0 19 0 0 0 0 0 0 0 56 0 0 14 0 0 0 30 0 10 0 0 18
16 0 0 0 19 0 0 43 79 0 0 29 77 83 95 18 29 0 55 84 0 58 0 0 0 0 0 68 0 0 73 0 0 0 0 45 12 0 0 0 0 53 0 60 0 0 95 77 79 0
0 0 0 0 0 0 26 0 0 0 0 0 1 42 7 89 0 0 0 0 20 72 0 0 0 0 0 35 53 0 64 0 25 7 56 79 0 0 0 0 95 9 21 91 0 98 0 86 0 0
38 0 0 90 0 73 0 0 0 0 0 0 0 98 0 0 0 40 0 0 13 4 0 0 56 21 0 0 82 0 0 0 0 0 51 0 9 2 85 0 0 60 0 21 0 80 0 0 58 0
0 37 0 98 0 59 84 0 0 0 0 0 98 0 0 0 0 0 0 0 0 0 0 0 2 0 0 0 0 81 64 0 33 0 70 0 0 19 48 0 56 0 23 39 0 0 0 0 0 0
81 0 84 0 33 0 69 54 6 43 0 0 77 0 0 37 0 0 0 0 23 69 43 0 0 0 60 72 0 23 0 23 0 0 0 0 0 0 10 0 23 97 0 0 10 27 0 0 82 45
0 0 18 44 0 0 0 0 0 13 0 3 70 0 0 0 0 28 87 0 0 89 0 0 0 27 85 0 0 0 55 0 0 60 8 62 0 34 0 35 0 0 0 0 5 36 24 0 0 0
0 0 0 0 0 57 53 0 0 0 75 0 0 0 0 60 22 1 0 0 0 93 0 95 0 78 0 62 42 54 0 0 0 71 0 0 0 0 0 0 0 0 18 0 28 38 22 0 0 0
0 0 0 0 0 0 82 0 87 0 48 0 0 0 0 0 0 29 38 52 0 0 0 16 0 0 0 74 0 46 0 25 0 0 0 0 0 0 61 64 0 61 56 0 0 51 0 0 0 8
36 0 0 0 0 75 0 0 0 0 0 0 83 0 0 7 0 0 0 39 0 0 0 0 0 0 0 0 30 0 0 0 8 0 0 26 0 0 0 0 0 0 0 0 0 0 50 73 37 7
0 99 0 0 42 0 0 0 0 0 44 8 0 22 40 98 0 69 0 31 0 0 0 0 0 0 0 0 0 0 0 0 0 0 27 0 0 0 0 0 16 7 0 0 17 55 0 9 0 0
91 0 0 0 2 0 0 0 0 64 49 0 0 86 89 0 0 0 0 0 48 83 0 0 71 0 0 0 37 0 0 66 0 0 66 0 59 0 0 0 0 0 0 0 0 0 0 69 0 61
0 0 48 0 0 0 0 0 0 0 0 11 0 80 29 0 0 0 0 0 0 0 0 0 73 0 0 56 0 72 61 0 0 0 85 0 6 0 0 0 0 0 0 0 88 0 0 97 0 0
0 0 0 48 0 76 0 0 22 0 0 0 0 0 77 0 69 0 0 0 0 24 0 91 0 0 0 0 31 0 33 51 0 0 58 6 0 0 0 29 0 0 11 15 91 64 61 67 0 95
0 0 0 0 49 0 0 0 0 0 0 0 0 0 0 7 0 0 0 0 0 0 0 0 0 0 97 3 0 92 0 0 29 0 0 0 0 0 0 0 0 0 49 0 0 0 0 81 0 0
0 0 0 0 0 67 48 0 0 0 0 8 63 24 0 78 0 6 0 23 0 86 67 0 0 0 20 0 0 0 0 0 0 0 0 0 58 31 35 97 62 0 0 0 5 0 0 0 0 82
0 71 0 0 0 0 0 85 0 0 0 0 75 99 0 0 0 0 0 41 68 21 0 21 0 39 38 0 0 0 0 0 0 33 94 79 0 36 0 49 42 0 82 0 0 65 0 0 0 0
0 0 0 0 0 66 0 50 0 0 0 0 78 0 0 50 59 40 0 0 26 5 0 38 72 0 0 68 83 0 0 0 66 0 2 15 0 84 0 0 76 0 0 72 71 0 0 88 0 0
0 84 90 0 0 0 0 87 0 3 0 78 86 20 49 78 0 93 67 0 60 84 74 0 0 16 66 0 0 0 0 0 0 24 0 0 12 0 0 0 0 0 0 37 89 0 0 1 0 0
0 0 0 0 0 0 0 0 0 97 0 0 0 0 0 0 0 0 0 80 0 72 0 0 0 0 0 0 0 0 0 0 65 0 0 0 3 0 85 0 0 53 0 33 0 5 0 0 0 0
55 0 13 0 0 0 0 0 82 0 0 48 32 79 0 0 0 50 0 36 0 0 0 53 0 0 35 0 0 88 0 0 0 50 0 52 0 0 0 0 0 0 0 0 65 54 0 0 85 0
0 0 0 4 69 0 0 0 0 0 70 0 0 42 0 0 64 0 0 66 0 0 66 0 73 0 0 0 0 0 0 0 0 34 0 0 0 0 0 48 0 30 2 0 5 91 78 30 0 31
0 0 0 0 0 90 36 88 0 82 0 0 0 0 0 0 42 0 36 66 0 0 0 0 93 4 0 0 0 0 98 29 0 37 91 0 0 0 0 21 29 0 0 25 28 0 0 9 95 72
45 0 0 0 0 0 0 0 79 0 0 92 0 0 0 0 0 88 0 0 0 79 0 0 0 0 0 0 52 0 0 0 0 0 0 57 20 0 0 0 11 78 0 0 80 0 0 0 0 0
0 0 0 12 0 0 0 0 3 0 23 0 61 49 0 0 24 0 0 48 0 0 0 87 0 0 0 0 96 0 48 41 41 0 0 0 79 0 0 73 0 0 0 0 96 0 0 0 0 57
0 73 0 44 0 0 14 0 0 88 0 0 0 53 0 0 0 45 0 18 0 0 0 0 16 0 53 37 0 0 0 0 74 0 0 0 27 0 0 24 0 0 0 0 0 0 4 0 0 72
0 83 0 10 0 36 0 0 0 0 0 0 0 0 0 0 0 70 0 0 59 65 0 57 7 0 0 0 0 0 0 0 61 0 0 0 0 0 73 0 14 0 0 56 0 0 36 0 0 68
0 26 0 0 54 90 0 0 0 39 49 0 0 41 82 60 52 9 0 0 0 0 0 0 55 0 0 0 0 0 0 0 87 0 98 0 39 0 0 0 0 3 0 0 0 0 0 0 9 30
0 37 0 36 0 0 0 87 0 0 0 56 0 0 0 49 0 0 0 0 0 0 0 0 40 0 0 0 0 0 0 0 70 26 0 0 0 40 0 0 0 80 0 23 58 0 64 0 0 0
0 93 7 24 0 3 0 0 75 0 21 0 0 0 52 0 94 85 0 0 0 0 0 74 59 5 0 0 0 52 0 0 0 0 15 0 0 77 0 0 0 0 0 0 0 0 0 10 0 0
29 37 0 35 0 0 84 0 78 51 0 0 0 99 29 0 64 0 0 10 0 0 78 0 99 8 25 77 0 0 99 0 0 0 0 44 0 0 0 81 0 0 87 93 0 1 0 0 0 0
0 84 0 90 0 0 0 55 0 98 0 43 0 0 0 45 0 0 56 0 21 4 71 47 13 95 0 0 0 63 0 0 0 49 0 92 0 41 0 0 0 97 88 21 59 26 0 0 0 54
35 0 0 0 63 0 0 0 0 0 0 10 0 0 0 77 0 56 0 41 0 0 0 0 0 31 0 37 0 0 0 90 0 0 0 0 0 0 0 0 0 26 39 0 0 52 0 0 0 0
0 0 0 0 0 0 0 0 30 0 0 0 35 55 83 0 0 0 0 26 0 0 0 13 0 0 0 57 21 0 0 85 0 0 65 45 0 0 38 0 1 0 89 0 0 0 0 0 81 79
0 46 0 0 0 0 74 0 0 0 0 6 85 0 0 0 2 0 0 0 0 0 0 40 17 0 0 31 0 71 50 0 0 43 0 0 0 0 0 62 0 25 0 0 0 0 0 0 17 0
0 0 0 46 0 0 0 0 82 0 0 0 10 0 3 0 0 26 0 0 0 0 45 58 78 0 0 0 0 0 0 0 0 0 0 51 38 39 90 55 38 0 81 0 32 0 55 3 0 0
0 10 0 0 0 17 40 84 99 39 0 0 36 0 84 0 21 0 69 0 86 71 10 0 0 0 0 0 51 0 11 58 0 94 9 0 0 0 0 0 14 81 0 0 0 0 0 34 0 0
73 0 0 0 76 0 50 0 0 0 0 73 0 18 0 0 0 0 59 0 0 0 68 0 0 2 0 0 33 0 0 0 0 7 28 0 89 0 0 45 22 0 79 0 22 0 0 0 0 0
0 0 0 0 0 0 0 0 0 0 0 0 0 41 0 0 0 46 0 28 26 20 0 64 0 0 0 0 0 0 0 0 0 58 7 38 15 43 96 0 20 0 98 0 17 0 0 0 39 0
95 14 0 0 20 36 0 0 0 35 0 33 0 4 28 25 58 0 0 0 64 0 42 0 0 0 0 0 0 19 2 58 0 96 0 0 0 0 82 0 0 32 97 74 0 0 0 0 0 0
