0 0 12 0 20 0 0 0 24 78 0 79 0 0 0 57 98 72 0 16 0 0 0 41 0 0 0 0 87 0
56 70 12 0 44 0 0 65 0 0 0 0 0 0 6 0 79 0 0 0 0 0 12 0 0 0 66 0 0 0
0 0 0 99 54 0 0 60 0 29 0 0 0 77 0 0 20 0 9 0 0 1 0 0 62 11 0 16 0 0
0 0 0 0 0 14 0 0 0 17 0 0 7 0 0 0 44 52 25 0 0 0 0 0 0 0 47 63 1 0
0 0 0 0 0 98 0 0 0 0 0 0 24 54 0 0 0 62 74 0 0 0 0 0 0 0 0 0 0 88
26 16 0 0 0 47 72 0 0 0 0 20 0 0 78 30 68 0 57 0 0 0 0 0 0 46 0 0 0 0
0 0 82 59 0 83 0 97 22 0 0 0 0 0 0 0 65 0 0 0 0 38 0 0 56 0 16 75 0 14
85 0 0 62 28 0 0 0 0 2 28 55 0 0 17 33 32 49 0 61 1 0 20 98 51 0 0 0 46 0
0 0 0 0 1 0 98 0 0 98 53 0 0 7 83 0 0 30 0 0 0 0 0 0 0 0 0 0 0 85
0 0 30 0 0 3 82 74 0 0 39 0 0 0 11 0 0 0 0 1 0 0 20 0 0 40 0 0 45 0
0 0 0 0 0 69 0 0 0 0 0 0 27 0 0 0 0 56 71 0 0 0 17 0 0 0 0 0 0 78
0 0 0 0 0 55 0 0 0 0 0 93 0 0 50 0 0 0 21 94 0 0 0 0 3 0 54 0 0 73
63 0 36 33 96 0 0 51 67 15 0 10 0 0 0 0 0 0 0 0 0 0 0 0 75 96 98 30 10 0
63 0 2 25 0 0 33 0 0 0 0 0 0 0 0 0 63 0 81 50 0 63 0 68 0 9 54 0 0 75
76 94 0 0 77 0 0 0 0 0 0 0 0 0 0 0 0 0 0 0 0 26 0 0 78 0 0 0 0 55
0 81 0 3 31 0 0 0 0 0 0 0 0 0 0 0 77 0 0 0 26 0 0 0 0 0 0 0 0 0
0 0 0 0 0 0 0 0 0 0 0 0 21 0 0 88 0 0 0 0 0 0 0 0 0 0 0 0 0 0
28 0 0 0 0 0 0 0 0 0 0 60 0 0 0 0 0 99 0 0 0 0 0 0 0 0 0 0 19 0
40 98 0 0 0 47 0 0 65 0 0 49 92 0 0 0 3 81 0 89 2 0 0 35 0 0 0 0 0 0
0 56 0 0 0 0 32 0 12 66 0 24 0 0 0 9 0 0 60 0 0 0 0 10 0 38 36 88 75 0
0 0 14 0 23 39 0 53 95 14 0 12 0 0 0 0 0 75 0 0 0 93 13 0 0 0 0 0 0 0
95 0 48 89 72 41 0 0 0 97 0 0 58 0 11 0 0 0 0 0 0 62 0 0 39 94 0 59 0 40
0 0 32 0 65 0 0 0 35 88 0 0 0 0 0 91 11 0 0 0 0 0 15 0 68 0 0 0 0 0
96 0 0 0 0 0 99 0 0 13 93 0 0 0 20 0 0 0 0 0 0 0 0 0 0 0 0 0 0 76
36 36 26 0 66 93 0 0 38 72 0 38 86 0 0 0 0 0 0 0 0 0 0 0 67 60 56 0 0 0
0 0 23 48 0 20 0 34 81 0 0 47 71 0 74 1 40 74 62 25 0 0 0 0 81 0 0 0 4 0
0 0 0 0 0 0 0 0 0 0 0 68 0 0 0 0 0 0 0 44 0 0 0 0 49 0 0 0 0 76
0 0 0 0 0 0 99 0 0 0 24 0 0 78 51 0 82 68 0 13 0 0 0 21 0 13 0 0 96 16
0 34 0 0 37 0 0 0 24 0 0 71 0 66 91 0 0 92 0 0 0 0 0 0 0 0 15 0 0 0
0 0 0 97 37 0 0 0 0 0 0 0 0 0 0 0 0 0 0 41 0 77 0 0 0 0 0 8 0 28
0 0 0 0 49 67 0 0 0 0 0 0 0 23 0 0 6 83 0 38 52 79 71 0 56 0 22 0 0 0
0 6 98 95 0 0 0 0 0 0 0 16 0 8 0 0 0 0 0 30 0 0 0 78 0 66 0 0 0 0
0 0 0 38 0 55 8 0 0 0 0 3 0 0 0 74 99 0 98 34 77 65 52 0 0 0 85 0 0 0
0 0 47 42 0 3 0 0 55 0 25 0 0 0 0 0 0 0 0 0 69 86 51 0 21 0 36 0 0 0
0 0 0 0 0 0 22 0 0 0 0 37 17 97 0 0 71 98 0 0 0 0 0 2 32 0 76 59 48 0
79 0 61 0 0 0 0 99 0 0 0 48 62 0 93 22 0 0 0 60 0 0 0 32 0 0 10 0 0 0
0 0 0 0 0 0 0 0 0 38 0 87 89 0 0 0 81 0 0 0 0 93 0 0 28 57 0 63 0 0
97 0 75 0 0 36 0 0 38 0 33 88 0 46 0 13 0 33 90 0 0 0 98 0 0 6 6 0 68 0
0 0 0 0 80 0 0 73 93 0 0 11 0 62 0 0 54 0 0 69 0 58 2 0 82 38 0 52 0 96
0 0 34 86 23 0 46 81 61 0 38 7 0 20 72 0 32 16 19 0 0 0 0 0 0 0 91 68 92 0
0 0 0 71 53 0 73 35 0 0 0 0 0 0 0 0 0 0 0 93 0 0 0 0 0 86 0 0 55 0
27 0 8 79 0 0 3 0 26 85 12 0 0 0 13 0 59 0 24 0 0 82 0 25 77 0 0 0 4 0
0 0 30 0 0 0 30 50 44 0 69 0 0 0 0 0 0 75 0 52 0 0 0 0 40 0 0 90 0 0
0 98 6 0 0 0 0 0 31 0 0 0 0 35 97 0 0 77 0 0 0 40 25 0 0 67 0 10 0 63
0 0 0 17 0 0 0 0 0 0 0 0 0 0 0 0 33 0 0 74 0 0 0 75 71 0 0 0 56 17
0 0 0 11 89 12 0 69 65 0 0 95 0 0 85 0 27 31 45 0 0 0 0 0 0 0 10 0 0 0
71 99 55 86 0 91 0 96 21 14 0 0 0 0 0 33 0 11 42 59 0 0 0 0 0 0 94 36 23 0
86 90 0 0 57 0 37 0 0 46 84 0 70 0 34 0 0 0 0 8 0 0 0 0 53 0 0 0 86 35
0 0 81 0 0 52 0 0 38 0 0 0 12 0 92 0 0 0 0 0 0 0 0 46 5 0 0 0 0 91
0 0 0 0 15 0 1 0 0 0 12 0 0 99 44 0 45 67 0 9 0 88 0 66 51 83 0 0 0 0
