51 0 0 0 88 0 64 0 35 0 0 0 0 0 2 0 0 34 0 0
0 0 0 10 0 88 0 0 0 0 96 4 4 62 0 0 38 0 0 0
0 0 0 80 0 6 0 0 0 0 0 0 0 0 0 0 0 0 58 0
24 0 0 0 33 14 0 63 10 0 0 0 0 0 0 43 0 0 0 0
0 2 0 0 4 0 0 0 5 0 71 68 0 74 0 0 0 0 0 21
0 95 55 0 0 0 0 68 0 0 0 0 0 0 0 0 0 71 0 0
0 70 0 0 6 0 54 0 0 0 0 0 0 93 0 0 0 0 0 1
0 0 0 56 0 77 0 0 47 0 0 0 0 0 0 0 0 0 0 0
0 0 97 0 86 0 0 68 0 89 0 0 12 7 0 0 18 42 0 0
28 0 0 0 0 0 0 0 0 0 73 0 0 0 0 0 0 0 70 0
0 0 42 0 0 73 22 38 0 61 0 0 0 0 0 0 0 0 0 0
0 0 0 0 0 0 0 0 31 0 0 0 0 85 0 0 0 0 2 71
0 0 0 0 0 0 0 0 0 0 0 0 0 0 74 86 0 0 37 68
49 0 26 85 0 0 0 0 0 0 27 0 0 0 0 61 58 0 5 94
0 0 0 0 23 0 0 0 0 53 0 0 0 0 0 12 0 0 0 36
0 0 0 0 0 60 0 77 0 0 0 29 0 0 0 64 0 85 0 0
0 0 0 61 56 0 0 0 0 0 0 0 0 0 0 0 0 0 0 39
0 0 37 0 0 87 0 0 0 0 82 0 0 0 87 36 0 0 69 0
55 0 0 0 74 0 91 0 0 0 0 0 66 0 0 0 0 5 0 0
0 0 0 0 0 0 15 0 0 0 0 81 88 0 0 0 42 0 0 0
