0 0 0 0 0 28 0 0 0 86
39 0 29 41 95 0 0 16 34 17
40 35 0 60 0 32 26 61 2 0
49 16 73 13 0 0 77 0 35 52
0 0 0 0 0 81 15 0 40 0
17 0 0 27 93 64 45 29 39 0
0 0 0 0 0 0 61 29 0 0
0 23 0 0 0 0 57 39 30 0
2 64 0 0 0 0 0 0 0 0
27 0 0 0 0 39 0 0 0 55
0 0 75 0 0 0 97 38 71 52
7 0 71 0 0 40 0 0 0 0
0 0 0 0 53 0 0 0 0 2
0 0 0 0 38 52 0 0 30 0
0 0 0 72 0 25 0 0 0 0
0 0 0 0 0 0 27 0 0 38
0 0 0 0 0 43 80 0 79 0
91 35 0 0 0 75 0 0 82 0
0 0 0 0 85 0 0 0 0 0
77 0 0 0 85 0 0 0 10 74
70 0 0 0 20 31 0 36 0 0
0 0 0 0 0 0 0 0 61 54
94 0 0 72 0 0 90 93 45 0
0 0 0 90 74 0 27 0 46 0
0 0 0 79 31 0 0 0 12 73
86 0 42 0 64 0 0 0 0 7
0 0 29 0 0 0 0 0 0 0
0 36 94 0 60 0 0 0 0 0
50 0 0 0 0 0 0 0 0 0
39 0 42 0 0 88 0 0 0 67
68 72 0 41 0 0 0 0 0 0
94 83 43 0 0 0 0 83 57 0
96 0 0 20 42 0 0 0 0 41
0 22 0 0 81 0 0 15 0 0
0 0 0 0 0 7 0 0 0 70
0 0 0 69 0 0 0 55 0 80
0 0 36 0 0 0 0 0 0 0
0 0 0 0 0 0 3 0 79 0
0 0 0 0 0 73 84 0 0 63
0 0 0 0 90 0 0 0 0 0
