76 0 0 41 34 0 0 0 0 0 0 0 0 0 85 0 62 0 0 54 0 0 0 0 40 0 97 0 6 0
0 0 0 0 0 26 3 85 0 0 0 0 0 0 0 0 7 0 67 0 10 0 87 68 0 0 78 0 0 16
26 0 23 0 0 0 20 75 0 0 0 0 0 0 5 0 24 0 13 0 0 55 0 0 0 50 0 0 84 0
0 79 20 0 0 0 29 0 97 0 0 0 0 0 27 61 0 0 0 0 0 0 97 0 0 23 0 0 0 0
0 0 0 0 0 0 11 0 50 65 92 31 89 4 47 98 0 40 14 0 0 17 0 93 0 0 0 0 48 36
0 51 0 95 0 0 79 0 0 0 0 0 0 36 0 0 75 18 0 0 0 49 90 0 0 57 89 81 0 66
0 0 0 0 0 0 0 0 0 0 0 0 69 3 0 0 5 0 25 90 38 0 0 0 0 0 0 46 92 48
0 34 22 0 0 0 0 20 56 63 0 0 0 0 62 0 99 0 0 0 0 0 8 0 0 0 50 0 80 24
0 0 69 0 0 0 4 0 0 0 0 0 0 52 0 72 19 30 84 0 0 34 91 0 4 10 0 0 0 40
52 0 0 51 0 72 0 0 0 0 0 0 52 0 0 0 0 0 0 0 99 94 0 0 39 0 0 48 0 0
0 0 0 0 34 70 0 49 21 0 16 51 0 0 20 0 3 73 57 0 0 89 0 0 0 26 0 0 0 0
0 89 0 36 0 0 0 0 45 0 0 0 0 50 0 0 0 97 0 0 0 0 0 0 0 0 0 0 91 0
0 78 0 14 0 0 0 0 0 0 64 0 35 0 8 0 0 0 0 16 39 0 60 0 0 0 0 0 0 0
0 42 0 0 46 0 0 0 0 0 28 0 0 13 35 0 0 0 0 39 0 0 0 0 43 88 0 16 0 18
0 0 78 55 0 0 0 0 43 0 0 13 0 31 0 81 0 0 20 0 0 0 0 0 0 21 0 0 0 1
81 83 69 0 65 73 86 40 0 0 0 0 0 13 0 0 64 0 0 0 0 0 0 0 0 10 11 0 0 15
0 0 94 25 0 22 0 79 0 0 0 0 0 0 56 6 0 0 0 0 0 81 0 86 0 51 0 0 0 0
0 0 0 0 0 0 97 0 38 0 0 0 0 65 13 0 81 0 16 0 0 0 0 41 59 99 0 0 0 83
0 0 61 60 0 6 0 14 3 0 92 0 0 85 0 0 0 0 21 37 0 0 0 0 0 0 0 0 0 0
0 0 19 0 0 13 3 90 19 0 0 71 0 4 0 97 0 0 77 0 1 0 0 0 23 0 0 4 11 20
0 73 0 0 0 0 0 0 0 32 0 0 0 0 97 0 0 0 9 0 73 0 52 0 0 0 0 45 0 0
0 76 0 0 0 0 0 0 0 87 0 32 0 0 99 0 0 95 93 0 0 71 0 33 80 50 1 45 0 0
0 87 0 9 0 0 95 28 0 67 0 0 0 0 68 0 0 0 0 0 85 0 0 6 0 0 0 0 31 0
0 0 0 0 0 0 0 0 0 79 0 0 0 0 0 0 0 45 74 0 7 96 5 14 26 0 0 0 7 0
59 0 40 79 0 0 67 0 0 0 0 0 0 0 89 51 25 0 0 53 0 46 36 0 18 72 0 78 0 0
0 0 0 43 94 0 12 28 0 0 0 0 45 13 18 82 0 0 0 60 0 0 0 0 0 93 0 91 0 0
0 60 0 0 0 18 55 80 31 10 0 0 0 0 10 0 0 0 0 80 41 91 86 6 42 0 0 75 0 7
0 2 57 0 0 0 0 0 0 68 66 0 0 25 9 33 0 0 55 47 0 0 0 0 8 0 0 0 31 0
12 0 0 0 0 70 0 0 92 95 94 0 0 34 53 0 0 0 0 0 14 74 0 0 0 33 0 0 0 0
0 2 0 0 0 0 10 0 85 0 0 0 0 18 89 94 5 56 0 13 0 0 0 0 0 0 0 0 70 0
0 0 0 6 91 54 93 0 0 0 47 0 0 0 0 0 83 50 0 0 0 33 0 0 0 0 26 65 53 80
86 0 10 0 0 0 0 0 39 0 0 0 0 0 0 0 17 0 0 15 31 0 6 98 6 0 0 61 0 62
0 0 0 0 38 0 40 41 0 0 0 0 0 0 0 79 0 0 0 0 0 0 0 0 0 35 0 15 0 0
0 43 0 0 15 69 47 20 91 26 0 13 0 0 0 0 0 0 0 0 0 0 65 0 0 18 92 0 0 42
0 0 89 0 0 55 79 96 73 0 0 0 0 0 45 0 68 0 58 0 0 48 39 0 0 81 0 0 0 71
0 99 0 38 0 0 39 0 0 43 0 0 65 0 0 0 0 13 0 16 0 73 0 25 0 0 23 0 0 0
0 0 17 38 0 0 0 9 0 0 16 63 33 0 0 0 0 0 29 36 0 0 84 0 0 82 61 0 0 0
0 0 0 0 26 21 76 0 0 0 67 0 14 86 0 0 45 55 0 0 74 35 27 0 0 0 19 62 51 0
0 0 0 0 0 0 51 0 29 0 0 38 0 76 60 0 0 35 69 0 62 0 0 0 67 0 16 0 0 65
0 0 0 0 0 0 88 0 0 0 0 0 0 34 0 0 0 76 0 16 0 0 0 0 14 0 0 0 0 66
0 0 0 43 0 0 0 15 0 0 0 0 10 0 44 84 0 0 0 0 0 30 0 0 0 0 0 0 0 64
0 0 61 92 0 0 28 71 83 0 84 0 0 96 11 0 0 0 13 58 0 19 0 0 0 0 0 0 0 29
0 0 0 0 0 22 0 0 71 0 0 89 50 0 0 90 0 7 6 0 51 0 0 0 1 0 93 0 0 0
0 7 0 79 0 0 0 78 0 0 87 30 0 0 0 0 0 0 42 0 0 0 0 0 0 0 92 0 86 0
0 0 0 0 0 0 0 0 0 0 0 0 12 77 0 0 0 0 0 0 97 0 51 0 0 0 0 32 0 0
0 78 74 0 84 97 0 0 0 0 0 0 0 44 0 62 71 0 0 0 0 0 0 95 0 0 0 0 0 0
0 36 0 0 55 0 0 0 0 0 0 0 0 0 0 0 0 0 0 36 0 0 17 35 0 0 0 0 0 0
0 0 0 0 0 13 0 0 0 0 0 48 0 0 0 0 0 0 0 0 71 0 0 0 0 0 0 0 0 0
51 0 2 15 32 0 0 0 0 74 0 0 0 0 0 0 0 0 0 64 0 58 0 0 0 0 47 25 0 97
43 0 0 0 73 7 49 30 0 0 26 52 41 24 0 0 60 0 0 0 4 98 0 0 0 0 71 0 0 0
