0 0 0 43 0 0 0 0 58 39 0 87 0 0 0 0 0 0 0 0 90 0 0 0 25 0 22 0 0 0 53 49 0 0 0 50 2 0 33 0
0 0 50 0 0 34 0 0 0 0 0 0 0 0 87 0 0 0 0 0 81 0 0 58 0 0 84 0 0 0 0 30 40 0 0 0 63 0 0 0
0 86 0 68 61 75 36 38 48 51 0 0 0 82 79 0 0 0 99 66 47 0 16 46 27 74 0 0 0 0 0 0 0 19 33 0 17 0 0 0
71 0 0 59 0 39 0 0 0 29 0 0 39 0 0 81 84 28 34 92 0 0 22 0 0 0 0 0 0 0 15 0 0 0 0 0 0 0 49 0
0 13 0 7 0 0 0 0 71 0 42 99 0 0 0 61 33 37 0 0 66 0 92 3 0 60 0 0 0 63 0 0 0 0 0 28 0 0 17 0
77 0 99 0 0 0 0 0 0 0 11 0 43 0 0 0 0 11 0 0 78 0 0 0 0 64 0 79 0 0 0 0 0 0 25 0 0 0 82 0
77 0 0 72 0 0 0 86 0 0 0 0 0 0 66 0 0 0 29 85 54 0 0 0 0 0 73 0 0 0 0 0 70 12 0 61 0 0 61 0
0 0 28 0 0 80 0 0 16 51 0 62 0 0 0 22 0 0 0 0 50 0 0 14 0 0 51 61 0 0 0 46 73 39 0 0 0 0 0 43
0 4 0 0 0 0 0 32 27 69 94 0 3 0 11 0 0 0 43 0 0 0 0 0 0 0 0 0 0 0 0 0 75 0 0 0 0 0 0 3
0 26 45 47 0 87 88 0 86 0 0 77 0 90 30 0 0 0 0 0 28 43 0 8 0 0 0 32 68 0 0 0 0 0 0 61 0 0 47 22
