0 0 0 0 5 0 0 11 0 0 0 72 35 0 0 0 12 0 0 13 0 0 12 0 41 0 0 0 0 0 14 0 0 0 0 0 0 0 16 0 0 76 0 0 4 0 0 73 0 68
0 49 47 0 0 0 5 0 0 81 0 8 40 0 27 32 0 0 83 0 20 0 0 56 0 0 0 72 0 43 0 0 0 0 0 50 0 0 0 70 0 0 0 81 43 0 0 0 0 0
0 24 0 0 14 3 0 0 0 0 0 0 0 0 61 0 0 0 14 0 0 0 93 0 11 0 38 0 0 0 0 0 0 0 0 61 85 2 0 0 15 61 0 0 0 72 92 0 0 9
15 31 45 0 40 97 32 18 0 0 41 0 0 72 0 0 0 19 0 47 0 0 0 14 87 65 0 68 0 6 0 0 26 76 0 23 0 0 0 0 0 69 0 79 0 0 0 0 91 0
0 0 27 0 0 40 53 0 34 0 46 21 0 65 0 54 33 0 1 1 56 0 0 0 0 0 0 0 0 0 0 0 0 0 0 0 15 0 0 41 0 0 28 43 0 0 0 0 0 0
27 35 0 37 0 0 0 0 0 0 0 0 8 0 0 0 0 0 7 0 0 28 0 0 0 14 0 0 0 48 0 0 20 71 78 0 0 0 0 0 0 0 0 0 57 0 0 0 26 0
0 0 0 0 0 65 0 0 0 83 0 0 0 44 59 17 93 0 0 0 0 0 0 0 88 0 0 0 79 11 62 94 0 92 4 0 0 0 0 0 0 0 94 0 79 78 51 0 88 0
0 0 0 39 0 0 91 1 4 0 87 0 0 0 0 55 43 0 0 0 38 91 83 0 0 52 0 0 0 0 0 0 0 0 0 44 0 0 0 0 0 35 6 0 0 0 0 0 0 0
0 0 0 0 0 26 75 0 0 77 0 0 71 75 20 20 41 0 0 18 0 0 20 0 77 69 0 0 0 0 0 41 0 0 0 0 0 0 0 0 0 0 89 0 0 86 0 0 75 95
53 0 0 0 0 0 88 68 79 4 59 0 0 0 0 57 0 0 57 0 0 0 0 0 33 42 0 0 0 21 0 0 0 0 0 21 0 0 0 41 38 0 0 0 61 30 93 0 0 0
0 0 0 0 85 0 0 78 0 0 0 0 0 0 43 0 0 94 0 0 0 24 0 15 0 0 0 0 9 0 0 0 0 0 0 49 0 72 0 0 0 0 0 0 37 94 86 0 0 18
0 0 0 0 8 0 0 95 0 0 72 0 0 0 0 36 21 0 27 0 0 0 15 79 0 95 0 0 0 0 10 0 0 0 48 17 0 0 0 48 88 0 16 0 90 0 0 23 86 0
0 0 0 13 0 0 0 0 0 0 0 0 14 0 0 0 0 0 60 0 4 10 0 0 0 86 66 0 0 63 0 0 93 0 24 0 0 0 50 0 0 0 62 0 95 0 82 31 0 0
6 0 0 0 50 52 26 0 24 0 0 11 0 0 76 0 0 0 0 0 54 20 0 0 0 37 0 0 0 76 5 0 0 62 83 0 0 0 56 0 0 0 0 0 42 0 0 0 0 0
0 51 0 9 53 0 0 0 80 92 0 38 0 83 0 0 0 0 0 0 0 0 95 0 85 0 76 86 0 0 0 75 0 0 0 0 45 0 0 41 0 4 57 0 6 66 0 50 94 0
0 0 0 0 0 0 81 0 0 0 34 70 0 74 80 0 0 46 0 38 0 0 0 0 0 0 65 62 0 38 33 59 58 0 74 0 0 0 38 0 93 60 74 86 0 6 0 0 0 84
0 0 66 83 0 96 7 41 0 17 84 0 3 73 0 24 0 0 0 0 0 0 0 35 0 0 0 0 0 0 0 0 0 0 40 24 0 52 0 0 94 74 0 87 0 76 38 0 0 0
94 0 0 0 0 0 0 99 15 0 87 0 0 96 0 93 0 0 94 0 0 0 0 0 0 90 47 67 28 93 0 0 0 0 64 49 0 0 81 0 0 78 0 0 29 0 0 13 0 0
93 0 0 0 35 56 0 18 94 0 0 0 77 0 0 0 0 0 0 0 85 0 0 74 63 0 0 67 0 0 0 0 0 6 0 0 0 0 0 0 0 0 0 0 0 65 0 0 0 0
0 0 0 0 3 0 0 30 0 36 26 32 0 16 0 30 0 0 0 67 0 0 0 0 0 47 0 66 0 34 0 0 89 0 0 0 44 0 0 0 66 0 0 0 51 0 67 0 0 0
