0 0 15 0 0 0 0 0 0 0 0 0 0 0 0 18 0 0 0 0 0 0 0 0 0 0 0 0 0 71
0 0 0 0 0 0 57 0 9 0 5 0 0 0 0 0 0 0 0 0 0 50 0 0 0 0 0 0 88 0
0 0 0 0 0 0 0 0 0 0 0 0 76 93 0 39 0 0 0 0 0 0 8 0 0 0 76 0 0 0
0 0 0 0 0 60 12 0 49 0 0 84 0 56 0 0 62 0 0 0 0 0 0 73 65 0 0 22 0 0
0 91 0 0 0 62 0 0 0 0 0 0 0 0 0 0 0 13 0 0 0 0 0 0 0 0 0 0 0 3
0 17 0 0 0 20 0 0 0 0 0 0 11 0 7 0 0 78 0 0 0 0 0 0 0 0 80 0 0 0
0 41 39 0 0 15 0 0 76 0 89 0 0 0 0 0 0 0 0 84 0 0 0 0 65 0 0 45 0 0
0 0 0 0 0 0 0 60 0 0 0 0 0 0 0 18 0 0 0 0 0 0 25 0 64 0 0 17 0 0
0 0 0 4 0 9 17 25 0 0 0 0 0 38 0 0 0 0 0 0 84 64 0 0 0 27 0 0 0 5
0 67 0 0 25 0 0 0 0 0 0 0 37 45 0 0 0 0 0 68 0 0 0 0 52 0 0 0 0 0
