0 0 95 0 0 0 0 43 10 96
62 0 0 53 0 45 15 41 42 0
53 82 0 72 0 0 0 0 80 0
0 19 0 0 0 16 0 0 0 0
0 0 0 0 51 2 0 0 0 79
99 0 0 0 0 0 7 0 0 10
22 51 47 0 0 0 38 0 61 0
0 30 0 0 0 0 69 0 0 0
0 0 0 0 94 7 0 0 0 0
0 32 0 0 71 0 0 27 98 0
0 0 0 0 0 0 5 0 0 0
7 0 0 0 0 0 94 66 0 0
0 94 54 0 0 0 0 0 0 0
40 0 4 57 0 0 61 0 0 0
0 30 0 0 0 0 66 0 0 0
0 0 0 0 29 0 45 51 10 28
66 0 79 0 0 3 0 0 49 0
0 0 0 0 0 0 69 68 0 37
0 0 0 0 25 0 0 96 2 0
32 52 62 69 0 28 67 0 78 77
43 0 0 0 93 64 0 0 52 0
0 0 0 0 0 86 0 0 0 0
0 53 53 0 0 0 86 0 62 0
0 0 0 65 81 3 0 0 0 92
0 0 73 0 0 0 0 0 0 0
0 97 83 0 14 70 38 92 0 25
78 62 0 81 1 0 0 0 32 0
0 0 0 6 0 0 0 0 0 0
0 0 0 0 0 0 0 0 0 0
0 0 26 49 54 0 0 0 60 0
0 13 0 0 0 0 0 78 85 0
0 0 87 0 0 0 88 0 0 9
0 57 0 0 0 43 0 0 43 53
0 81 20 68 0 0 10 0 33 0
0 0 0 0 0 0 0 0 0 54
0 0 0 61 0 0 0 0 0 0
0 0 31 32 0 0 0 0 31 0
0 0 0 0 1 43 34 57 50 80
0 0 0 48 64 0 0 0 0 0
85 0 60 2 0 0 78 0 0 0
