0 0 0 0 34 0 0 0 86 0
0 0 0 0 47 0 33 0 54 0
90 0 0 44 33 18 0 0 0 95
58 0 97 0 0 48 0 53 0 0
0 0 0 0 0 0 0 0 0 0
0 0 22 0 38 0 0 0 0 10
0 20 0 96 43 0 21 0 0 0
0 92 0 0 0 0 0 0 32 0
0 0 0 99 0 21 0 0 0 0
0 0 62 0 0 0 0 6 0 0
0 0 90 0 21 19 0 0 0 60
0 0 0 20 0 25 67 0 0 0
41 82 0 13 0 0 0 0 0 0
0 0 0 0 0 7 0 0 0 0
63 0 0 0 0 0 0 0 0 0
0 67 0 0 70 0 0 0 0 0
91 88 0 0 34 0 73 34 0 0
0 0 0 36 0 0 0 0 0 0
0 0 0 0 0 0 0 0 0 0
0 0 0 0 0 67 0 62 0 0
0 9 0 49 0 0 0 93 0 0
0 79 0 0 0 82 0 62 0 0
0 0 0 85 0 0 51 0 0 0
5 0 18 58 0 36 85 0 0 0
0 0 0 0 0 15 78 0 0 0
0 0 45 0 0 0 0 0 53 0
74 0 0 0 0 0 4 0 0 0
0 0 60 0 79 0 0 21 0 2
0 0 0 0 0 0 0 0 0 23
0 0 0 0 4 0 2 62 0 0
0 0 41 0 29 0 72 98 0 0
15 73 0 0 0 0 0 0 0 0
0 0 0 0 0 0 50 0 87 0
0 0 12 0 0 0 0 0 0 0
0 0 0 0 0 66 0 79 0 0
42 0 0 53 0 0 0 0 0 0
0 0 93 0 0 92 0 0 0 31
50 0 0 17 0 9 0 0 90 0
37 0 0 0 0 0 84 0 0 0
0 0 0 0 0 0 0 0 2 0
