0 50 0 0 0 0 0 0 0 89
0 0 92 0 0 0 69 0 0 0
77 0 94 18 68 0 16 0 9 0
0 43 0 0 0 95 0 0 0 0
0 0 0 0 84 0 0 0 0 0
0 0 0 71 18 0 0 0 0 0
0 54 27 73 0 0 18 69 0 0
0 0 0 0 0 0 0 0 0 0
0 0 0 0 0 0 0 0 0 0
0 86 0 16 0 0 57 0 0 74
0 51 81 0 0 0 0 25 0 0
25 0 0 4 95 0 0 17 30 0
19 0 34 53 68 0 0 0 0 0
0 0 0 65 66 0 0 0 99 0
83 0 0 0 0 0 0 0 0 0
0 0 64 0 46 70 48 47 0 0
0 0 0 0 0 0 0 0 0 0
1 0 0 0 0 0 0 25 96 0
0 0 0 98 0 0 62 10 0 0
0 0 0 0 0 0 0 0 0 0
0 0 0 10 0 0 0 32 0 0
0 0 84 0 0 0 0 39 14 0
0 0 0 0 40 0 0 62 0 0
49 85 0 0 0 0 0 0 61 0
0 0 0 0 0 5 77 0 0 0
0 0 0 0 0 0 0 0 0 0
0 21 0 0 0 0 14 4 0 0
81 0 0 0 0 0 20 0 0 0
0 0 0 0 0 0 9 0 0 0
0 0 56 70 0 0 15 0 0 1
42 12 0 0 0 0 0 0 0 98
94 0 0 0 0 0 15 0 0 0
0 0 0 0 0 46 0 0 0 0
0 0 0 80 0 29 0 0 0 41
43 0 33 0 73 0 0 0 0 0
0 5 0 0 0 0 0 0 0 40
0 0 0 0 0 43 0 0 0 35
10 0 0 0 34 0 0 0 0 0
0 0 0 60 0 0 64 77 0 37
0 0 0 0 5 0 0 0 0 0
0 98 27 96 0 0 0 0 27 66
94 0 67 0 0 0 0 3 0 0
0 58 0 0 0 80 0 61 4 70
0 0 51 0 0 0 0 0 0 0
54 47 0 30 0 38 0 0 0 0
0 0 0 0 0 33 0 97 77 0
0 0 12 0 0 0 0 0 0 0
0 0 0 27 0 79 0 0 0 11
0 0 0 23 0 0 20 0 0 0
0 72 0 0 0 0 0 0 67 0
