39 48 0 0 69 0 0 0 0 0 0 0 90 0 0 0 0 0 0 0 0 38 80 40 0 10 25 84 0 87 69 0 0 48 0 0 0 0 13 0
0 0 0 0 67 0 0 0 0 0 0 35 0 0 19 0 0 0 0 0 0 0 30 0 0 28 0 0 0 0 0 0 62 0 0 0 84 46 63 0
0 0 0 0 24 0 0 60 39 11 40 0 1 0 0 60 0 0 0 0 0 38 0 0 67 0 7 89 0 0 0 51 4 46 0 38 83 0 0 0
0 0 0 0 0 0 31 68 0 49 0 0 0 0 0 6 0 0 46 5 10 0 65 0 0 5 97 0 0 0 0 0 0 31 0 0 85 0 47 0
0 96 0 0 0 0 0 0 64 0 0 33 1 0 9 3 0 0 0 64 0 0 52 0 0 0 0 0 0 0 0 0 0 92 0 0 0 0 0 0
0 0 0 0 55 3 0 0 0 72 0 16 19 0 0 0 0 90 0 8 0 91 74 76 75 0 0 0 88 0 0 0 30 0 0 0 0 0 62 0
38 0 0 0 0 0 0 96 0 0 73 0 0 0 0 0 0 0 0 0 0 0 27 23 0 66 0 0 0 0 0 0 0 0 0 10 0 0 0 0
0 0 0 54 0 12 0 0 0 0 0 77 44 0 0 0 21 0 0 0 0 0 75 21 0 30 17 0 41 0 0 0 0 0 0 0 24 85 0 73
34 0 0 0 0 86 0 63 0 0 0 0 13 0 0 49 0 8 0 90 0 0 0 0 17 0 0 46 0 0 0 0 0 0 37 13 0 0 34 0
0 0 53 0 65 0 0 42 0 4 0 0 18 0 41 6 0 0 0 0 0 0 0 0 0 0 0 98 1 0 8 0 38 55 88 0 0 0 0 0
27 51 71 46 0 0 0 29 0 0 0 0 3 36 0 56 0 90 3 0 0 0 47 0 92 0 0 0 0 0 85 72 0 0 53 0 15 0 0 0
92 0 0 0 0 0 30 0 35 0 0 0 35 0 0 0 0 59 0 0 0 0 96 0 28 51 0 0 0 0 0 49 20 72 0 15 0 19 0 96
0 0 0 0 0 76 0 44 0 0 0 0 0 43 0 0 0 0 33 94 0 0 71 0 0 66 79 0 0 0 94 0 6 0 27 0 0 0 93 0
22 0 0 0 0 0 29 10 0 0 0 0 98 61 0 52 62 0 0 0 0 0 69 1 0 0 0 0 0 0 59 0 26 0 38 0 0 0 51 0
64 72 63 30 55 19 0 0 0 65 0 0 0 0 70 29 0 88 8 0 0 0 99 0 0 0 4 70 8 26 0 41 1 0 28 0 0 0 0 31
0 0 0 0 0 0 5 35 0 0 52 0 90 99 0 38 19 0 0 0 4 0 0 0 0 5 0 28 0 5 90 66 62 0 19 0 0 11 0 56
0 0 0 0 0 59 85 0 0 0 0 0 50 0 0 0 0 0 24 0 35 0 50 38 0 0 89 0 0 0 60 44 0 31 0 0 55 0 0 21
0 37 0 0 34 53 0 0 0 87 0 22 74 0 0 0 0 0 0 0 71 0 63 0 0 0 0 0 0 0 0 0 0 0 0 0 0 0 0 73
0 0 63 55 0 0 0 74 83 0 0 0 0 0 0 0 83 35 0 0 0 0 0 0 17 0 0 75 0 3 0 52 0 0 0 21 0 0 0 77
0 0 0 0 0 0 0 0 54 0 0 0 10 22 0 57 0 0 35 0 0 29 0 0 0 0 46 70 0 22 89 0 83 63 0 0 0 96 17 0
93 0 0 0 79 22 0 0 0 0 43 0 0 0 0 68 0 0 0 0 0 0 0 22 0 0 0 0 0 0 0 0 42 0 0 0 0 98 0 83
0 0 0 0 64 0 14 21 0 0 0 0 0 0 67 0 0 0 0 0 13 0 0 98 0 0 0 60 37 46 71 71 0 0 12 0 0 0 28 0
0 0 30 0 0 0 0 51 0 44 0 0 0 0 11 0 2 0 0 0 0 0 0 87 0 5 0 33 0 0 67 40 0 0 0 47 3 19 0 64
0 0 27 0 0 0 36 0 0 12 2 0 0 0 31 0 0 0 0 0 0 0 0 0 51 0 96 0 0 0 0 0 67 28 62 54 0 89 25 44
0 17 97 21 75 0 0 0 0 0 0 0 0 0 83 0 62 26 31 0 0 0 0 3 61 0 0 0 0 0 74 0 0 64 0 0 1 0 0 0
0 0 0 62 0 0 79 5 83 0 0 97 0 0 0 0 10 49 57 17 10 0 73 41 0 45 52 0 0 0 81 0 59 8 0 0 0 0 97 0
54 0 76 0 0 75 0 0 0 49 40 0 8 0 0 0 64 0 0 0 0 34 0 61 0 0 0 0 0 0 0 11 65 0 0 0 0 0 0 0
0 67 0 0 0 0 34 0 0 0 0 0 0 0 25 0 0 0 47 0 0 0 0 0 18 15 0 0 0 35 65 82 9 88 0 0 0 60 0 79
59 4 0 42 1 91 0 0 42 0 0 60 42 0 0 0 85 51 95 98 0 78 8 0 9 0 84 0 0 0 15 0 17 0 0 43 0 0 0 84
99 45 44 11 0 0 0 0 0 0 67 0 14 0 35 0 0 0 0 0 0 85 66 0 0 0 0 55 0 62 0 0 0 0 0 0 88 96 0 0
0 80 0 0 0 0 11 76 68 62 0 0 0 0 22 0 35 0 22 0 91 9 0 0 0 0 0 0 28 52 97 0 13 74 2 0 0 0 21 33
0 0 0 0 0 1 0 0 80 97 48 52 0 0 0 53 0 0 0 0 0 0 0 0 0 0 0 0 0 0 0 0 0 61 79 0 27 0 0 0
0 0 0 0 0 0 70 4 0 23 26 0 26 0 0 0 0 0 0 0 0 0 0 50 0 0 0 38 0 0 19 0 0 0 0 0 0 0 72 0
17 0 54 0 75 0 29 17 0 0 0 0 0 15 0 94 0 0 0 75 0 0 0 0 0 0 87 75 51 0 0 7 12 0 90 0 0 0 0 25
0 0 0 0 6 0 83 50 63 0 30 0 0 97 0 0 0 0 56 0 37 10 0 8 16 51 59 96 0 39 0 82 0 0 0 0 0 13 0 25
25 0 88 75 7 0 41 98 0 3 0 0 26 0 0 0 0 0 0 0 54 83 0 19 0 0 0 0 0 0 65 44 94 0 0 0 25 0 0 0
0 67 0 0 0 0 0 7 0 0 84 89 0 0 0 0 0 0 4 0 42 22 0 0 0 0 81 58 13 0 56 2 0 55 0 0 0 0 0 0
70 0 0 0 0 0 80 0 0 0 19 0 0 0 0 0 29 0 0 4 0 69 40 0 0 0 24 24 0 0 0 7 31 53 0 0 0 0 3 0
21 0 0 61 0 91 0 60 52 0 0 63 0 98 0 0 0 72 0 3 0 85 0 82 0 0 0 0 0 0 0 0 0 0 0 0 0 0 0 0
0 0 0 0 0 7 64 58 37 0 0 0 0 0 0 0 0 0 0 0 0 59 69 0 0 0 0 77 0 0 0 0 92 63 83 0 0 0 0 0
0 0 24 0 0 47 0 83 68 0 0 0 0 0 0 0 0 0 0 0 0 11 13 77 0 0 17 42 0 0 39 0 0 68 6 13 24 53 0 74
0 0 0 0 13 41 0 23 41 63 0 0 0 0 79 0 0 0 76 30 0 0 26 0 0 0 0 0 40 17 0 81 0 25 0 0 0 0 0 0
0 0 13 0 0 0 76 0 0 88 45 12 0 0 0 5 0 80 0 0 0 0 0 0 0 0 0 0 0 0 0 0 0 0 0 0 0 64 0 0
38 0 0 0 0 0 61 0 0 0 0 0 70 0 0 0 97 0 0 17 43 0 0 64 21 8 0 0 0 0 0 0 82 0 92 9 0 0 0 0
0 0 0 27 16 0 9 82 0 0 0 0 41 0 0 0 61 70 90 30 0 0 0 0 0 0 0 0 0 0 17 0 0 0 0 0 0 0 11 48
0 9 85 39 0 0 0 0 0 0 0 75 3 0 52 0 0 0 0 5 0 12 0 0 48 0 94 0 0 0 0 0 0 0 0 77 70 0 20 79
64 80 0 0 0 0 0 0 0 0 0 0 0 0 48 0 0 0 65 81 0 75 0 0 53 0 51 0 5 0 80 0 36 15 0 0 0 0 57 0
0 0 86 0 47 0 77 92 65 0 0 0 0 0 0 32 0 96 0 30 40 0 0 0 0 0 0 0 10 11 0 25 90 57 0 0 0 0 0 0
71 0 0 90 0 0 0 0 0 90 0 14 40 0 81 0 63 0 29 0 92 41 46 65 13 7 0 48 0 0 0 67 50 0 0 0 0 0 0 56
0 0 45 0 76 65 0 0 0 47 0 0 0 0 6 37 0 0 0 0 0 0 0 1 66 75 0 0 0 0 88 0 0 0 12 5 0 0 19 0
