46 0 0 0 0 0 0 70 0 0
0 0 0 74 0 0 0 44 50 0
0 28 0 42 0 22 0 0 0 0
0 0 12 0 0 92 53 0 6 53
0 82 0 0 0 0 9 0 0 0
25 30 50 0 94 16 0 81 28 0
58 0 3 61 0 83 0 0 93 0
71 0 0 0 36 0 25 75 20 0
0 98 0 0 32 0 0 38 0 0
0 31 2 0 0 97 29 83 0 0
0 9 0 0 0 0 0 0 0 0
0 0 86 0 0 0 0 0 0 0
0 0 5 0 0 0 0 51 0 0
0 0 34 0 99 4 34 0 0 81
0 2 99 0 0 36 0 5 0 0
8 36 0 0 0 0 45 0 0 42
0 0 0 86 0 0 89 0 0 0
0 0 0 71 0 0 34 0 83 0
0 0 72 0 88 0 0 0 0 0
66 27 0 51 29 0 0 0 0 0
58 19 21 0 0 88 47 0 30 84
0 0 0 0 0 44 51 0 77 0
0 0 0 0 74 0 0 0 0 0
0 0 0 0 0 0 0 0 0 0
0 0 0 0 0 0 0 0 47 0
0 36 0 16 0 0 0 99 50 0
0 8 60 0 0 0 0 0 0 41
0 0 0 0 0 0 32 4 0 0
0 0 18 54 25 37 24 0 0 0
46 55 0 0 0 0 31 82 0 0
