60 0 0 6 0 0 0 0 15 0 0 0 0 0 0 0 47 16 0 0 0 0 70 0 0 0 0 79 0 99
0 0 0 0 0 40 0 0 0 93 0 0 0 0 0 0 0 93 21 0 0 0 0 0 0 0 0 89 56 0
0 0 0 0 93 0 0 0 0 0 75 43 0 0 6 0 0 0 0 0 0 0 0 0 41 0 0 0 29 2
0 0 0 0 0 0 88 0 0 0 0 0 0 0 0 40 0 58 0 0 10 95 35 0 0 0 23 0 7 0
0 0 81 0 32 0 0 0 0 0 0 54 0 15 0 0 0 0 0 0 0 0 72 0 0 0 0 0 0 77
0 58 0 0 0 9 0 0 0 0 0 0 32 80 0 93 0 0 0 0 0 16 0 0 0 0 0 51 0 0
0 0 65 0 0 0 0 0 0 0 0 0 0 0 0 0 0 0 48 0 0 0 0 0 33 0 0 64 0 0
0 20 35 82 0 0 0 0 0 0 0 0 0 81 0 0 0 70 47 68 64 0 0 19 0 91 0 54 25 27
0 0 0 23 79 0 0 75 0 1 60 0 0 0 0 15 0 0 79 0 0 0 0 0 50 0 57 0 0 0
0 0 0 0 35 0 0 0 0 0 0 0 0 55 0 77 24 0 0 86 0 42 8 0 0 0 0 0 0 0
80 0 0 0 0 0 0 0 0 94 82 76 0 0 0 96 0 0 0 0 0 55 78 0 88 0 59 0 0 0
0 65 0 0 0 0 0 0 0 0 0 0 0 0 17 0 0 0 82 0 0 71 65 0 0 44 0 4 0 0
0 73 0 0 0 0 0 0 0 24 0 0 84 0 91 0 0 0 0 17 0 0 0 0 0 0 0 0 0 0
0 0 0 0 0 66 0 0 0 0 0 0 0 0 0 0 80 0 0 0 0 46 0 0 0 0 0 0 0 0
0 56 0 0 0 0 0 30 0 0 0 0 0 0 0 48 0 47 0 0 37 0 0 76 0 0 0 0 67 0
0 0 0 0 0 88 0 52 0 0 0 92 51 0 38 0 0 0 0 79 0 0 0 96 0 0 0 5 99 0
0 0 0 0 0 0 0 57 0 0 33 0 0 0 0 0 86 0 0 0 0 0 0 0 0 0 0 0 0 0
0 0 0 0 0 0 0 0 32 0 61 0 0 0 3 0 0 0 34 0 0 0 0 86 26 0 0 0 0 0
0 0 0 27 0 0 0 0 0 0 0 0 0 0 79 91 98 0 0 0 0 16 87 0 0 0 0 0 0 68
0 0 25 0 0 0 0 0 0 19 39 35 0 0 97 0 0 0 0 0 0 0 0 20 0 0 0 0 0 0
0 0 0 0 0 0 0 0 0 66 0 0 96 60 0 90 0 0 0 0 50 0 0 93 0 31 0 0 0 0
0 0 0 0 0 0 0 0 0 0 0 0 0 37 0 0 52 0 0 0 0 0 0 60 0 0 0 13 0 0
0 0 0 57 0 0 0 0 0 50 0 0 0 64 83 72 0 0 0 21 0 0 0 0 0 0 73 0 0 0
0 0 0 59 0 0 0 30 0 0 84 0 0 0 0 96 0 0 0 0 0 42 0 0 17 0 0 81 41 0
0 35 0 0 0 0 0 0 76 0 0 36 0 0 28 0 0 59 0 0 0 82 0 0 27 34 88 0 88 99
0 11 68 18 0 16 52 60 0 0 0 0 0 23 6 0 0 0 12 0 0 0 0 0 0 0 0 0 0 0
0 0 0 72 0 0 81 0 40 0 55 0 0 0 0 0 62 0 0 61 0 0 73 0 0 0 0 2 0 0
0 0 37 0 0 87 0 0 0 0 0 0 0 0 0 0 0 1 0 0 0 0 0 0 0 66 0 0 0 0
0 0 0 0 0 0 0 0 22 0 20 0 0 0 75 0 0 0 0 0 99 0 0 0 51 0 0 0 0 49
95 0 0 0 0 43 0 0 0 67 0 39 0 72 0 63 0 94 0 0 0 0 0 86 0 72 81 0 0 0
0 18 46 0 0 0 20 0 92 0 0 0 0 0 33 94 12 0 0 0 0 0 73 0 0 0 0 0 0 0
0 0 0 0 0 0 0 0 35 0 42 0 0 0 86 93 52 0 0 29 91 0 0 70 83 0 16 0 0 0
14 0 0 71 43 0 0 0 0 88 0 28 0 0 59 0 0 32 38 0 0 71 0 0 10 0 0 0 10 0
0 0 0 0 0 0 0 0 0 33 0 0 0 0 0 0 0 0 0 0 0 0 0 0 64 0 0 92 0 70
0 0 0 0 65 0 0 80 0 77 0 0 83 0 46 0 0 0 84 0 0 0 0 0 8 0 0 29 95 0
52 19 0 75 0 32 50 0 0 0 0 0 0 0 0 27 19 0 0 72 0 0 0 70 79 54 0 0 0 92
0 0 0 0 0 0 4 0 0 0 0 0 0 40 26 0 0 68 1 0 0 0 0 0 0 0 0 0 0 0
0 0 0 0 0 0 0 0 57 92 0 64 0 52 0 0 7 0 0 97 47 0 0 0 0 0 0 0 0 0
0 19 0 0 0 48 0 36 0 0 0 50 0 84 0 0 0 0 81 0 41 0 0 55 72 0 0 0 0 0
0 0 0 75 0 0 50 0 0 0 0 0 0 0 32 0 0 0 74 0 0 45 0 0 0 0 0 0 4 0
35 8 0 0 17 0 0 17 48 0 0 0 0 0 0 0 0 0 98 0 0 64 5 0 2 0 22 0 0 0
38 0 0 0 0 0 0 14 26 0 0 0 0 75 0 0 0 0 0 0 0 62 79 0 0 0 0 97 0 0
0 0 0 0 0 0 87 0 0 87 0 4 0 96 0 0 0 97 14 0 0 0 0 0 0 0 0 0 0 0
0 0 0 0 0 0 0 3 0 0 0 0 0 0 34 66 62 0 67 0 29 0 0 0 0 0 0 27 0 28
0 0 0 0 0 0 97 0 0 0 0 0 48 47 0 0 0 0 0 0 35 44 0 0 0 0 0 0 0 0
0 77 61 0 0 22 0 43 10 0 86 0 0 0 11 55 0 0 0 0 9 0 0 0 0 0 88 57 0 0
0 0 93 89 0 97 0 0 0 56 0 0 0 1 64 0 0 59 0 0 0 0 38 92 0 0 0 0 0 0
0 62 0 12 0 0 0 94 0 0 0 0 13 0 0 35 0 0 0 0 0 0 72 0 0 0 0 86 0 16
0 98 0 0 0 0 0 74 91 0 0 0 0 77 0 0 0 0 0 42 0 0 0 0 72 20 19 45 67 0
0 0 0 0 0 0 0 0 0 0 0 0 0 45 0 29 0 16 0 0 0 54 41 6 0 0 0 0 0 0
