34 15 0 0 0 67 0 0 0 0 82 0 0 0 0 0 0 0 0 0 68 0 17 0 80 57 8 13 0 0 18 0 0 85 81 0 0 70 0 57
0 0 0 0 0 0 0 37 0 0 0 24 33 0 0 30 35 0 17 96 0 5 0 0 0 0 0 0 0 0 0 0 34 0 0 0 14 97 0 0
0 68 0 27 0 0 0 99 0 0 3 0 85 13 64 0 0 0 0 40 0 0 0 0 0 54 0 91 71 0 22 31 0 0 0 0 0 0 0 0
0 8 0 34 0 77 0 0 62 22 0 0 0 0 0 0 77 0 0 0 0 40 0 0 1 28 0 0 96 0 0 0 63 38 0 89 0 94 0 0
0 94 0 0 0 0 74 0 0 0 44 0 0 0 43 0 35 0 0 0 0 0 0 0 0 0 0 0 0 0 0 0 0 0 43 0 0 0 4 0
73 10 0 0 23 0 0 0 0 0 38 0 0 0 21 0 0 70 0 47 0 73 13 5 0 0 0 0 51 0 0 36 0 0 0 0 0 3 0 0
0 0 74 0 56 0 98 0 70 0 0 0 0 0 0 19 0 0 0 0 0 0 69 0 0 0 0 0 0 0 0 54 0 0 17 0 0 0 0 85
0 0 64 0 0 53 0 0 0 0 0 0 0 0 0 0 46 0 0 0 0 0 0 0 0 15 0 0 0 17 0 37 0 0 0 0 47 0 0 60
47 14 0 61 0 0 0 0 0 0 63 65 0 0 0 0 0 0 0 0 31 45 0 0 0 0 0 0 0 12 0 0 39 0 0 59 0 0 0 0
0 0 0 0 0 5 51 0 36 0 0 0 0 0 0 0 0 90 0 0 0 0 2 0 0 0 0 0 10 68 47 0 0 0 0 42 59 58 0 0
84 0 38 0 0 0 50 0 0 0 0 0 0 0 81 79 0 0 0 0 0 0 0 0 0 0 0 0 0 69 0 0 0 55 0 0 0 0 0 0
14 36 0 0 0 0 0 0 10 0 0 0 0 0 0 0 0 96 24 0 0 0 0 0 55 0 0 0 97 0 0 95 0 0 36 0 0 0 0 0
0 0 0 0 0 0 0 0 0 0 0 0 0 0 0 0 0 0 57 0 0 0 0 0 0 0 0 0 0 0 0 0 0 0 0 0 17 97 0 0
0 96 0 0 0 0 0 0 0 0 23 0 0 0 46 0 11 0 28 65 0 0 0 17 25 0 10 0 0 0 0 0 0 0 0 94 0 0 17 0
0 0 0 81 0 0 0 0 0 0 24 0 0 0 0 0 0 97 0 0 0 0 0 0 0 0 0 10 0 0 26 0 0 0 0 0 0 0 37 88
0 32 0 0 11 0 49 51 0 0 0 98 0 0 17 0 40 0 5 0 14 0 0 26 0 0 69 0 0 0 0 0 0 0 0 0 69 0 0 0
0 0 0 0 0 0 0 33 0 42 38 0 0 0 0 3 3 0 0 0 0 0 0 54 0 0 20 0 0 0 0 0 30 0 78 23 0 0 17 1
91 86 35 44 41 0 0 0 0 57 0 0 0 0 21 21 19 0 0 0 0 0 0 0 0 0 0 0 36 0 0 0 0 3 0 97 29 0 0 0
0 0 0 55 0 83 0 0 0 90 0 97 0 0 51 0 0 3 0 0 0 0 0 99 0 0 0 0 0 0 0 0 36 0 0 0 0 0 0 0
0 0 0 0 0 0 0 0 0 0 6 0 0 91 0 0 0 0 0 0 0 0 0 0 0 0 16 0 68 0 0 0 0 0 0 0 0 0 0 94
