0 0 61 0 0 99 0 23 0 0
71 0 0 0 0 31 0 72 0 0
7 16 0 0 0 0 0 0 0 12
0 0 0 92 0 0 0 0 38 0
0 5 0 0 60 48 0 0 0 0
50 0 96 0 19 0 0 98 76 0
0 7 0 0 55 31 0 76 0 30
59 12 0 0 80 0 0 0 15 11
0 0 0 0 0 66 0 52 0 29
0 0 0 0 0 0 0 61 74 82
0 0 0 0 91 51 0 0 9 93
0 39 0 0 0 6 0 0 0 0
0 0 46 0 0 0 56 34 0 0
0 0 0 0 0 0 0 76 0 51
0 0 0 93 0 0 0 0 0 76
0 0 0 0 0 44 0 0 0 0
0 0 19 96 13 0 45 67 0 0
0 0 42 0 0 0 0 59 0 0
0 77 0 0 31 0 0 0 0 0
0 0 0 0 0 0 99 0 0 44
0 1 73 0 0 0 0 0 0 0
40 98 94 0 0 0 17 0 32 0
0 0 0 0 52 25 43 59 0 0
80 70 0 0 38 45 0 0 30 0
64 63 50 0 0 57 24 0 0 0
56 2 0 0 0 15 0 0 0 89
1 0 0 0 0 16 0 72 0 0
75 0 80 0 21 55 0 0 69 0
0 4 0 0 27 0 20 97 3 0
55 94 0 0 0 0 0 0 52 35
77 56 0 0 0 0 37 82 59 83
0 0 0 0 0 31 17 0 57 0
20 0 0 0 0 52 91 0 0 86
0 37 66 80 0 0 35 0 0 0
81 0 0 0 0 0 0 0 0 0
0 0 27 49 32 53 80 0 0 2
48 0 89 0 62 0 38 46 0 0
0 0 0 0 0 7 0 0 0 58
82 0 0 0 0 0 0 0 0 80
0 0 0 0 76 73 0 0 0 0
64 0 83 74 47 0 0 0 0 32
0 0 0 78 0 0 0 0 18 0
35 54 0 0 0 0 0 0 61 39
99 0 0 0 0 58 0 0 74 0
0 7 0 0 0 0 0 67 0 0
14 0 34 0 0 0 0 0 34 0
0 20 0 61 0 0 0 0 0 0
0 29 0 0 0 0 0 79 75 0
0 0 21 0 0 45 0 0 57 0
0 0 0 0 21 0 0 0 66 0
