0 0 0 0 0 7 0 0 37 37 25 0 0 2 93 0 98 0 12 0 0 0 71 0 34 0 0 0 0 0
0 79 0 57 0 0 0 0 0 0 0 21 0 0 94 0 0 0 0 0 0 0 8 59 68 0 0 65 18 92
21 0 72 11 48 0 36 50 0 0 0 1 94 0 0 0 17 0 0 44 0 42 0 6 16 57 0 69 0 0
54 0 16 0 0 0 0 0 0 0 0 37 58 0 0 0 3 0 0 0 0 49 0 0 38 0 0 0 85 0
0 0 0 10 99 0 76 88 0 40 29 0 0 0 67 0 0 0 0 18 0 30 36 0 85 45 0 0 0 48
0 0 14 0 0 0 0 36 0 0 0 0 64 0 3 18 0 83 0 0 0 0 0 0 46 0 93 0 79 0
0 0 65 0 1 0 0 0 78 0 0 0 0 0 22 0 58 0 0 3 0 92 0 0 0 0 0 0 0 74
0 1 0 0 0 0 0 0 0 87 79 10 0 0 0 69 0 77 0 0 61 81 0 0 0 0 0 0 0 90
97 0 0 0 0 26 0 0 0 0 43 0 0 0 97 0 0 0 0 0 0 63 0 0 0 0 84 0 0 70
0 43 0 0 0 0 0 0 63 43 0 33 87 0 22 0 84 0 0 0 0 0 0 56 92 0 0 36 0 0
