0 0 1 0 32 0 78 0 0 0 16 0 0 0 0 0 0 64 0 0 0 0 98 0 0 0 0 0 0 0 0 0 84 0 0 0 0 11 0 0
0 0 0 0 0 0 31 45 0 98 98 16 0 0 37 0 0 0 77 0 61 0 0 0 5 0 0 0 0 0 0 0 0 57 13 0 0 0 0 0
0 0 70 0 0 0 38 0 0 70 0 11 0 0 46 11 0 86 21 0 81 0 0 0 6 0 87 0 0 0 0 0 0 0 0 0 0 4 0 37
0 0 0 44 0 51 95 0 0 61 0 0 77 13 0 0 0 0 0 97 0 30 0 0 0 0 58 0 0 0 34 0 0 0 0 0 0 0 60 0
0 0 0 0 0 85 3 42 38 0 0 90 0 0 0 0 0 0 0 86 8 0 0 0 0 0 17 0 0 90 0 0 0 36 0 0 0 0 0 0
0 0 0 0 0 72 0 0 0 47 0 61 0 0 0 0 0 0 0 0 0 0 0 84 0 0 0 0 69 0 0 0 82 78 0 40 19 17 38 0
0 0 51 0 0 0 0 0 0 0 0 0 58 0 0 0 0 0 71 0 0 74 0 5 25 0 0 15 0 0 0 0 0 23 0 0 0 0 0 0
0 80 0 0 0 21 0 0 0 0 0 74 29 56 0 0 0 0 0 0 0 5 6 0 0 0 41 0 0 0 0 94 0 0 0 0 0 0 74 0
0 0 0 0 73 0 68 0 95 0 0 0 0 79 0 0 26 0 0 0 0 0 0 0 0 66 0 0 54 70 23 0 0 17 0 80 0 0 0 0
0 0 0 0 0 0 18 0 0 0 0 0 0 0 67 0 0 0 0 32 80 0 0 0 71 0 0 0 0 78 21 0 0 0 0 0 0 0 0 0
