0 0 49 0 0 0 0 0 0 0 13 0 0 0 99 0 0 5 0 0
16 0 0 0 5 0 0 0 0 0 0 0 9 0 0 0 0 0 0 50
0 0 0 0 0 0 0 0 0 0 0 0 66 0 0 0 0 0 0 0
29 0 0 0 0 0 0 0 0 0 70 0 0 0 2 0 0 0 0 0
4 26 0 0 73 0 0 0 0 0 11 0 64 0 0 0 0 0 20 0
0 69 0 0 0 0 29 0 0 0 0 0 28 0 0 0 0 0 16 0
0 88 0 0 0 0 0 0 0 13 0 0 0 0 0 0 0 0 0 0
0 0 0 0 0 0 44 0 0 0 0 69 0 0 0 0 0 0 0 0
15 6 0 0 0 0 0 77 68 90 0 0 0 66 0 0 0 16 0 46
0 0 93 0 0 96 0 0 0 0 0 91 0 0 0 41 32 0 0 0
0 0 0 0 61 0 57 0 0 0 0 3 0 0 0 50 0 0 4 38
0 0 0 0 0 0 44 0 0 99 0 67 0 0 0 0 0 0 27 0
0 0 0 0 0 0 0 0 0 0 0 0 0 0 0 0 0 0 0 0
0 0 0 4 0 0 0 0 0 37 7 0 0 48 0 86 0 0 40 0
0 99 42 0 0 0 0 0 0 0 0 0 0 0 0 61 12 0 0 0
0 0 0 0 0 0 0 0 12 26 0 0 0 0 0 0 0 0 0 0
0 0 0 0 0 0 0 0 35 42 0 0 0 0 32 0 0 0 74 13
71 0 0 0 0 0 3 0 0 0 0 0 61 0 0 97 0 0 0 75
0 72 0 30 99 0 40 0 0 0 0 0 0 0 0 0 0 0 0 0
0 32 30 0 0 2 0 0 0 0 0 0 95 0 0 0 0 0 0 0
