0 0 47 0 0 0 32 0 49 0 0 19 0 5 0 0 0 95 81 75 0 78 0 55 38 0 0 80 95 0
0 0 0 28 78 64 0 57 10 6 0 0 0 0 0 0 0 87 51 0 41 2 0 35 0 0 0 0 0 0
0 0 0 0 0 0 69 44 20 0 0 0 0 0 0 0 0 20 96 0 0 0 0 51 0 26 28 0 0 47
0 41 0 0 0 0 0 83 0 0 0 15 94 0 56 74 0 0 78 0 0 0 74 0 0 35 0 0 0 0
66 38 9 0 0 0 62 0 22 0 66 0 0 0 0 35 0 0 0 36 8 0 43 10 0 0 12 0 0 0
8 73 0 0 0 0 5 0 0 0 0 77 0 0 0 0 0 0 0 0 0 0 0 69 0 42 0 0 0 0
0 0 74 32 0 0 82 0 0 0 0 21 0 35 87 47 0 0 0 62 0 0 0 50 35 0 0 0 0 0
0 0 65 1 0 63 0 93 0 23 0 58 24 92 7 0 0 0 60 0 48 0 53 0 0 27 0 0 99 0
0 0 0 0 0 0 0 4 0 0 74 0 0 0 0 58 0 28 0 0 0 35 89 73 0 45 0 55 0 0
21 0 0 0 0 0 0 0 0 0 80 0 0 0 27 0 0 0 0 94 0 24 0 0 55 0 0 0 0 0
0 0 0 49 0 0 0 0 0 0 0 0 0 92 0 0 76 0 81 0 0 0 0 0 56 42 0 0 19 0
0 0 0 0 0 12 27 0 0 79 0 0 0 19 0 0 0 54 28 36 0 0 5 34 0 0 0 0 0 35
0 97 0 72 0 0 36 96 0 85 0 0 0 0 0 0 0 0 0 73 0 0 0 0 0 0 0 0 0 0
0 0 0 0 6 0 7 0 0 0 0 0 0 0 95 44 0 60 0 0 89 73 0 82 98 0 34 0 65 84
56 0 0 0 96 0 0 0 29 51 0 0 0 0 0 0 0 38 67 10 0 0 0 0 0 22 66 0 37 0
0 91 0 0 0 0 0 0 0 0 0 0 0 48 0 0 0 88 0 0 91 0 0 0 0 0 0 29 0 0
0 0 0 0 0 0 0 0 0 90 0 98 97 0 0 83 0 0 0 0 0 0 0 0 0 0 70 0 0 0
0 85 0 0 0 0 0 61 0 80 91 88 0 69 0 0 0 0 0 0 3 7 0 0 0 3 0 0 95 0
36 62 29 0 75 0 0 0 82 0 0 61 0 0 84 63 0 0 0 12 0 0 61 0 0 0 0 0 0 0
0 0 27 99 33 0 26 27 0 0 0 30 75 27 90 0 15 0 0 49 84 0 17 0 54 0 0 0 0 61
42 0 40 0 0 0 0 0 8 0 0 32 65 0 0 0 0 0 31 0 0 0 34 0 76 0 0 16 0 0
83 0 0 46 9 45 53 0 0 0 0 0 0 0 0 22 72 39 15 23 0 0 85 0 0 0 0 0 0 97
0 0 0 0 0 0 0 90 0 0 65 44 0 0 0 0 0 0 29 0 0 0 0 0 0 0 80 0 0 0
79 86 0 20 69 0 85 0 0 24 3 54 79 0 33 9 0 0 0 0 0 0 66 0 0 0 41 0 0 6
0 0 0 0 0 0 0 0 0 0 0 0 35 25 28 0 0 0 0 0 0 0 0 0 0 0 0 0 88 0
0 0 0 0 0 95 74 62 32 0 0 13 0 0 72 0 84 45 0 0 46 0 0 0 0 45 0 0 39 0
0 0 0 0 0 0 0 40 36 0 91 0 0 0 0 0 0 65 55 0 0 0 0 0 56 33 10 0 83 13
58 0 0 43 60 75 0 80 0 50 0 79 86 0 0 0 0 0 0 7 93 0 0 0 0 45 83 83 0 0
0 75 63 0 0 0 0 0 44 0 0 0 16 7 20 0 0 0 0 0 45 6 94 78 0 0 51 93 0 0
26 61 0 0 0 28 0 0 54 94 0 8 73 0 71 0 0 0 0 69 0 0 0 0 15 0 84 0 0 0
0 0 0 0 0 0 0 0 0 4 61 0 0 0 0 27 0 0 0 0 0 0 0 0 1 0 20 0 36 0
0 40 0 43 0 0 0 0 89 78 0 0 0 0 44 0 0 0 98 0 0 5 0 0 0 0 0 7 30 0
0 0 0 0 0 53 0 86 47 43 0 0 90 0 0 75 0 37 0 20 0 0 0 0 90 0 0 0 49 28
0 6 96 0 0 0 91 69 0 0 64 0 0 90 81 0 0 0 0 49 88 61 54 0 6 0 0 0 0 0
0 0 24 0 0 0 0 0 0 0 0 65 0 97 0 88 0 0 0 17 0 37 49 0 46 0 38 16 0 0
0 13 2 85 0 78 24 0 0 76 45 0 0 0 86 0 6 0 94 0 0 0 0 0 0 39 89 0 0 84
77 0 22 83 0 92 0 69 0 0 15 0 90 0 0 0 0 0 0 0 0 0 14 27 44 97 90 0 0 0
93 42 0 0 35 75 0 72 0 0 55 0 99 0 0 0 0 0 0 32 0 0 79 0 0 0 0 0 0 0
0 0 0 0 0 0 0 0 0 0 0 0 0 5 0 0 34 0 0 92 0 25 0 0 0 91 14 0 0 0
0 0 96 0 65 0 0 37 0 14 14 0 0 65 40 90 0 0 0 0 0 0 0 0 52 43 79 91 0 0
46 0 29 0 0 0 0 0 0 59 0 80 0 0 52 0 0 0 0 0 0 34 0 10 0 0 0 40 65 0
25 0 0 0 0 66 75 0 0 0 0 0 96 0 0 0 0 0 80 0 22 0 0 9 0 13 98 42 0 0
91 52 0 97 0 0 0 64 0 83 0 3 0 0 71 95 0 0 81 0 46 10 30 0 18 46 36 1 5 49
0 46 35 0 0 0 0 86 0 55 0 0 29 0 0 23 0 25 0 0 0 0 0 0 25 0 0 41 0 0
0 0 0 0 0 0 0 15 0 30 0 51 0 37 76 0 0 93 0 0 30 85 46 43 0 0 0 60 97 78
0 95 41 5 0 0 85 0 97 67 0 34 0 31 0 95 0 0 0 0 0 16 0 0 0 27 0 0 41 0
99 0 0 0 27 0 0 0 14 0 0 88 95 0 0 0 89 0 0 0 0 0 0 15 0 0 56 0 0 46
0 0 0 91 0 0 0 26 0 94 0 0 30 0 0 0 95 53 0 0 0 0 0 0 0 70 18 0 3 93
0 0 13 0 0 33 0 92 43 0 85 42 0 41 0 0 0 0 0 0 0 0 0 0 0 0 0 61 0 0
12 52 39 0 0 0 0 0 36 0 0 0 0 0 0 0 42 0 0 0 68 0 0 6 0 0 0 0 0 0
