0 0 0 26 0 58 34 0 0 6 0 61 0 29 83 0 0 0 0 93 52 0 0 62 30 0 0 99 0 56 0 13 0 0 82 0 0 80 15 0
0 4 0 56 0 16 43 0 0 0 0 0 0 0 0 0 0 57 0 0 41 59 14 0 0 0 0 93 0 58 54 0 0 0 0 0 0 0 0 0
0 0 0 0 0 88 0 0 0 57 0 0 0 0 0 0 0 0 0 53 0 0 77 0 0 0 0 55 0 0 0 0 0 0 4 0 0 52 0 0
59 0 0 28 0 0 20 75 0 0 48 0 0 10 0 16 0 0 54 0 0 0 0 0 0 99 0 0 0 44 0 0 35 0 0 0 0 16 0 96
35 55 17 0 76 11 0 0 78 0 0 0 0 41 0 0 95 0 0 0 0 0 0 0 78 0 0 0 0 6 0 97 0 0 0 0 0 0 0 0
0 0 99 91 21 14 54 40 0 0 0 75 21 0 0 0 90 5 21 0 0 70 1 68 0 55 0 0 0 0 89 0 0 0 0 0 0 47 0 0
0 0 0 0 0 7 99 0 50 16 70 0 91 0 53 0 9 0 0 0 45 33 91 0 0 0 0 0 18 0 0 27 0 85 0 0 85 23 47 0
32 77 0 0 0 0 0 0 0 75 0 0 0 0 0 0 55 0 0 0 56 91 96 0 0 0 0 0 18 86 71 0 55 0 0 0 0 0 82 34
31 41 0 0 47 0 0 0 0 0 30 22 0 0 75 0 0 0 15 57 0 0 0 52 0 0 0 0 0 0 0 61 0 0 12 0 0 69 0 66
0 0 0 0 0 16 0 0 0 10 11 0 0 0 93 0 2 96 0 0 0 0 84 0 93 0 0 0 80 26 0 0 21 0 0 0 0 0 83 0
0 0 0 16 0 0 69 45 18 0 68 0 0 0 0 0 15 53 82 0 0 25 0 0 0 11 0 24 95 0 0 54 54 0 0 0 68 98 41 0
92 0 0 0 28 32 95 0 92 31 0 71 5 0 0 0 0 0 0 0 0 94 94 0 52 0 51 96 0 18 0 85 92 0 0 0 0 0 3 0
0 61 4 0 0 0 63 0 1 53 0 0 75 0 39 86 60 0 0 64 0 41 46 0 0 36 90 0 0 0 0 0 0 0 83 33 0 0 0 0
54 0 53 0 82 0 34 0 0 0 0 76 0 48 0 0 72 0 0 30 0 0 0 0 0 0 0 0 24 34 79 0 0 0 0 0 13 0 0 0
63 0 0 0 0 0 4 0 0 0 0 89 0 0 48 0 0 50 0 0 0 0 65 33 0 0 0 0 0 0 0 83 0 0 0 0 0 0 0 95
0 0 0 0 0 18 0 18 0 0 0 0 0 0 0 0 0 0 0 0 58 0 0 84 1 0 10 0 0 0 0 0 80 48 0 0 60 20 15 94
0 0 0 0 83 0 0 0 0 81 0 0 0 0 0 0 0 0 0 0 7 0 0 59 0 57 0 0 0 86 68 51 0 99 90 0 0 0 0 0
0 0 0 88 0 0 0 87 0 0 0 20 0 0 58 0 44 57 0 0 0 23 0 45 0 0 0 0 78 94 0 0 0 0 0 0 19 0 0 0
68 0 0 0 71 0 0 0 0 0 54 31 71 19 0 0 35 0 61 0 0 0 20 0 73 0 94 0 0 0 4 0 0 0 0 0 6 0 0 0
0 28 0 0 26 30 0 0 0 0 0 39 0 10 71 41 0 52 0 0 10 3 0 0 98 60 0 0 0 81 0 13 0 0 0 0 7 0 26 0
