0 67 0 0 43 0 0 0 55 0 35 0 0 48 23 0 0 0 0 1 0 0 47 2 0 0 54 0 0 0 16 0 0 0 11 0 30 53 0 54 79 0 0 75 0 0 0 0 0 42
0 0 0 20 63 0 0 0 42 0 0 0 0 0 0 0 0 0 0 11 0 0 0 0 0 0 24 0 0 95 75 0 0 98 0 15 0 0 0 0 0 0 0 0 0 79 63 0 10 0
0 95 0 0 0 0 0 0 0 0 0 0 0 19 0 0 0 0 0 0 19 16 0 0 0 0 8 45 0 0 0 0 0 59 0 0 0 0 0 0 0 60 0 0 0 0 0 5 0 0
0 0 0 90 0 0 0 42 0 16 0 32 0 5 0 0 0 0 0 0 0 0 0 99 0 0 0 0 0 0 0 0 0 0 60 0 72 0 34 23 73 21 0 0 0 0 10 45 0 0
0 0 0 8 0 0 0 80 0 0 5 0 0 0 0 0 25 0 47 50 7 20 0 0 0 0 66 0 0 92 0 36 8 7 0 0 0 0 0 0 64 0 0 48 0 38 0 0 61 0
0 0 50 60 14 0 0 64 0 0 0 0 0 0 0 0 50 20 75 0 82 0 0 0 0 46 0 0 0 0 71 36 0 62 0 11 0 0 0 18 0 51 30 50 0 0 0 10 0 0
0 0 0 0 0 0 0 0 0 0 97 0 6 0 0 91 0 13 0 39 72 23 0 0 0 42 0 66 0 0 0 0 70 0 17 0 0 0 0 0 0 4 0 0 26 70 0 0 97 18
80 18 0 0 40 0 0 0 17 0 0 10 0 0 0 97 97 0 0 0 50 0 0 63 0 0 93 0 13 65 0 0 66 0 23 53 47 28 0 0 95 42 0 0 0 0 37 96 0 0
0 0 19 65 0 0 0 0 0 0 0 13 0 0 98 0 0 0 45 0 4 0 0 57 0 35 0 0 83 0 0 35 0 0 0 96 42 0 66 0 69 46 0 18 0 0 0 0 76 0
8 0 0 0 67 0 71 0 0 47 0 0 0 22 90 0 0 59 0 0 0 0 12 0 95 60 0 0 89 0 92 96 0 0 0 0 0 0 0 0 0 0 0 0 13 0 0 0 0 0
31 0 0 99 0 0 0 71 0 0 0 0 76 0 0 0 0 0 0 0 0 0 94 0 65 0 0 0 55 0 0 0 2 0 32 78 0 0 61 0 96 0 32 0 31 33 0 0 0 66
0 0 0 0 0 4 0 0 73 0 0 0 0 0 19 0 29 0 0 0 0 33 0 4 93 66 87 58 0 0 3 68 0 9 0 11 0 0 0 0 0 0 62 52 0 77 21 0 0 0
0 0 0 81 34 0 0 99 90 0 10 0 13 0 0 0 0 0 0 0 0 13 50 0 97 91 0 0 0 0 97 42 18 0 22 57 23 64 38 0 40 0 0 27 77 0 0 0 0 0
78 0 0 78 76 30 7 58 0 0 64 0 0 0 0 0 0 0 0 52 0 0 0 0 0 0 0 0 73 37 55 73 0 0 0 72 0 97 70 0 54 0 24 19 51 0 0 0 0 0
0 0 43 0 0 0 0 0 0 81 0 10 0 0 0 0 85 0 0 0 25 89 28 0 71 0 0 0 83 0 0 0 0 0 49 19 0 0 0 26 0 47 0 0 32 0 0 0 60 0
0 0 22 0 0 0 87 0 0 0 0 0 0 0 53 27 56 0 0 0 72 0 0 0 0 86 0 68 53 77 0 20 96 35 0 0 0 0 0 19 0 61 0 62 11 0 38 0 97 69
0 0 36 0 0 78 91 0 0 0 39 0 0 0 0 0 0 0 0 94 98 0 0 0 0 66 0 67 34 30 75 0 0 61 90 71 0 0 0 0 0 93 51 0 58 0 0 0 18 86
14 0 0 0 73 0 0 0 0 0 0 0 3 0 0 73 36 91 52 0 0 95 0 13 0 0 4 0 0 0 81 0 0 0 0 86 0 74 0 52 0 34 0 0 0 0 0 69 0 21
0 80 0 53 0 92 65 0 68 0 7 89 0 66 0 0 0 16 0 0 2 0 0 37 0 64 25 65 0 0 0 0 0 98 0 0 0 0 0 0 98 57 0 0 0 0 0 0 0 0
0 30 0 0 70 2 0 0 13 0 0 0 0 49 0 0 68 0 0 0 0 0 0 0 23 33 0 0 0 0 0 0 55 0 23 0 0 0 0 0 0 39 0 0 12 27 0 0 45 0
0 0 0 26 0 0 26 77 0 58 0 0 68 0 0 0 24 0 70 0 51 0 0 0 0 0 94 0 0 34 58 0 0 24 0 0 0 95 0 3 0 74 0 0 20 0 0 89 0 0
0 0 73 0 20 0 81 82 72 0 20 8 0 0 0 0 0 0 0 0 1 0 0 0 0 0 0 0 0 70 0 0 0 48 57 0 83 0 0 53 0 0 44 18 0 0 41 0 40 0
0 27 0 0 0 0 51 0 0 44 0 61 0 0 0 62 0 0 0 0 0 47 0 0 0 87 0 0 0 0 0 0 52 0 0 0 0 89 8 23 0 0 84 49 79 0 0 0 45 0
9 0 0 95 0 0 0 73 0 81 0 0 0 0 38 0 0 0 0 20 16 46 42 0 0 0 0 0 0 0 0 38 0 0 0 0 0 42 0 82 0 0 0 46 0 18 0 0 82 0
91 0 0 0 25 0 0 83 0 0 0 0 0 0 0 0 53 0 0 64 0 0 0 0 0 0 0 73 0 41 0 0 0 97 9 0 83 0 0 49 31 55 2 16 62 3 98 0 0 0
0 11 0 32 0 0 0 93 0 62 0 0 54 0 0 0 0 0 0 0 0 0 0 50 0 0 0 0 0 0 0 21 75 75 0 0 91 22 86 0 0 0 57 64 64 0 5 0 0 0
0 3 0 0 0 0 0 54 80 0 0 0 0 82 0 0 0 0 42 0 0 0 0 0 78 0 0 0 0 0 0 72 0 0 82 36 65 0 33 28 29 0 0 0 0 0 0 69 6 48
0 0 0 0 0 0 0 0 0 0 0 88 84 0 0 0 0 0 0 0 0 0 0 0 0 20 0 0 0 98 3 0 0 0 0 0 0 0 88 0 0 0 37 0 21 0 0 20 75 54
0 25 0 0 0 80 68 74 93 0 92 0 0 33 29 3 54 0 56 0 38 39 0 0 0 0 48 0 0 94 82 0 50 0 40 0 0 84 32 15 73 0 0 66 0 0 0 0 0 0
96 0 0 90 0 0 0 0 0 0 0 0 0 0 36 74 0 0 0 0 0 76 0 81 0 0 0 5 0 0 0 0 4 60 0 0 0 4 0 0 34 0 65 0 10 0 42 0 0 0
0 0 12 50 0 0 56 0 79 59 0 72 0 33 0 94 0 0 0 0 0 0 0 91 87 0 0 0 0 0 24 0 34 19 0 0 0 93 20 0 0 0 0 5 0 0 0 0 0 0
0 23 0 0 0 0 0 0 0 0 60 0 0 0 0 0 69 0 0 0 10 0 13 0 0 96 57 0 0 0 0 0 3 0 0 89 0 0 0 0 0 88 61 0 0 0 0 49 82 0
0 47 69 81 25 59 62 0 0 0 0 40 0 21 0 0 0 0 58 2 0 37 76 77 73 0 0 0 0 0 26 0 0 0 0 0 0 56 0 0 40 0 81 25 0 52 0 50 73 67
0 97 70 0 0 0 0 0 0 0 0 0 0 0 70 0 0 0 0 0 0 12 0 0 0 80 0 78 0 0 47 0 0 82 24 0 0 75 57 98 77 0 20 0 0 0 0 0 40 0
0 0 0 0 22 0 0 6 0 0 82 0 0 0 0 0 0 0 87 48 0 97 0 0 25 0 0 0 14 0 0 19 0 15 0 0 0 58 0 0 0 0 0 98 0 0 0 66 0 89
88 40 0 1 0 0 0 0 0 0 0 0 0 0 9 0 0 47 0 0 0 0 0 0 0 0 0 0 62 10 43 0 60 52 0 0 0 90 0 32 0 0 0 0 0 50 0 0 66 98
0 0 0 0 0 0 0 83 0 0 0 67 0 0 0 61 0 0 0 0 4 0 0 0 31 0 0 71 83 0 0 45 0 0 0 0 53 0 0 0 0 0 0 66 0 53 0 0 0 0
14 0 36 0 97 14 54 0 9 0 11 0 0 0 0 0 0 0 0 94 0 0 8 35 43 8 0 0 29 0 0 20 0 55 40 11 0 0 12 99 0 0 0 0 0 2 90 43 0 0
0 0 0 0 0 19 0 0 0 0 0 90 21 0 0 0 4 0 0 0 0 0 91 0 0 81 0 84 0 0 0 0 30 0 0 0 5 0 50 0 0 0 80 70 0 56 2 0 50 83
0 0 0 0 0 74 57 64 0 0 0 41 0 0 0 0 0 7 0 0 0 0 0 43 86 0 0 0 44 90 0 0 0 0 0 97 76 6 74 0 0 0 2 0 12 0 0 67 91 0
