0 0 92 61 96 14 0 36 81 0 19 59 0 95 0 0 87 0 0 0 0 0 0 0 73 17 0 92 38 80
92 0 0 0 81 36 0 17 67 0 0 69 0 0 0 0 0 52 0 0 0 10 0 34 0 98 0 0 0 0
41 0 32 0 67 0 0 13 0 60 84 4 0 0 68 0 0 74 0 0 0 0 0 0 4 87 0 9 0 94
0 41 0 0 0 0 0 0 78 0 0 0 68 0 0 0 0 19 84 47 52 0 23 0 0 0 0 0 0 35
0 12 0 7 0 71 39 75 6 34 18 0 0 15 0 16 0 0 0 68 0 0 0 0 87 0 58 49 0 0
0 0 0 0 0 0 52 0 0 0 0 0 0 0 0 0 0 9 86 77 51 0 0 0 31 0 16 49 51 0
0 68 95 0 0 0 0 0 39 0 10 0 40 59 0 0 0 0 10 0 0 0 0 0 0 0 12 0 0 0
29 76 87 0 0 16 0 0 0 0 0 0 0 0 69 0 11 96 52 20 0 49 23 9 0 0 0 0 0 0
99 27 0 0 0 0 78 21 0 50 0 0 0 0 3 0 0 0 0 56 0 78 0 1 89 0 0 35 0 94
0 0 0 0 13 0 0 0 0 0 28 57 0 0 48 0 0 0 0 26 0 38 94 0 0 80 19 48 18 28
0 53 0 0 0 0 0 15 0 0 0 65 0 0 29 89 0 0 0 0 0 40 0 93 0 0 87 0 0 1
0 18 0 0 0 0 0 0 86 0 0 0 49 0 0 0 0 84 0 0 0 0 4 96 0 0 0 0 0 0
0 0 0 0 0 0 0 69 0 0 0 0 0 67 0 0 0 16 0 0 84 0 0 0 0 74 0 57 0 0
0 63 0 66 90 0 4 0 0 0 0 0 0 0 0 0 49 89 0 0 0 0 0 88 0 0 0 0 0 0
0 0 0 0 11 30 66 0 8 0 0 32 27 0 0 0 0 0 48 42 0 0 0 0 0 0 0 0 0 9
75 0 0 0 0 0 37 0 0 0 0 0 0 0 0 0 0 0 0 11 60 0 0 44 0 0 0 4 0 0
0 0 22 0 0 0 95 0 0 1 0 0 39 0 51 45 3 0 0 0 22 0 53 97 87 0 0 27 0 0
18 0 0 0 0 88 5 0 0 0 0 0 97 0 0 0 0 0 0 47 0 0 0 74 62 80 21 0 0 0
73 0 0 16 0 0 41 0 0 0 0 89 0 0 6 0 0 64 0 76 90 0 0 0 0 0 0 0 0 0
0 0 0 0 0 59 0 0 35 0 45 0 72 0 0 0 0 0 35 0 0 0 0 0 0 13 75 0 0 66
0 6 0 0 0 0 0 0 0 8 0 0 91 17 70 0 0 0 92 0 0 0 17 0 0 0 0 96 77 0
61 0 52 0 30 0 0 61 0 15 0 72 0 0 0 0 41 21 0 0 14 0 0 0 91 0 0 0 51 0
0 0 0 0 0 48 0 12 0 0 9 0 64 54 44 0 0 11 0 0 72 0 0 0 77 0 0 0 0 0
0 0 0 0 0 0 0 62 0 0 85 0 0 64 0 0 0 0 0 71 0 0 87 0 0 0 61 77 29 0
12 0 0 42 0 0 0 19 0 0 0 86 0 38 0 0 0 0 13 53 96 0 34 72 0 0 8 0 0 58
0 0 86 0 0 0 0 35 0 94 0 45 0 0 0 0 66 0 0 0 0 0 0 0 0 0 0 0 0 83
18 65 0 48 0 66 0 10 0 0 70 0 30 0 59 0 73 0 0 0 0 56 0 0 0 69 17 0 54 0
0 0 54 0 88 0 29 0 0 94 0 34 48 0 0 0 81 0 3 92 0 57 0 0 0 0 0 0 0 64
0 0 0 0 0 0 85 0 0 0 88 93 13 0 44 0 0 0 57 0 62 0 0 35 0 69 0 0 0 27
24 22 90 7 0 81 0 0 0 35 0 27 0 6 0 17 0 0 4 6 0 0 0 46 0 0 0 0 83 0
0 0 0 12 0 0 0 29 83 0 0 26 76 0 0 0 35 0 0 0 76 89 0 0 69 0 0 0 0 0
46 23 0 0 32 0 56 3 47 0 0 0 0 0 0 4 11 0 0 67 0 0 0 36 0 10 57 0 17 0
0 72 0 0 98 0 14 0 0 0 43 0 79 0 0 0 0 0 0 0 1 0 67 0 59 0 0 0 75 8
0 0 59 0 0 0 19 0 0 0 0 0 0 0 0 0 0 0 0 0 0 1 49 0 5 0 0 72 0 68
0 0 0 0 30 56 0 16 0 0 0 0 0 7 0 0 0 39 41 0 7 58 0 0 41 29 0 0 0 0
0 0 0 0 0 79 14 0 59 77 98 32 14 0 16 0 0 55 0 46 0 0 38 0 0 0 0 0 0 0
0 0 0 0 0 0 0 0 60 0 0 90 0 0 0 19 24 0 0 53 0 0 71 0 80 0 0 32 0 0
0 0 95 0 64 0 22 0 96 0 0 0 0 0 0 0 0 0 0 0 97 0 0 0 0 0 0 29 0 0
0 0 30 16 0 0 24 94 12 0 0 26 82 57 0 64 0 10 67 0 0 0 0 0 0 0 0 0 0 92
0 65 0 0 38 0 0 0 0 69 0 0 71 95 45 0 91 94 0 0 50 43 0 0 98 4 34 0 0 13
