0 0 0 9 80 68 0 0 0 0 0 0 24 0 0 0 0 0 0 56 0 0 0 0 0 0 0 0 0 0 0 0 29 49 0 0 0 0 55 0 0 0 89 0 0 28 0 70 0 0
0 75 0 0 0 0 0 0 0 0 0 0 0 5 12 0 0 0 0 0 13 83 0 0 0 0 34 0 0 34 37 15 0 64 99 87 0 40 0 0 9 0 40 0 0 0 0 60 0 42
0 61 0 3 49 0 0 0 46 0 51 0 0 0 0 0 0 0 0 0 0 0 12 75 32 0 0 19 0 30 0 0 23 0 90 52 0 27 0 0 0 57 0 0 0 0 53 0 0 25
0 0 0 0 0 21 0 0 86 0 0 0 0 0 67 0 0 0 0 0 0 0 19 34 0 0 70 90 0 0 2 0 0 70 0 0 33 23 86 0 45 13 0 0 0 54 40 36 8 21
67 0 0 0 0 0 9 24 0 0 0 0 0 0 0 0 0 0 0 0 0 42 0 13 0 0 0 0 0 0 50 0 0 6 0 0 0 64 0 76 0 0 29 0 64 0 0 0 85 79
0 0 42 0 31 0 0 22 0 0 0 0 0 0 67 0 0 0 0 0 73 35 0 0 0 0 0 0 13 0 0 0 0 0 0 79 26 16 0 0 0 14 66 0 0 0 50 27 0 0
0 0 61 0 0 0 5 61 46 0 6 0 0 57 0 0 73 0 0 0 13 0 0 0 0 0 22 31 76 0 0 0 0 92 0 0 0 0 0 0 10 0 0 43 0 0 66 1 98 0
0 0 0 34 7 67 59 0 0 0 0 24 0 24 0 30 47 0 81 48 0 71 0 0 8 0 0 0 0 93 0 49 21 0 0 15 0 0 0 0 50 0 0 0 38 55 16 0 0 43
31 0 0 0 0 0 0 0 0 8 0 0 0 0 0 69 0 0 0 0 0 0 53 0 0 0 0 0 0 52 4 48 0 0 0 13 60 0 0 81 36 99 0 0 82 9 0 0 64 0
41 0 0 6 0 0 0 0 0 96 29 9 0 32 59 97 0 97 0 63 0 89 0 0 31 0 0 5 0 43 0 84 64 89 44 0 0 39 2 1 16 0 0 0 0 71 0 62 0 28
94 0 0 48 91 0 0 23 0 76 0 0 82 0 65 34 0 0 15 0 0 0 0 0 74 0 0 0 77 46 0 65 0 0 0 22 0 38 0 91 0 0 0 0 0 0 0 0 0 40
0 32 57 89 0 16 0 0 35 0 59 71 16 96 40 0 0 0 0 19 0 0 0 0 0 0 0 93 0 11 21 0 81 0 0 52 0 0 80 0 76 0 93 0 0 9 0 0 0 0
0 0 0 0 97 0 20 0 0 0 49 84 0 0 64 0 0 0 0 0 0 0 67 0 0 60 0 0 0 80 65 0 0 9 0 9 71 45 0 44 0 0 0 0 0 0 0 0 0 0
86 16 55 73 0 0 0 0 0 0 0 80 12 0 0 0 81 33 0 0 0 0 0 0 0 0 0 0 96 77 74 0 0 0 0 93 0 4 43 0 0 78 0 0 0 0 0 45 0 0
0 0 61 0 0 0 0 0 0 0 90 0 0 0 0 0 0 7 72 84 25 0 0 0 0 97 0 47 0 0 28 0 0 0 0 3 0 5 82 0 0 0 0 78 0 0 0 0 0 4
0 0 0 61 0 0 9 0 0 13 0 0 0 0 0 0 0 39 0 32 0 0 0 0 0 67 18 0 0 0 64 40 42 0 92 0 96 0 0 0 0 33 0 0 20 0 0 0 45 0
0 43 0 12 18 58 0 0 0 0 0 0 29 0 4 0 0 0 0 0 0 33 0 0 0 0 0 43 0 0 0 80 0 0 9 0 47 0 3 0 58 0 0 0 0 0 43 14 0 33
92 0 74 75 0 30 0 62 0 69 0 0 0 0 29 0 7 0 0 0 0 0 0 0 33 0 63 0 0 0 0 24 0 0 0 0 92 0 77 42 0 0 86 47 0 0 56 0 96 63
23 27 57 99 0 0 0 56 0 0 0 0 0 0 0 0 15 0 0 0 40 0 14 0 0 25 0 0 0 0 0 0 0 33 0 0 0 94 0 0 7 0 0 58 0 0 0 79 96 0
50 0 0 73 54 0 0 15 0 0 0 0 0 0 0 0 36 0 51 51 0 93 0 0 0 25 0 0 0 0 0 0 0 84 0 0 0 0 0 0 77 0 0 0 81 68 0 96 0 76
