0 0 0 0 0 0 91 0 0 0 75 0 0 0 0 0 32 0 44 52
0 3 33 0 0 12 0 0 0 0 6 0 0 0 0 0 0 0 17 47
0 0 0 0 0 0 0 0 60 43 0 0 0 58 0 59 0 0 0 0
0 0 89 0 0 0 91 40 34 0 0 0 0 4 66 0 0 0 7 89
75 0 0 0 0 0 0 0 2 71 0 0 0 0 0 0 0 59 12 44
69 0 0 0 0 0 0 0 11 0 0 0 48 0 0 0 0 0 0 0
0 0 0 0 0 0 0 0 55 0 0 0 0 95 0 20 0 92 23 0
0 0 0 0 0 0 0 0 0 0 0 0 0 0 0 0 0 82 0 0
0 0 0 33 0 0 79 0 0 0 0 0 0 0 53 0 26 0 0 0
77 0 45 0 25 0 0 41 80 0 0 0 0 0 0 0 43 0 0 0
0 0 0 0 0 0 0 0 0 72 0 0 0 47 79 0 0 0 44 0
0 95 47 0 0 0 4 30 0 0 0 39 73 76 0 14 0 44 0 26
57 96 73 0 41 0 0 2 0 46 0 0 0 0 15 0 0 0 0 0
0 74 99 0 0 0 0 0 0 0 0 0 0 0 0 0 0 0 91 0
0 0 0 0 24 71 0 14 0 0 72 0 0 0 0 0 0 0 0 0
0 0 0 0 6 0 0 0 0 0 0 0 0 0 0 0 0 86 0 0
0 0 0 95 92 22 0 0 0 0 0 0 0 0 0 0 0 38 0 0
26 0 0 0 0 0 0 0 0 0 0 0 0 33 0 0 63 0 0 0
0 91 96 0 0 0 13 0 0 0 0 0 0 0 0 0 0 0 0 33
0 0 0 0 0 63 0 82 89 0 0 0 0 0 0 0 98 0 0 0
0 0 21 0 0 0 0 7 0 0 0 0 0 0 96 0 0 0 0 53
0 0 9 0 0 0 0 0 64 0 0 0 7 0 0 0 0 0 0 0
0 0 0 0 0 0 0 60 0 0 51 0 85 0 0 0 0 50 0 0
0 0 0 92 0 0 0 0 0 0 0 98 0 0 0 0 99 0 0 39
0 0 0 0 0 0 95 0 0 0 0 0 0 43 85 0 0 0 0 0
0 0 0 0 0 0 71 0 0 0 0 0 0 0 78 60 0 0 34 0
98 0 0 35 0 0 0 84 0 0 0 0 0 0 0 0 0 0 0 0
0 8 98 0 0 0 0 0 0 0 0 0 0 0 0 65 0 0 0 0
0 0 0 0 0 0 0 0 0 0 0 0 27 0 0 0 0 0 0 0
0 0 0 0 20 0 0 0 0 0 0 0 18 0 0 0 0 0 14 0
0 0 0 0 35 0 0 0 0 0 22 63 0 0 0 0 0 0 0 0
0 55 62 0 0 0 0 0 0 0 0 0 47 52 0 0 0 0 0 11
0 0 92 0 0 0 0 0 0 0 0 83 41 0 0 40 0 78 0 0
0 0 69 0 0 0 0 0 0 0 0 0 0 0 0 0 14 0 74 0
0 0 0 0 0 0 0 21 0 0 0 0 0 0 0 0 0 0 0 0
12 20 0 0 0 0 0 0 99 79 0 0 0 0 0 0 0 0 94 71
28 0 0 29 0 0 0 0 0 8 0 8 0 0 0 0 49 0 0 0
0 35 0 0 0 0 0 94 0 0 0 0 0 0 0 0 0 0 0 0
0 0 61 0 0 0 0 0 0 0 69 0 0 0 0 0 86 0 0 0
0 0 0 0 0 0 0 0 0 65 0 0 0 0 38 0 0 0 0 0
0 0 0 0 0 0 15 0 21 0 0 0 14 0 0 0 0 46 0 23
0 0 0 0 0 0 0 1 0 0 0 10 0 0 0 0 0 19 96 0
0 0 0 0 99 91 48 0 0 0 72 14 0 0 21 0 0 0 0 0
0 0 0 0 0 0 0 0 0 42 50 0 0 0 0 0 0 0 0 0
0 92 99 0 49 0 0 0 0 0 0 0 0 0 0 0 0 0 0 0
27 0 0 0 0 0 0 0 0 0 91 0 0 0 0 0 93 91 0 0
0 35 0 0 0 40 20 0 0 0 0 34 0 0 0 0 0 0 0 0
0 0 0 0 0 0 0 28 0 0 0 0 97 0 17 0 0 0 0 0
0 11 0 0 66 0 0 0 0 0 0 79 68 0 0 0 0 0 0 0
0 0 0 0 0 45 0 0 0 0 0 0 0 0 0 72 0 0 9 0
