18 18 0 0 0 88 67 76 0 0
35 0 0 0 44 21 0 0 70 0
71 0 0 0 0 60 66 0 0 63
0 0 74 0 0 0 0 0 57 0
0 0 0 0 0 0 44 0 6 0
0 0 0 0 74 0 0 0 58 0
0 93 0 0 17 0 0 0 68 35
0 59 18 0 0 0 13 0 0 0
11 0 0 0 0 0 89 22 0 0
0 99 82 0 0 56 0 0 34 0
0 0 71 94 83 0 96 0 58 0
0 44 0 0 49 0 0 0 43 63
11 0 59 0 94 0 17 0 0 0
28 0 0 0 29 0 0 86 40 43
0 0 0 0 0 0 86 69 0 0
0 0 76 73 0 0 0 0 17 22
93 0 0 79 0 0 36 0 0 0
10 0 0 0 0 75 0 0 0 0
0 0 0 0 0 0 0 97 0 83
0 0 43 0 0 0 98 0 31 0
0 0 0 0 0 80 0 0 0 0
0 0 0 0 44 40 0 0 0 9
0 65 92 0 0 0 0 8 52 0
94 0 0 0 0 91 0 0 4 0
0 6 0 0 21 0 42 0 98 76
0 76 0 93 79 0 0 0 0 0
0 0 0 80 0 1 0 0 0 0
0 0 0 0 17 0 0 0 75 0
0 40 72 81 38 0 0 0 42 0
0 0 53 23 0 91 0 0 0 85
0 44 96 0 0 0 0 58 0 51
0 0 16 9 0 91 0 0 0 0
0 26 0 0 0 54 0 0 0 96
48 47 0 60 0 0 0 43 0 65
0 0 0 98 0 0 0 0 30 28
0 0 0 0 68 66 0 61 90 0
0 65 0 0 0 0 0 0 21 0
0 61 77 53 0 0 58 0 30 0
0 0 0 0 55 0 0 0 0 93
0 16 0 0 0 0 0 0 0 0
