0 14 0 35 75 0 0 0 91 0 81 0 56 10 0 0 29 0 4 0 0 0 0 55 0 0 0 0 0 0 0 0 0 0 0 0 48 0 0 59
0 9 0 0 0 0 77 61 49 0 96 0 0 0 81 0 58 0 0 0 77 71 60 0 0 62 98 0 0 10 0 0 0 0 0 0 0 20 0 0
85 0 0 0 0 32 0 0 66 95 0 0 0 71 0 0 38 0 0 0 0 0 0 0 0 0 51 0 15 0 0 0 6 0 0 0 0 49 0 0
0 9 0 0 0 0 0 0 39 0 79 0 0 0 57 0 8 0 0 33 0 0 0 0 0 0 61 63 0 2 0 26 0 0 67 0 0 0 72 0
64 0 92 0 0 0 0 28 0 0 0 99 90 0 90 0 0 0 83 33 0 0 0 0 0 0 0 0 0 71 0 0 0 0 0 0 0 0 0 0
0 0 74 0 0 0 0 3 0 80 0 0 73 0 27 8 43 0 96 0 0 8 0 0 0 25 0 83 86 0 0 97 0 0 0 0 0 0 0 81
48 0 0 46 0 0 0 0 0 0 16 0 0 0 43 0 0 79 54 0 0 90 0 0 0 0 62 0 0 0 0 0 0 0 0 0 2 0 96 0
28 0 80 0 0 9 0 0 31 28 0 0 0 80 0 0 0 67 0 0 44 0 0 0 61 0 84 0 63 92 96 0 0 0 0 0 57 0 0 0
0 0 19 23 0 0 0 0 0 58 49 0 0 0 62 48 0 97 79 0 0 0 0 0 0 43 0 74 16 0 19 0 0 0 0 0 0 93 31 0
0 87 0 99 7 0 0 13 22 0 0 0 0 12 0 0 0 0 0 78 0 0 0 0 0 0 0 0 14 0 0 0 0 0 33 13 0 0 0 0
0 50 0 0 0 0 34 79 62 0 0 53 47 0 0 0 0 89 0 88 63 0 0 0 0 86 0 0 0 0 0 45 0 0 0 0 0 0 49 0
0 0 59 28 0 24 0 0 75 18 0 0 0 0 0 0 0 0 16 0 77 36 0 28 61 15 0 0 0 0 43 0 97 0 0 0 60 50 0 0
0 0 0 0 0 0 0 0 0 0 0 0 0 0 0 0 59 0 0 0 0 0 0 0 0 0 0 76 0 81 0 22 49 26 0 0 0 0 0 0
0 0 92 0 0 0 71 0 0 0 0 0 21 41 0 0 50 0 0 45 0 0 0 0 0 35 85 0 6 0 0 0 0 0 0 0 0 0 0 0
0 80 0 78 93 0 59 0 0 63 78 0 39 0 0 68 0 0 0 0 82 0 0 29 0 0 19 0 90 35 0 0 23 0 0 17 0 0 0 50
44 54 0 29 0 0 0 0 86 0 0 0 81 0 77 0 32 0 0 94 0 0 0 80 0 87 0 0 0 92 0 0 0 0 91 0 22 0 0 71
0 0 0 0 0 54 0 12 13 88 58 0 0 0 30 29 30 74 0 65 0 0 0 8 86 0 0 0 39 0 0 0 11 0 0 21 0 58 0 0
31 0 0 0 57 0 0 0 18 11 78 34 42 0 0 58 0 0 0 0 0 0 0 23 98 0 80 0 0 0 98 0 0 0 0 75 0 27 17 17
0 0 9 13 0 0 14 0 0 45 0 0 0 0 0 0 0 0 0 54 0 57 0 0 0 61 62 73 0 60 89 0 0 0 0 0 50 32 0 0
0 40 0 0 0 0 46 31 0 0 0 35 5 0 49 0 0 69 86 0 55 0 11 0 42 0 84 0 0 0 0 5 0 50 21 6 61 54 0 0
61 0 0 0 0 0 0 1 0 0 0 0 0 0 49 0 0 0 0 0 0 0 0 0 84 96 0 14 0 0 38 0 0 0 25 0 41 38 0 0
53 16 89 0 15 17 0 0 60 84 0 78 81 0 0 5 0 0 0 0 27 0 13 54 0 0 0 0 0 0 23 0 88 0 0 0 45 19 0 62
0 0 52 0 0 0 33 0 0 50 0 0 0 91 0 0 0 0 0 0 84 0 0 0 0 76 0 0 26 0 79 0 0 0 0 0 0 0 0 0
42 0 85 0 38 66 98 0 26 0 0 0 0 0 7 0 0 56 13 0 0 0 0 0 92 0 0 0 0 0 0 0 0 0 0 0 0 0 0 72
3 0 0 0 0 0 0 0 0 0 0 84 0 36 0 0 0 0 0 0 0 41 7 10 22 0 0 0 0 0 0 10 0 0 0 0 35 0 24 79
0 0 0 0 0 84 0 2 47 0 22 44 0 0 0 59 0 19 0 0 97 0 0 0 0 0 0 25 0 0 50 0 0 0 62 26 0 0 87 0
0 0 0 79 0 0 0 0 0 55 68 97 0 0 51 0 43 16 0 0 5 37 0 55 0 92 0 20 45 65 0 71 0 0 0 0 17 0 0 0
0 88 8 0 0 36 0 0 0 0 0 0 0 38 56 0 38 1 0 7 24 33 0 0 81 0 0 0 0 0 0 30 0 0 0 34 0 48 0 0
98 0 0 0 35 68 0 0 0 26 69 0 0 0 0 0 46 82 28 9 0 24 0 0 92 0 0 0 0 59 0 12 70 13 0 0 0 0 31 45
77 0 71 5 0 22 99 0 11 17 79 69 0 44 0 79 47 0 0 2 0 0 0 0 0 0 0 76 0 0 0 0 0 0 0 27 0 0 41 0
4 18 88 0 0 0 93 35 45 0 0 98 0 21 0 0 0 72 0 0 0 0 0 67 40 64 0 0 53 0 85 0 15 79 0 0 53 0 0 0
0 0 0 0 0 0 0 45 54 0 0 32 0 51 0 0 0 12 0 1 68 86 21 70 37 36 0 62 0 0 0 0 66 43 0 0 64 26 68 99
0 0 39 0 0 43 0 80 0 0 29 0 91 0 0 0 0 68 0 0 50 52 73 0 0 0 0 55 0 0 0 0 0 0 0 0 0 0 0 0
0 47 0 0 22 65 0 0 0 0 0 0 0 46 30 0 0 98 20 0 0 0 0 0 0 21 24 18 33 0 0 0 0 4 0 0 0 0 44 19
0 0 46 0 0 0 0 8 0 0 71 0 0 27 0 0 0 0 0 71 77 0 0 41 32 3 0 0 0 0 0 0 0 71 0 87 0 0 0 70
79 0 0 0 69 74 0 0 0 61 0 0 0 0 68 0 0 0 0 0 0 99 0 21 27 25 0 79 0 0 91 15 0 36 0 0 18 0 0 0
0 0 0 28 0 0 0 0 0 0 0 58 56 66 80 31 0 19 0 50 0 0 0 0 0 0 49 0 0 0 92 0 0 0 0 56 60 0 0 65
44 0 0 0 0 8 95 80 0 66 83 0 0 0 0 50 0 0 0 0 0 0 0 0 0 0 0 0 0 0 0 0 16 0 0 0 0 40 1 0
0 0 68 0 0 0 0 0 37 0 56 0 0 0 0 0 0 0 46 0 51 0 0 3 0 0 0 44 0 0 0 0 0 0 28 0 21 0 0 78
14 0 0 0 0 0 0 20 0 0 0 26 0 0 45 0 71 0 0 0 67 94 0 0 0 1 0 0 58 0 0 0 0 0 0 82 47 0 34 0
0 0 46 0 22 0 0 40 0 40 4 0 0 43 0 0 74 0 0 59 0 0 0 0 0 62 83 0 0 43 0 0 36 0 0 0 0 0 0 0
25 29 0 86 0 31 48 0 0 0 0 0 0 52 0 0 0 0 0 87 0 0 0 66 0 69 0 22 0 62 0 0 4 62 0 0 0 14 0 60
30 0 0 0 71 55 0 0 0 88 95 0 0 0 53 29 0 0 75 0 14 0 0 0 0 0 8 0 0 0 44 77 90 0 0 26 0 0 0 95
27 47 0 0 90 0 57 0 0 0 62 42 0 0 0 2 0 0 0 0 0 0 0 19 68 0 24 51 0 0 64 69 0 0 0 99 0 0 0 52
82 25 0 0 79 0 0 0 0 92 0 36 0 0 0 0 0 0 0 0 0 98 22 0 0 0 0 29 26 0 0 0 93 0 0 0 28 0 0 7
0 0 0 24 0 0 0 0 76 0 0 0 0 0 0 87 16 12 44 0 0 0 28 14 95 70 0 13 0 0 3 0 0 0 12 0 0 0 88 0
0 41 0 0 9 0 0 73 0 0 22 0 0 8 0 0 0 0 0 0 0 22 0 0 0 97 89 12 90 0 0 0 53 3 0 39 0 0 0 0
0 0 48 0 81 71 70 10 0 53 0 77 0 0 48 55 0 0 0 41 0 61 0 0 0 0 93 32 0 63 0 79 12 0 0 0 33 0 29 83
0 31 0 45 0 0 17 0 78 0 0 0 0 0 0 0 0 0 0 0 0 91 65 43 0 0 0 3 0 0 0 0 57 0 0 77 0 93 28 0
0 0 0 0 64 0 0 0 0 0 0 0 0 0 74 0 0 0 0 0 74 0 0 50 32 0 0 0 0 0 89 0 31 13 0 0 18 0 50 0
