0 31 0 0 9 10 0 65 0 0 0 0 0 0 0 0 0 0 0 66 0 0 0 0 0 0 0 4 0 0 36 78 0 20 0 0 0 0 0 0
0 0 0 0 0 0 0 74 29 0 0 0 0 0 0 0 0 0 0 0 66 0 0 0 0 0 28 16 0 0 0 0 0 22 0 0 0 0 0 0
0 0 0 0 0 0 0 0 0 0 45 0 0 0 33 13 0 0 0 0 0 70 0 0 0 30 0 0 0 0 0 0 7 30 0 0 0 0 0 0
0 0 0 0 0 0 0 0 0 0 26 0 0 0 0 0 0 0 0 0 0 0 0 0 0 0 0 0 0 0 0 0 0 0 0 0 0 2 0 0
0 0 0 0 65 0 0 80 0 0 0 0 0 0 18 0 0 0 0 67 0 0 0 0 0 70 31 0 0 0 35 33 0 65 0 17 67 0 0 0
31 0 0 0 0 0 12 6 75 0 0 0 0 0 0 0 0 0 0 0 0 0 0 24 30 0 0 0 0 0 28 0 29 0 0 0 81 0 0 0
0 0 0 0 90 0 0 88 64 56 0 0 23 0 0 0 0 0 0 6 0 0 0 0 0 64 9 0 0 0 0 0 0 0 0 0 0 0 35 0
0 0 70 95 93 0 0 4 42 0 0 0 0 0 0 0 0 31 0 0 0 0 0 0 0 0 0 0 0 22 0 0 0 0 0 0 39 73 0 0
7 0 37 0 0 0 0 66 49 0 0 0 0 0 0 81 0 0 0 40 0 0 68 0 0 79 0 0 0 0 0 92 0 0 0 0 64 0 0 0
99 0 0 98 0 0 4 0 0 0 0 0 0 20 0 0 0 55 0 0 0 0 0 0 0 76 0 0 0 38 0 0 0 0 0 73 0 0 0 0
