29 0 0 0 0 0 0 0 0 0 0 0 0 0 0 0 0 0 28 0 0 0 0 60 75 0 3 0 58 0 0 0 39 0 95 0 0 0 0 59
0 79 0 0 0 0 0 0 0 95 0 15 95 0 0 0 0 67 0 0 20 0 0 5 0 61 21 0 87 87 0 0 0 0 0 0 86 0 0 0
0 0 0 0 0 40 0 47 0 0 0 21 0 0 32 0 27 0 22 74 0 0 0 9 0 0 0 0 0 0 71 0 0 0 0 45 0 76 0 6
21 0 67 0 0 0 76 0 0 0 0 0 0 0 0 30 63 0 0 0 0 0 0 39 0 27 0 67 6 0 0 61 0 0 0 0 0 0 0 17
90 0 10 0 0 0 0 0 87 54 51 35 1 0 0 0 0 0 68 0 0 29 0 0 9 0 0 57 13 0 0 0 0 65 72 29 0 49 0 30
0 0 93 0 0 36 13 0 18 0 41 82 0 0 44 21 51 0 68 53 0 0 0 75 22 0 96 0 87 0 0 0 0 0 54 0 77 24 0 4
0 55 29 0 0 92 95 0 0 0 0 0 95 0 0 0 0 40 69 0 85 71 0 65 0 0 0 0 0 0 29 76 29 0 0 68 0 64 0 0
8 2 0 4 73 0 0 0 0 53 0 0 0 0 0 0 0 62 76 61 0 0 0 0 0 0 72 0 14 6 0 0 0 28 0 94 0 0 0 0
96 32 0 93 0 0 0 76 0 2 0 0 0 0 0 85 89 0 42 0 0 0 6 0 0 0 0 0 20 31 0 0 0 0 0 1 0 0 0 0
0 0 0 0 9 0 0 26 0 19 0 0 32 0 0 0 0 0 0 0 90 0 0 0 53 3 75 40 0 0 10 66 0 0 0 0 0 0 28 34
