0 0 0 0 43 0 0 0 0 0 0 0 0 0 0 0 0 0 0 0
0 86 0 0 0 0 0 0 0 43 4 0 0 0 0 0 0 0 0 0
0 0 0 0 81 0 0 0 2 77 0 0 0 0 0 0 28 0 70 0
52 0 0 0 75 77 0 14 0 0 0 0 0 0 0 0 0 0 0 0
0 0 0 0 64 0 0 0 0 0 0 0 0 0 0 0 0 4 0 0
0 0 0 49 0 0 0 0 0 0 0 0 0 0 0 0 0 0 0 0
0 40 0 0 0 0 0 85 0 0 0 0 0 0 0 0 0 0 0 38
0 0 0 0 0 0 27 69 0 0 95 0 0 0 2 0 0 0 0 0
0 0 0 26 0 0 10 0 0 0 0 0 61 36 0 0 0 0 0 0
0 0 0 0 0 0 0 0 92 0 0 0 0 0 0 0 0 0 0 0
0 0 0 54 0 0 0 93 0 0 0 0 41 72 69 32 11 58 0 0
0 0 95 0 0 0 0 0 0 0 23 0 0 0 0 0 0 0 0 0
0 0 0 0 5 93 0 17 19 5 0 0 0 0 13 0 63 0 61 0
0 86 0 2 0 0 0 0 90 32 88 0 0 0 0 0 0 0 17 0
50 0 0 0 0 0 0 0 0 0 71 0 0 0 0 0 28 0 0 0
73 0 0 0 0 0 0 0 0 84 0 0 0 0 0 0 6 0 0 0
0 0 0 0 0 0 0 0 0 90 0 0 66 0 74 0 0 0 0 0
0 0 0 0 49 17 0 0 0 74 0 0 8 0 0 16 0 0 9 0
31 71 0 0 0 12 50 0 0 0 0 67 0 0 0 0 0 15 0 0
29 0 92 27 0 14 0 0 62 0 0 0 5 0 0 0 39 96 0 0
0 0 0 0 0 0 70 0 0 0 0 0 42 0 0 0 33 0 0 0
0 0 0 0 0 0 0 9 0 0 54 0 20 0 16 0 0 83 0 0
0 0 0 0 83 0 0 47 0 0 0 0 80 0 0 0 0 0 0 0
0 0 0 0 0 0 57 0 0 38 0 0 0 0 0 0 0 0 0 0
0 0 0 23 0 0 0 0 0 0 0 0 0 0 0 0 0 0 0 0
0 0 0 0 60 56 0 0 0 44 0 0 21 0 0 0 0 62 51 93
0 0 0 0 0 0 0 0 90 34 0 99 0 0 0 0 60 0 0 0
93 0 45 0 0 0 0 0 0 0 0 0 0 31 0 89 0 0 0 0
0 0 0 0 46 0 0 0 3 0 97 0 0 0 0 0 0 0 0 0
0 22 0 0 0 0 88 0 0 0 0 0 0 0 0 93 0 0 0 2
0 0 0 0 0 0 0 0 0 0 0 0 0 72 39 0 0 0 64 0
0 0 98 0 0 0 0 0 0 0 0 0 0 0 0 0 31 0 21 0
0 0 0 0 0 68 0 0 0 77 0 0 0 0 0 0 0 0 40 0
22 3 92 97 0 62 12 88 0 0 0 61 0 10 0 0 0 0 0 0
0 0 0 0 0 0 0 0 0 0 0 0 55 0 0 86 0 0 0 0
0 0 17 0 0 26 0 0 0 0 0 0 61 60 97 86 0 0 0 0
0 0 0 0 0 0 91 0 88 0 0 0 0 0 62 0 0 0 0 0
0 0 0 0 0 0 0 0 0 0 44 0 0 0 0 0 78 0 0 64
0 0 97 0 0 50 0 0 0 0 0 68 0 0 0 0 0 24 0 0
0 0 0 0 0 0 0 0 0 0 0 0 94 0 0 0 0 77 0 0
14 0 0 0 52 0 0 0 0 0 0 0 0 0 0 96 0 16 0 0
0 0 98 0 0 0 0 0 0 0 0 0 0 0 0 0 0 0 56 49
0 0 0 0 0 0 0 0 0 0 0 0 49 0 0 44 0 0 0 0
0 0 0 0 0 0 0 0 0 0 0 0 0 51 0 77 53 0 61 0
0 70 0 0 0 0 0 0 0 0 0 70 0 0 0 0 0 0 1 0
98 0 0 0 0 86 0 0 0 22 13 0 0 0 10 0 0 0 66 75
0 0 0 0 0 0 0 9 0 0 0 0 0 0 0 0 0 0 54 88
79 0 0 0 0 0 0 0 0 0 80 0 0 0 0 23 0 0 0 0
0 40 0 0 0 0 97 0 0 0 0 86 0 56 0 0 0 0 0 46
0 0 0 0 0 0 0 0 0 0 5 0 0 38 0 0 79 0 6 0
