0 0 0 0 0 39 36 0 0 0 0 0 0 0 0 27 0 0 0 0 0 0 0 0 0 0 0 0 0 0 97 54 0 0 39 0 0 0 0 0
0 0 0 0 0 0 0 0 0 0 0 0 0 0 21 80 58 0 0 0 0 96 78 0 0 0 0 0 0 0 0 0 50 14 0 94 0 0 0 18
0 0 0 0 0 33 0 0 0 4 0 0 0 0 0 0 0 0 0 0 0 0 0 0 0 0 0 0 1 0 0 0 0 0 0 0 34 0 77 0
0 0 0 0 44 0 0 0 0 36 0 15 0 0 20 33 0 0 0 0 0 0 0 0 0 0 0 0 0 0 0 0 0 0 0 0 0 0 0 0
0 0 0 90 0 0 0 0 60 69 0 0 0 0 0 0 0 0 84 0 0 0 0 0 0 0 0 0 0 0 0 0 0 0 0 0 0 0 72 0
0 0 68 0 0 0 0 99 0 0 0 0 7 27 45 94 0 0 0 48 0 0 0 0 34 0 48 0 0 0 0 0 68 0 0 0 0 0 0 0
0 0 0 0 58 0 0 0 86 0 0 0 0 0 36 66 0 0 95 0 91 0 0 0 0 52 0 0 0 29 0 0 0 0 0 0 0 0 0 0
20 0 0 0 83 0 0 38 65 0 0 0 0 0 0 0 0 0 0 0 0 0 0 0 0 0 0 0 0 0 43 0 0 0 18 23 0 0 0 0
0 0 0 0 0 0 0 0 0 0 0 0 0 0 0 0 0 75 0 0 0 0 0 26 0 71 0 0 0 0 0 0 0 10 0 94 0 0 0 0
0 0 0 0 0 0 0 0 0 0 0 0 0 0 0 0 61 0 0 0 0 0 0 0 0 96 0 0 0 25 0 0 98 0 0 77 0 0 0 0
48 0 0 0 0 0 0 0 0 0 0 0 0 0 0 0 0 0 0 82 0 98 88 0 43 0 0 0 0 0 53 0 0 0 0 0 58 0 0 42
0 0 0 0 0 0 0 0 0 0 0 0 0 0 47 0 0 0 0 0 0 0 0 0 0 0 0 0 0 0 84 0 88 0 0 0 0 0 92 0
0 0 0 0 0 91 0 0 97 0 0 0 0 62 0 0 0 0 0 0 0 0 0 71 0 0 0 8 0 0 0 0 27 0 0 0 0 0 0 44
60 59 0 0 0 29 0 35 0 72 0 0 73 0 0 0 0 0 2 68 0 76 0 0 0 0 0 0 0 0 0 72 0 0 0 0 0 0 0 0
0 3 0 0 0 0 89 0 41 90 0 0 82 0 0 0 0 0 0 0 10 0 0 0 63 0 0 54 0 0 0 0 78 0 0 0 0 0 0 0
0 50 56 10 0 0 0 0 0 13 0 67 7 87 0 24 0 0 0 0 0 0 0 0 0 31 0 0 73 0 0 0 0 0 53 0 0 0 0 0
0 46 20 0 0 0 48 0 0 0 0 69 0 0 95 0 0 76 0 0 0 0 0 0 0 0 0 0 0 0 0 78 0 0 0 0 0 0 0 0
0 0 0 52 0 0 0 91 64 0 0 0 0 0 0 0 0 0 0 28 0 34 0 13 0 0 0 0 0 0 0 0 0 0 25 0 84 0 0 0
0 90 8 0 0 0 0 97 0 42 0 0 74 47 0 0 0 0 0 0 4 0 24 0 0 0 32 0 0 0 0 0 0 82 81 0 0 17 0 0
0 0 0 0 26 0 0 0 0 0 0 0 0 0 0 73 0 14 0 0 0 0 0 11 0 91 0 0 0 0 0 0 0 77 97 0 0 0 0 0
0 0 0 56 0 0 0 0 79 52 0 0 0 0 0 76 3 0 0 0 22 0 0 51 0 0 0 0 0 0 4 0 0 26 0 0 28 0 0 0
0 0 98 39 72 0 48 0 96 0 0 0 0 0 0 0 0 0 0 0 2 40 0 0 0 0 0 82 1 0 0 0 0 0 0 0 64 0 0 0
0 0 0 0 92 0 0 0 0 0 0 0 54 1 0 0 98 0 0 0 0 0 0 1 0 0 0 0 0 0 0 0 0 0 45 0 0 15 0 0
0 0 0 0 0 0 0 0 5 0 0 0 0 0 0 0 0 0 0 0 61 0 0 78 0 0 0 0 0 0 0 0 0 0 0 60 0 23 0 0
71 0 61 0 0 38 32 0 61 0 44 0 0 0 23 0 0 0 49 0 46 0 0 0 0 0 0 0 0 47 0 1 0 0 0 33 0 0 0 0
0 0 0 0 0 0 0 0 0 0 0 5 0 0 0 2 0 0 0 0 0 0 0 4 44 0 0 0 0 0 0 0 0 2 0 0 0 0 90 0
0 0 0 0 0 0 0 0 64 0 0 15 64 0 0 0 86 14 0 0 0 0 45 90 0 84 11 0 0 0 0 0 0 0 0 0 0 0 0 0
0 0 0 0 0 10 53 0 0 0 0 0 0 0 0 0 0 0 0 0 92 0 0 0 0 0 62 0 0 93 0 54 0 0 5 96 0 0 14 0
68 0 0 12 0 0 0 46 0 0 0 14 0 0 12 0 0 0 0 0 0 0 0 0 0 0 0 0 0 0 0 0 0 0 0 0 98 0 0 0
0 0 0 0 0 0 0 0 0 0 0 38 0 72 0 0 0 0 0 0 0 0 93 0 18 54 0 0 0 0 0 0 90 0 64 0 0 0 0 42
0 0 0 0 0 0 0 0 0 8 0 0 42 40 0 7 0 17 10 0 0 0 16 0 0 71 0 95 0 0 0 11 0 0 0 0 0 0 75 0
0 0 0 0 3 16 0 0 0 0 0 0 0 0 69 84 0 98 0 0 51 0 0 0 0 38 0 0 0 0 0 84 0 0 0 0 0 0 0 0
0 0 0 0 0 0 0 53 0 0 0 0 0 0 0 0 0 0 70 0 0 37 0 0 0 0 0 0 0 0 0 0 0 28 0 0 0 83 0 0
0 0 0 10 0 0 0 0 0 0 0 0 0 0 41 0 0 0 25 0 0 0 79 0 0 58 99 0 0 0 0 0 0 35 0 0 21 0 0 0
0 0 0 0 0 0 0 0 81 41 4 0 0 0 0 0 0 0 0 0 69 0 0 0 0 0 0 0 67 0 0 0 19 0 0 0 2 0 0 0
0 28 0 78 0 0 0 0 0 34 0 0 38 0 0 24 0 48 0 0 94 0 83 0 0 0 0 0 0 0 12 0 0 0 99 0 0 0 0 23
99 0 0 0 0 1 0 0 0 0 0 11 56 0 79 72 0 0 0 18 8 0 0 0 0 0 0 0 0 0 98 0 58 0 0 0 0 0 0 59
0 39 0 0 0 0 0 87 0 0 0 82 0 0 0 0 0 0 0 0 43 0 0 0 0 0 0 0 0 0 97 0 66 0 0 0 0 0 0 0
0 1 0 61 0 0 0 0 0 91 0 0 0 36 59 0 0 0 13 63 0 0 0 0 0 0 0 39 0 0 4 0 0 0 0 60 0 0 0 0
0 0 0 0 0 0 0 0 0 0 19 0 0 0 68 0 0 0 0 0 0 0 0 0 38 0 5 56 0 23 0 0 0 0 0 84 0 16 0 0
