0 0 0 0 96 0 64 0 0 0 0 0 0 42 97 84 0 57 0 0 0 0 97 0 0 0 62 0 0 0 0 35 0 0 60 0 0 0 0 0
0 42 0 0 0 0 0 0 0 0 0 70 0 0 0 0 0 0 0 0 66 5 0 76 0 55 0 0 29 0 0 0 0 0 15 77 0 18 0 0
0 0 82 0 0 0 0 0 0 0 0 76 0 90 79 0 0 0 86 0 0 0 0 0 49 0 0 0 0 0 0 0 93 0 0 0 0 0 0 0
39 0 0 0 0 0 0 54 21 0 0 0 5 0 0 0 0 0 0 0 0 0 0 0 0 0 3 0 0 0 0 0 0 0 0 0 0 0 0 0
0 57 0 28 0 0 0 0 0 0 42 0 38 87 0 0 0 86 0 1 0 0 0 0 0 0 0 0 0 0 0 0 0 0 0 0 0 0 0 0
0 0 0 0 66 0 0 0 0 0 0 71 0 0 0 0 0 0 0 0 0 0 0 0 68 0 0 0 0 0 2 0 0 0 71 43 0 0 0 0
0 0 60 0 57 0 0 0 0 0 0 0 17 0 88 0 70 0 0 0 0 0 0 43 86 0 0 0 0 0 0 0 0 0 0 0 0 0 0 0
0 0 90 0 0 69 0 0 36 0 0 0 0 0 0 0 0 26 34 0 0 0 0 74 0 74 0 0 0 44 28 0 0 0 0 0 60 0 86 0
0 0 0 0 0 0 89 0 66 86 0 0 0 0 0 65 79 0 0 0 14 0 0 31 0 0 0 0 0 0 0 0 68 0 0 0 0 0 0 0
19 0 0 0 94 0 0 70 0 16 0 0 0 0 0 58 0 52 0 0 0 77 0 0 0 0 0 0 0 0 0 0 0 0 0 0 0 98 16 0
