0 0 44 0 0 29 97 64 0 0
0 0 0 0 0 0 0 0 0 0
0 0 0 0 25 0 0 0 0 0
0 0 34 0 0 21 0 0 0 0
12 64 0 48 0 0 0 37 0 0
0 0 0 0 0 0 0 0 0 0
52 0 0 0 0 0 0 0 0 94
0 36 0 3 0 0 0 0 0 0
5 0 0 0 0 0 0 0 0 0
81 0 84 0 0 62 0 2 0 74
82 33 0 0 0 0 14 34 0 0
0 0 0 0 0 0 0 0 0 0
27 0 97 0 0 0 0 0 0 0
0 0 0 0 0 0 17 61 0 0
0 0 0 0 73 0 0 0 0 0
43 0 0 0 0 0 0 62 90 82
0 0 0 78 0 0 0 0 0 0
0 0 0 0 0 0 49 0 0 0
0 0 0 65 0 0 0 0 0 0
0 0 0 0 9 61 0 0 0 0
0 98 0 0 0 83 87 0 0 0
0 56 0 0 0 78 0 0 0 7
0 0 0 0 0 0 0 0 0 0
0 0 27 0 0 0 0 0 82 0
0 0 3 0 0 0 69 87 45 0
0 0 17 0 0 0 0 0 53 0
0 0 20 0 0 9 0 0 0 0
82 0 97 0 0 0 0 0 0 0
0 0 75 0 0 0 0 0 0 0
0 0 50 0 0 0 0 0 98 0
