0 0 0 0 0 0 0 0 0 63
0 0 0 0 0 0 20 0 0 0
0 0 0 59 0 0 70 0 34 0
0 0 0 0 0 0 0 0 2 0
0 57 0 87 41 0 0 0 0 0
0 0 0 0 0 0 0 0 45 0
0 0 0 0 0 0 95 0 32 0
0 38 0 0 0 0 33 0 0 0
0 0 55 0 0 0 0 0 0 0
13 82 0 50 0 0 0 0 74 0
0 0 0 0 84 0 0 0 99 0
0 0 0 0 0 0 95 0 7 36
0 0 0 0 0 0 55 0 0 40
0 0 0 49 0 9 56 0 0 0
0 0 0 0 0 0 0 0 0 0
9 3 0 11 72 0 0 0 0 0
17 0 27 0 0 0 0 76 0 0
0 0 0 0 79 0 0 21 0 0
0 53 0 0 0 0 0 96 0 0
0 0 0 0 0 0 0 65 0 0
0 0 0 0 0 0 0 0 0 0
0 0 0 53 0 0 0 0 29 45
0 0 0 84 0 36 87 8 0 0
3 0 0 0 0 0 0 0 0 0
0 0 0 93 0 0 0 0 0 0
0 0 14 0 0 0 0 0 0 91
0 0 0 0 0 0 0 49 0 0
0 0 86 0 0 0 76 0 34 25
0 0 59 39 0 86 0 0 0 0
0 0 0 88 0 0 0 0 0 0
0 0 0 0 0 0 0 0 0 98
0 0 0 0 0 0 12 0 0 0
0 0 0 15 0 72 17 0 0 0
0 0 0 9 0 0 0 0 0 0
0 47 0 0 0 76 17 0 0 0
0 0 0 28 0 0 0 0 0 0
0 19 29 0 0 0 0 63 0 0
0 0 0 0 0 0 0 0 0 0
0 50 0 0 0 0 0 88 0 0
87 0 46 9 0 0 0 0 0 0
