0 0 0 0 0 96 0 0 72 0 23 0 0 0 45 0 0 59 0 0 0 0 0 0 0 0 52 15 0 89 0 0 0 45 0 0 0 0 43 89
0 0 40 92 51 86 81 0 18 0 0 0 0 0 98 51 0 8 0 37 0 0 0 0 0 18 0 87 0 0 0 0 0 0 19 0 0 0 0 88
0 0 0 0 0 0 0 0 45 0 0 74 0 0 0 0 0 4 0 62 0 0 56 0 0 0 0 34 0 0 91 81 0 0 4 0 0 0 0 0
42 0 0 0 0 32 77 0 0 0 0 0 0 0 67 0 0 78 49 0 42 0 0 0 0 0 25 0 82 84 60 0 12 0 0 0 0 0 18 0
0 0 0 0 0 35 0 0 0 67 0 98 61 0 0 0 0 62 0 0 48 0 0 68 41 0 43 25 0 89 52 0 72 30 0 0 0 0 27 0
0 0 0 0 0 13 0 2 0 0 0 76 0 16 0 0 0 88 0 0 61 0 42 0 35 0 0 61 0 33 72 82 8 59 0 0 0 1 0 0
46 0 31 0 99 0 35 0 0 0 96 0 25 2 0 0 0 0 0 0 0 0 81 0 0 32 0 76 0 0 0 64 0 8 0 0 0 22 0 0
0 0 23 59 0 90 5 15 0 0 0 0 0 65 0 0 87 0 59 0 37 0 3 0 0 8 0 0 0 40 0 0 67 76 0 92 0 0 20 0
64 0 0 29 0 38 0 0 0 0 0 0 0 0 22 0 26 0 0 78 0 0 50 0 0 0 0 0 49 0 33 0 0 0 23 36 13 25 19 0
87 21 0 37 0 0 0 0 0 0 0 0 51 59 0 84 39 40 65 0 0 0 78 58 0 0 31 0 0 35 0 52 95 88 0 74 41 9 47 0
0 0 81 0 3 0 0 0 0 94 0 0 71 0 0 66 64 96 0 0 0 0 0 0 0 0 0 34 0 0 0 0 49 0 0 0 0 0 0 0
73 0 33 77 9 93 8 26 0 72 0 0 0 60 0 0 86 0 0 30 16 0 0 35 0 0 0 9 0 0 0 26 95 0 0 0 0 0 0 0
0 0 0 66 0 87 0 0 0 45 34 0 0 82 0 54 0 74 38 32 0 0 0 0 0 0 91 0 0 95 0 66 0 0 93 0 6 0 32 0
0 0 0 81 0 51 16 49 0 0 41 0 0 0 92 0 0 9 78 0 0 12 20 71 0 99 0 6 0 48 0 16 0 0 95 0 60 83 0 39
38 48 63 0 0 60 0 11 0 0 97 0 0 0 47 0 1 0 98 0 0 0 0 0 0 0 0 0 91 37 0 33 0 53 13 0 0 0 0 0
0 0 0 0 90 0 29 0 0 5 0 0 0 8 0 0 0 74 0 0 0 0 79 0 0 0 0 0 34 0 0 0 15 0 0 0 59 15 34 0
0 0 0 0 0 0 28 0 0 0 86 0 48 99 23 67 0 53 0 0 53 0 0 90 85 0 0 0 0 0 60 0 0 0 0 0 0 86 0 0
0 55 24 27 0 0 40 0 0 0 1 62 0 0 0 0 0 83 7 8 0 0 19 0 39 0 0 0 51 0 0 0 26 28 0 32 0 0 53 0
68 0 0 0 0 0 79 0 0 0 0 0 0 89 0 93 0 0 21 0 0 69 0 0 0 81 0 0 0 0 0 22 0 0 0 0 19 60 0 0
0 0 0 70 0 16 15 0 72 0 0 0 0 0 96 0 47 0 0 0 32 0 0 0 0 0 0 46 84 0 0 75 44 12 0 93 0 30 0 0
0 0 0 85 0 66 0 0 0 0 0 45 0 0 28 0 35 25 0 99 43 0 0 0 0 0 0 0 0 0 0 68 0 0 19 27 16 0 0 0
70 23 72 0 0 0 23 32 0 0 0 0 0 0 0 0 0 0 0 12 65 0 0 0 0 0 0 0 0 0 34 25 0 0 0 49 89 0 0 0
0 0 0 0 0 0 67 29 0 0 43 0 0 0 0 27 0 61 0 51 46 0 0 0 0 0 65 0 0 0 38 44 0 0 29 0 0 0 2 35
85 23 0 70 0 0 0 31 51 28 0 0 0 0 0 0 40 0 0 12 43 0 0 74 0 0 0 69 14 0 0 0 0 0 0 0 76 48 0 65
0 0 0 0 93 0 33 56 24 0 0 0 0 74 0 0 2 0 2 0 0 0 0 0 0 9 0 0 0 0 0 0 0 0 0 4 0 0 76 0
0 85 96 85 95 0 0 0 0 0 0 0 0 28 31 0 0 0 0 0 0 0 0 37 92 85 0 79 0 0 72 94 0 0 67 0 0 0 0 0
0 56 0 0 0 88 55 0 0 0 75 0 0 95 0 0 12 70 0 0 14 0 60 0 0 51 0 0 0 0 24 0 0 0 6 0 0 0 0 0
0 0 80 59 0 0 84 0 0 0 0 0 0 0 24 19 0 0 61 20 0 44 0 0 51 0 24 41 89 0 0 0 0 0 0 0 0 3 0 0
47 0 0 0 0 76 0 0 0 0 94 0 0 30 0 0 0 95 29 27 55 0 0 0 0 0 0 0 91 0 0 0 0 0 98 0 0 0 0 0
0 0 0 0 0 62 42 0 0 0 0 77 88 40 0 58 0 0 0 0 27 0 0 0 0 29 0 57 37 0 0 89 0 0 0 61 0 0 0 0
