0 0 66 0 74 11 0 0 14 76 0 0 16 0 0 83 0 85 0 0
0 0 69 0 0 0 52 53 0 0 0 0 0 8 0 0 80 0 0 69
71 0 0 0 57 93 48 0 58 0 0 0 0 0 0 0 0 81 44 79
0 0 0 84 0 0 48 45 0 0 0 21 0 0 0 0 0 65 0 0
0 42 0 0 3 0 0 0 0 59 0 0 0 0 0 0 0 0 0 93
0 0 0 0 40 0 25 48 66 0 86 96 33 60 41 0 0 0 0 0
0 0 0 0 0 89 0 0 0 94 89 56 0 0 92 24 30 0 34 67
85 0 0 0 92 0 0 1 0 77 0 0 90 0 0 0 0 18 69 66
55 3 0 0 35 0 0 0 0 0 0 0 0 0 0 80 82 0 0 87
52 0 0 0 0 15 93 92 43 0 83 0 0 0 0 0 0 0 0 0
68 43 0 0 44 5 0 67 80 2 0 0 66 0 0 0 33 0 0 0
0 0 0 69 0 19 92 0 0 0 0 0 0 0 0 12 0 0 0 0
0 0 0 0 0 0 0 24 29 78 0 0 0 0 0 0 0 53 0 0
0 76 0 0 26 0 29 56 0 44 0 0 0 62 89 0 0 0 0 3
41 0 0 13 0 49 0 0 0 0 0 0 48 71 0 0 0 15 0 0
0 0 64 0 0 0 0 0 0 0 0 95 78 0 0 0 0 38 0 40
41 38 72 0 0 0 35 0 26 0 0 0 75 0 0 59 0 0 0 0
0 0 0 0 75 0 4 0 0 0 0 0 68 0 0 0 87 0 0 0
66 0 0 0 19 0 98 63 79 0 0 7 98 0 0 9 85 54 77 0
0 0 79 96 0 31 0 0 0 0 0 0 0 55 0 69 0 0 82 0
