0 0 0 0 0 0 0 88 0 0 15 0 0 0 0 0 0 0 0 0 0 0 0 0 0 0 78 0 89 0
0 34 0 0 0 0 0 0 0 34 0 0 0 38 0 55 0 99 0 86 0 90 21 0 16 0 0 53 0 0
0 52 0 0 0 0 57 0 0 0 0 84 0 0 10 0 16 0 95 81 0 59 33 0 0 3 0 0 0 0
12 0 0 0 0 0 67 0 0 41 0 0 0 89 95 0 81 0 0 0 0 0 0 41 54 0 0 0 0 0
0 0 24 67 0 0 0 0 8 0 0 46 0 39 0 0 0 91 27 0 0 0 0 0 0 0 0 0 0 0
0 0 86 0 0 0 0 0 0 0 0 0 0 18 41 0 0 0 0 0 0 0 0 0 0 0 29 75 0 0
0 72 0 0 0 0 2 25 0 36 0 0 0 0 0 55 0 0 0 0 43 0 0 0 0 0 0 32 0 55
0 0 0 0 0 62 0 0 0 0 0 46 0 7 29 0 0 0 22 0 0 36 72 0 0 0 0 0 96 0
0 31 0 0 0 0 0 90 0 0 0 0 0 0 0 0 0 0 0 57 33 0 0 0 0 0 0 0 33 15
0 0 0 0 0 0 0 15 0 0 0 0 0 0 0 33 0 61 67 62 0 0 0 0 0 0 12 0 22 61
