0 26 0 0 0 0 0 0 0 0 92 66 0 36 48 0 0 0 13 59 0 0 0 0 80 0 0 0 0 62 91 0 0 0 0 0 92 0 0 15 0 0 0 91 5 27 70 10 0 0
0 0 0 0 0 0 11 0 6 0 23 0 0 0 0 0 0 0 52 82 0 42 0 0 85 0 97 0 0 0 91 4 0 55 48 0 96 72 20 0 0 88 0 0 0 10 0 0 0 0
27 0 0 0 39 31 0 0 0 0 0 0 0 23 0 0 0 30 0 0 0 0 97 0 0 0 0 0 0 0 48 0 0 0 0 66 0 64 0 0 0 60 0 0 0 0 0 0 44 0
0 0 17 0 0 0 0 0 0 0 46 0 0 0 0 0 0 0 0 0 0 0 95 0 0 0 0 34 0 0 51 0 97 0 0 19 65 74 0 16 0 0 0 0 0 0 16 0 0 0
99 0 0 0 0 0 0 0 34 0 0 0 0 0 0 0 0 0 0 0 0 41 0 0 0 0 0 0 0 0 0 76 17 0 0 0 0 0 0 0 0 34 0 7 0 76 0 0 0 0
0 18 0 0 0 0 0 0 0 0 0 0 0 49 0 0 0 0 0 0 0 0 0 0 7 0 13 0 4 53 0 0 0 0 0 16 48 3 0 0 0 0 0 0 0 39 0 0 0 0
8 0 75 0 0 0 0 0 0 58 0 12 0 0 0 0 0 32 0 0 0 32 0 0 0 98 0 0 0 43 0 0 0 0 77 46 0 0 0 0 0 0 0 0 0 0 0 0 0 0
0 0 0 65 0 42 0 77 0 20 0 0 0 0 53 0 49 0 0 39 0 0 0 0 0 0 0 0 0 75 0 31 0 0 6 0 95 37 0 2 0 0 38 96 0 0 0 0 0 0
63 0 3 45 0 0 0 0 0 2 73 43 0 0 0 0 0 43 71 44 0 0 0 68 0 0 0 0 85 5 42 0 0 6 49 0 0 0 0 0 0 16 15 0 10 0 0 55 0 0
0 88 0 0 0 0 79 0 0 0 0 0 0 0 59 0 0 17 0 0 0 19 0 0 0 0 0 92 0 0 89 0 0 0 0 0 0 0 0 71 0 0 0 0 0 0 0 0 0 0
0 0 0 0 15 0 0 0 0 33 0 48 0 56 0 0 0 0 48 0 0 0 0 0 16 0 82 0 55 0 48 0 62 0 0 0 17 0 7 0 0 47 0 76 0 0 0 70 0 0
0 0 0 0 0 19 0 0 0 0 0 36 4 0 0 0 0 0 0 0 0 0 0 0 52 0 0 0 0 0 0 0 0 0 0 0 0 0 0 0 0 69 0 0 0 0 0 10 0 0
0 0 0 0 0 0 0 0 87 8 0 0 0 0 0 0 0 22 0 3 64 0 57 83 0 0 9 0 52 0 0 21 67 0 43 0 0 43 83 0 70 0 0 0 0 0 0 47 6 0
0 0 0 53 0 0 0 0 0 0 35 73 89 31 49 30 0 0 89 0 0 0 21 0 0 0 0 0 0 0 0 0 0 0 0 0 0 0 7 26 72 81 78 0 0 0 0 0 0 0
0 0 0 0 11 0 0 0 0 0 0 0 0 0 3 0 67 0 0 0 0 0 54 0 0 0 8 0 0 0 0 0 0 0 80 0 84 0 73 71 77 0 0 0 0 0 0 0 0 0
0 24 0 0 0 0 88 0 0 0 40 0 72 0 0 0 0 0 0 48 0 0 0 0 50 0 0 0 0 23 0 0 48 23 0 0 0 0 0 0 28 0 37 0 22 0 0 0 0 0
0 0 0 0 84 0 0 62 97 0 0 0 0 0 7 0 0 39 0 4 0 0 0 0 0 0 26 0 0 28 0 46 0 61 0 0 60 0 0 0 0 0 0 0 75 0 0 0 0 0
0 43 51 56 0 0 0 0 72 0 0 0 0 34 0 99 0 37 0 0 0 0 0 0 0 0 0 0 0 0 0 0 0 0 0 0 0 0 16 0 54 0 0 0 0 23 0 0 0 0
0 0 0 0 0 42 0 0 43 0 0 0 0 62 0 0 30 15 0 37 0 0 0 19 0 0 0 16 0 0 0 0 0 0 0 0 45 11 7 0 56 0 34 0 12 0 0 0 0 10
0 0 81 20 0 0 0 0 0 0 0 0 0 0 0 0 0 0 0 0 0 0 53 0 10 0 0 25 50 0 0 0 0 0 90 0 0 0 58 0 0 0 0 0 0 0 0 0 0 0
