97 90 0 0 0 0 0 0 0 0 0 0 0 47 0 0 0 0 0 0 15 0 0 46 0 0 96 0 0 32 0 0 56 0 0 42 7 0 87 78 0 0 83 49 0 0 50 0 0 0
95 0 0 0 0 26 2 0 0 99 0 0 0 0 16 0 71 97 65 76 0 93 73 0 45 0 0 83 0 0 0 0 2 92 0 0 0 45 0 0 0 0 0 0 0 30 0 68 46 0
7 0 21 0 0 0 77 0 0 0 0 0 0 0 63 0 56 0 0 0 0 0 0 0 0 0 0 0 0 0 0 0 0 0 0 55 0 0 0 38 0 0 0 0 0 74 0 0 0 0
41 36 89 30 3 0 64 94 0 0 36 20 42 29 0 10 17 0 0 0 98 0 0 0 0 14 0 80 0 0 45 0 0 0 0 0 0 0 0 0 0 0 0 17 0 0 74 0 0 0
70 0 0 0 38 0 0 0 0 0 0 0 74 55 9 0 0 0 0 0 0 31 0 57 53 0 0 0 0 0 0 16 82 0 41 0 0 0 0 0 0 0 53 90 0 0 91 0 99 0
0 0 77 0 0 0 0 0 39 0 0 27 0 0 0 7 0 10 14 0 0 0 0 0 0 0 0 0 55 0 0 0 0 94 0 69 83 0 0 0 0 0 0 42 92 0 0 0 76 26
0 60 0 0 44 0 0 0 0 0 0 0 0 0 0 0 0 0 0 27 0 98 57 0 0 0 29 0 0 0 0 0 16 0 0 0 87 0 0 0 0 0 69 0 0 0 0 0 49 24
0 86 0 0 0 0 12 63 48 0 0 0 0 0 25 39 0 0 53 0 0 0 5 0 0 96 0 0 18 0 79 0 0 0 0 0 64 77 0 95 0 86 0 0 0 0 63 41 0 33
32 30 44 0 45 0 0 0 53 80 0 0 91 0 0 81 0 0 0 16 56 83 0 96 0 76 0 98 0 0 0 0 0 21 0 97 0 0 0 0 0 0 0 0 0 0 35 0 60 98
95 74 0 0 98 0 0 0 0 85 0 4 28 0 56 21 0 0 88 36 0 0 94 0 0 0 0 0 8 92 0 0 0 57 0 0 0 0 0 0 0 81 0 37 0 60 0 0 0 0
0 0 0 13 0 0 0 0 96 0 0 0 0 0 0 0 23 0 0 26 46 0 61 0 0 0 17 59 0 0 0 0 0 0 46 0 0 59 21 0 0 0 0 60 28 0 76 44 0 0
0 0 9 0 30 0 0 0 9 0 0 0 0 83 78 0 0 0 0 0 5 0 0 90 0 86 0 56 34 25 0 0 0 0 93 0 0 0 86 0 0 75 0 0 81 85 98 0 0 0
0 0 0 0 0 0 0 0 11 0 0 29 39 7 0 0 0 0 56 0 16 0 0 0 0 0 0 94 0 87 0 25 0 90 57 0 0 98 35 0 0 0 0 0 0 10 10 0 69 0
62 0 0 0 68 52 51 0 0 0 64 0 0 0 26 6 0 0 26 0 0 0 0 0 0 72 0 0 73 37 0 0 0 0 37 63 0 0 69 58 0 0 0 0 0 32 0 32 0 27
2 35 0 0 0 36 87 0 0 33 12 0 88 0 0 0 0 0 0 35 83 53 21 44 0 0 95 0 0 0 0 36 85 0 0 0 3 0 0 0 0 0 0 0 86 68 0 0 0 0
0 0 0 0 0 39 3 0 65 0 0 6 0 0 0 0 11 0 0 0 0 0 50 0 0 0 22 0 0 66 0 0 74 0 0 83 0 23 0 0 81 46 0 0 0 26 0 0 4 96
0 0 5 93 0 0 54 0 0 69 0 0 65 0 44 0 0 13 0 0 47 76 0 0 0 0 20 20 0 94 0 3 0 59 81 93 0 0 0 0 63 0 0 0 0 17 0 0 79 16
8 0 73 0 46 0 0 81 0 0 0 0 48 0 25 88 30 52 0 3 0 0 31 0 98 94 0 0 71 0 0 0 0 0 0 0 0 52 0 0 63 0 0 0 0 0 0 0 0 36
69 0 0 22 10 0 0 6 0 43 0 14 0 0 96 51 0 0 0 0 0 0 0 0 74 46 0 0 0 0 0 0 17 22 99 10 27 16 0 14 11 0 64 90 0 57 0 0 91 0
0 0 0 0 0 3 0 16 0 0 0 85 0 88 0 0 22 0 0 0 0 76 0 81 11 94 0 97 0 0 0 62 0 0 79 0 0 1 0 0 0 0 0 0 0 80 4 0 0 0
17 56 0 54 0 0 0 0 0 0 0 93 0 0 0 0 0 0 17 0 0 95 0 8 44 0 0 76 68 3 0 0 0 0 0 0 0 0 54 95 0 0 0 0 87 0 74 0 0 0
76 66 0 0 50 0 0 0 0 92 0 64 0 0 0 0 95 86 0 95 27 0 0 36 37 0 0 0 62 0 57 0 73 0 0 0 0 0 0 21 0 0 0 0 0 0 0 0 0 0
0 0 31 0 0 40 0 2 44 0 54 0 0 0 0 0 0 5 0 0 42 0 0 20 0 38 3 53 0 0 29 46 0 0 0 0 80 0 0 0 0 92 29 55 7 6 0 0 0 0
0 66 0 43 0 0 0 0 0 0 0 0 0 26 33 0 0 0 0 0 1 55 27 0 0 0 76 58 0 20 86 0 3 59 0 0 0 0 0 40 90 0 0 0 0 48 0 0 0 0
91 0 0 16 78 0 0 0 0 5 0 0 0 0 32 0 21 0 0 36 0 0 82 77 0 86 0 0 32 0 0 4 60 16 0 0 0 0 0 29 0 0 52 0 0 0 0 0 86 0
0 0 0 0 0 0 3 18 0 0 82 0 56 0 0 79 0 0 0 9 0 0 0 0 21 0 0 0 0 0 0 86 14 0 0 0 0 0 0 14 0 0 41 45 29 0 0 0 0 47
0 44 0 98 0 0 89 0 69 80 0 0 16 0 0 0 10 0 0 0 0 0 71 90 0 0 0 15 77 0 0 0 0 0 0 72 0 0 0 0 24 42 0 0 0 0 0 66 0 17
0 0 0 0 19 57 95 0 24 43 65 0 0 0 67 0 37 0 0 72 64 0 6 0 84 0 0 22 96 27 10 0 34 0 0 37 51 0 0 38 0 45 0 0 0 27 0 0 0 0
0 0 41 0 25 0 0 62 0 0 84 50 51 0 0 0 0 0 0 0 0 21 0 35 68 10 0 0 0 0 83 60 0 3 0 0 0 97 0 0 71 17 0 0 91 0 0 0 80 0
0 2 0 12 64 72 0 0 0 0 93 0 0 0 52 0 0 0 0 0 0 0 86 0 0 0 0 60 45 0 0 0 75 0 0 0 0 0 0 10 81 71 0 0 52 0 4 0 0 0
