0 0 0 25 0 13 0 22 0 0 72 0 0 0 0 0 0 55 0 0 0 0 77 0 35 76 0 60 0 0 0 0 0 0 0 1 0 0 81 0
0 0 35 68 0 10 0 0 0 83 71 69 0 43 0 0 0 0 0 0 0 0 0 0 81 0 0 0 0 0 0 0 0 0 76 0 0 84 0 0
0 0 0 0 0 0 25 0 0 0 0 0 0 87 90 0 0 0 0 0 0 0 39 0 38 41 0 0 0 0 0 0 0 0 0 0 0 0 0 0
0 37 0 0 72 0 0 0 0 59 0 0 0 0 0 0 34 39 0 0 8 0 0 0 21 0 41 95 0 0 0 0 71 96 0 5 0 7 0 92
0 24 51 0 0 80 0 0 0 99 90 37 0 87 85 0 0 0 70 0 36 0 0 0 0 0 0 0 65 0 0 88 54 9 18 0 0 0 0 67
2 0 37 44 0 0 50 0 0 0 0 0 0 0 0 45 0 31 20 0 25 0 0 57 0 0 50 0 0 0 0 0 55 0 0 0 0 0 16 0
0 0 0 0 13 0 0 45 0 6 0 74 17 36 0 0 6 0 0 85 0 0 43 0 37 0 0 0 93 83 0 31 0 0 0 77 0 0 0 0
0 0 0 73 24 0 0 0 57 0 93 94 44 0 0 0 31 0 0 0 87 46 0 0 7 0 0 60 0 0 0 0 0 19 81 48 0 0 0 0
93 0 0 0 0 96 60 27 0 85 81 0 0 0 0 0 0 0 0 0 87 0 21 0 0 18 0 0 0 0 0 77 0 0 0 0 8 0 0 0
0 0 0 0 90 0 2 0 0 0 49 0 69 24 0 97 81 0 0 79 0 0 0 0 93 0 0 0 0 0 15 0 79 0 23 0 58 0 0 31
0 90 0 0 0 0 0 0 19 0 0 42 82 0 96 0 0 0 0 61 0 0 45 0 0 37 0 0 57 0 0 0 88 0 47 0 0 0 0 24
0 0 0 0 0 3 0 0 52 0 29 80 0 28 0 0 97 64 0 0 0 0 0 0 0 0 0 11 0 0 90 69 0 0 0 37 0 0 0 0
10 0 0 0 0 55 35 0 0 0 0 63 0 76 52 0 0 8 56 0 11 19 0 97 95 40 0 0 0 52 0 0 0 79 0 85 0 0 68 0
60 0 0 0 0 0 0 0 7 0 37 0 0 0 0 0 0 0 97 0 0 0 0 0 79 45 0 0 0 53 0 0 0 77 0 0 0 0 32 86
16 0 0 0 0 0 25 0 0 0 0 0 0 66 5 60 0 91 20 0 86 77 0 0 0 0 51 88 0 0 0 0 0 0 0 56 62 0 0 36
0 0 3 0 22 0 6 0 0 0 0 64 21 0 0 16 0 21 0 35 0 0 17 0 95 0 43 65 39 14 0 50 0 0 17 0 0 0 0 71
0 0 0 0 13 0 0 0 0 67 12 0 0 0 0 55 15 0 0 25 0 0 17 31 0 0 0 0 0 0 50 0 84 0 0 0 0 90 0 15
70 0 0 37 6 27 0 0 0 0 0 0 24 0 0 85 0 0 0 0 0 0 0 0 0 0 0 91 0 0 0 97 0 0 0 0 0 0 41 0
0 1 0 50 0 0 0 0 0 35 0 0 0 14 0 93 8 0 0 0 0 0 0 0 50 0 73 0 0 0 0 0 55 0 76 0 0 86 0 0
0 0 83 0 0 0 0 0 0 42 0 0 0 0 0 0 0 48 0 0 34 25 0 54 0 0 0 0 0 0 35 13 0 0 0 0 96 58 0 39
0 0 51 0 34 0 55 60 98 0 0 61 0 18 0 0 5 0 0 0 0 0 16 0 0 63 51 80 0 0 0 0 0 84 66 0 72 0 0 89
0 63 0 0 0 0 58 0 0 0 0 0 0 0 77 0 0 0 0 76 0 0 0 0 0 0 97 0 0 81 0 0 0 0 31 0 78 17 0 0
0 90 0 2 0 0 34 0 0 71 7 50 0 71 57 0 0 0 0 31 8 0 0 0 0 77 0 0 0 0 0 0 0 13 0 0 0 0 64 41
0 0 0 21 17 51 0 0 82 80 0 0 0 0 0 0 35 0 0 0 12 0 0 73 0 80 0 0 0 36 0 0 0 79 0 0 25 94 0 0
24 98 0 94 0 0 0 70 16 0 0 12 59 9 41 0 0 0 0 0 0 25 0 0 3 38 0 21 0 0 0 0 0 0 0 0 0 0 91 79
0 80 4 0 31 0 25 0 0 0 0 35 0 0 0 0 41 0 18 74 49 85 20 0 0 0 0 0 81 0 0 0 31 58 65 0 0 94 0 17
0 0 0 0 33 89 70 31 0 0 35 0 0 0 0 0 0 51 0 5 0 0 0 41 64 0 0 0 0 0 12 96 0 0 19 0 0 65 31 63
96 0 0 0 0 0 0 19 0 0 81 0 0 0 0 93 0 0 66 63 0 84 15 31 0 0 0 0 0 31 0 0 65 98 0 99 40 0 0 0
0 88 85 0 60 0 0 90 0 0 21 82 98 0 0 0 0 0 0 55 0 0 13 99 0 89 33 0 0 0 28 48 0 0 0 0 0 75 0 0
84 0 94 0 12 0 87 80 37 23 0 79 0 0 0 0 0 0 11 32 0 0 0 0 31 0 0 92 46 46 62 0 0 0 42 97 51 0 0 0
0 0 0 0 0 0 0 53 65 0 0 0 99 0 0 0 65 28 0 0 97 0 0 0 0 69 45 0 0 38 0 0 0 80 81 0 10 71 0 0
35 0 0 98 30 0 67 21 35 0 0 91 87 0 0 0 0 24 0 0 0 0 0 0 92 0 84 53 27 18 1 0 0 0 0 0 0 4 0 0
85 4 0 7 0 0 0 23 9 0 0 0 0 0 0 0 64 0 0 0 0 63 0 56 0 69 0 0 0 60 0 0 0 0 28 0 15 0 0 6
25 98 0 90 61 0 0 0 0 0 0 86 17 0 64 0 0 0 23 0 30 0 0 0 52 47 60 0 73 0 0 28 0 0 0 0 90 0 0 0
56 0 0 44 0 0 16 0 0 0 0 54 74 94 64 0 0 23 31 0 30 0 0 0 0 0 0 0 0 0 0 65 0 0 0 66 98 99 0 0
0 39 58 0 0 22 92 0 2 0 0 7 0 80 0 0 0 99 0 22 0 33 0 0 24 0 0 0 0 0 0 0 0 18 84 28 0 0 0 0
0 4 0 0 42 0 85 0 0 0 0 0 69 94 84 0 4 0 0 0 0 0 95 0 0 0 0 0 0 57 0 0 0 0 0 0 16 0 98 0
0 39 0 0 25 0 0 0 11 0 33 0 0 3 0 0 84 0 0 0 0 0 0 4 0 88 7 32 0 0 0 19 0 0 0 0 38 0 95 0
91 0 0 56 40 0 0 0 0 0 0 0 0 0 93 0 0 0 23 32 0 0 0 0 0 0 0 0 0 0 0 76 82 0 0 0 0 0 0 51
0 0 0 0 0 12 94 82 0 0 0 34 0 52 67 0 72 88 43 0 53 80 0 0 0 0 0 0 88 16 0 0 0 0 6 0 0 0 24 0
0 0 0 0 78 0 9 0 0 0 8 0 49 0 0 0 0 15 0 0 0 69 0 0 0 9 71 0 0 0 0 0 0 0 0 0 0 35 17 0
17 53 0 0 0 0 0 0 11 0 0 81 19 0 0 0 34 0 0 0 80 15 76 24 20 1 0 0 89 0 22 0 0 20 0 0 29 0 0 0
0 68 0 34 0 0 0 0 0 0 0 0 0 56 9 0 44 0 0 0 60 0 0 78 0 73 0 77 28 61 0 56 0 0 14 56 0 3 74 0
0 0 48 71 80 0 0 89 0 5 0 66 0 33 23 14 0 0 63 56 0 0 49 0 0 0 66 0 0 0 6 2 0 84 0 68 75 0 57 0
0 0 64 0 49 47 0 0 0 64 7 0 0 0 19 0 0 92 0 67 0 0 0 0 0 0 0 0 0 24 0 0 18 0 0 50 56 0 0 0
0 77 0 0 0 0 40 0 13 0 0 32 0 83 22 0 80 0 0 0 0 0 0 0 85 2 0 0 40 0 0 55 0 0 22 43 0 3 49 61
0 0 0 93 24 0 69 0 0 0 0 14 0 46 0 0 0 44 0 0 0 0 0 0 0 0 0 0 0 32 0 40 0 11 0 0 97 0 0 0
10 0 39 0 15 0 0 0 0 0 0 0 30 0 97 0 0 0 0 0 6 89 18 76 0 25 0 0 90 0 0 55 0 0 0 17 0 0 23 0
62 0 0 0 0 12 62 0 0 0 25 0 0 0 0 72 43 0 0 0 61 0 0 0 0 84 0 0 26 0 0 13 0 0 47 0 0 59 0 8
0 0 0 0 0 0 0 0 0 0 26 0 0 0 61 0 0 0 0 0 46 97 0 0 99 0 0 0 0 0 0 0 0 0 0 98 0 0 0 0
