0 0 33 0 0 0 0 31 0 0 0 0 0 38 0 0 0 0 0 58 0 0 0 95 41 0 0 0 0 0
0 0 23 43 0 0 0 29 0 0 0 0 54 0 0 0 0 0 0 34 0 0 0 0 0 0 0 0 0 0
0 0 0 0 0 91 0 7 86 0 0 0 0 0 0 0 0 0 74 0 0 50 0 0 39 0 0 0 0 0
0 0 0 0 0 0 0 13 0 0 0 0 0 0 0 0 84 0 0 0 3 0 0 87 0 40 0 0 0 0
0 0 0 0 0 0 0 0 93 0 0 22 0 0 0 0 57 0 0 0 0 0 0 0 5 0 90 0 0 0
0 97 0 0 63 0 0 0 11 0 0 0 0 0 0 0 48 0 93 0 0 0 0 0 97 86 0 27 0 0
0 15 93 0 0 0 0 0 0 0 0 42 0 0 0 0 0 0 0 0 0 53 0 0 0 0 0 0 0 0
18 0 75 0 0 0 19 0 0 0 94 90 16 0 0 0 0 37 0 0 0 0 0 0 68 0 58 0 0 0
0 0 0 0 0 0 0 0 0 0 0 0 0 0 0 0 0 0 0 76 0 42 17 0 96 0 0 0 0 0
38 0 0 0 0 0 55 0 0 0 0 0 0 46 60 0 0 1 0 0 0 0 20 0 0 0 0 0 2 0
