50 0 0 0 57 0 0 0 98 3
0 0 45 0 0 0 85 11 53 0
0 0 0 0 40 93 1 33 46 32
53 0 0 0 0 0 0 0 57 0
0 0 0 0 0 0 0 0 0 0
12 0 0 0 10 0 0 0 0 0
0 23 0 75 0 75 0 0 0 94
0 87 0 0 0 0 0 0 79 0
83 0 0 0 0 0 0 76 0 0
0 76 0 0 0 97 0 0 0 54
62 0 0 0 0 0 0 0 60 0
4 0 0 0 7 0 0 0 0 0
0 0 0 0 0 0 50 0 0 0
10 0 32 0 0 0 0 53 0 0
0 43 0 0 0 0 0 95 0 0
2 0 60 0 0 0 14 87 74 0
74 33 0 0 0 0 0 0 0 0
0 0 47 0 0 45 40 0 0 0
0 0 0 29 28 0 0 0 0 0
0 0 42 0 0 0 0 0 0 0
0 70 0 0 0 0 0 64 0 0
0 0 0 62 0 0 0 0 0 0
0 0 44 0 43 0 0 0 83 0
0 63 90 24 0 0 0 0 0 0
0 0 50 0 0 0 0 0 0 0
0 0 99 79 0 27 77 0 0 0
0 0 0 0 34 0 0 0 0 39
0 90 20 0 0 0 39 0 0 0
0 0 0 0 0 0 0 0 0 0
0 0 0 0 0 81 23 48 11 0
0 0 0 0 0 59 0 0 0 0
0 21 0 0 0 59 0 58 0 42
0 0 7 0 0 13 0 0 0 0
0 0 0 0 5 0 0 50 0 0
46 0 0 0 0 0 86 0 0 0
0 0 0 0 0 57 0 79 0 0
22 0 63 0 0 0 0 97 0 0
0 0 0 19 0 75 0 0 0 2
0 97 0 2 0 0 0 0 6 0
0 0 0 0 0 0 0 0 0 0
0 0 0 0 0 45 0 0 0 0
0 0 0 0 86 0 0 0 0 0
0 0 0 26 30 0 0 33 17 0
0 0 19 3 12 69 0 78 0 98
0 0 86 0 16 0 60 22 0 0
0 0 5 22 0 0 46 0 0 0
0 0 0 0 0 0 13 34 0 0
0 0 0 0 0 76 0 0 10 0
0 57 0 0 0 0 0 0 0 41
0 0 73 0 39 0 0 0 0 0
