0 0 98 36 0 0 0 0 0 0
0 0 47 57 58 0 0 0 0 0
0 0 74 0 0 0 0 0 0 0
0 54 36 86 0 0 0 0 0 0
0 8 0 0 0 0 35 13 0 0
0 13 0 30 30 0 0 0 0 0
0 0 0 0 0 94 0 0 99 0
0 43 99 0 19 0 0 0 20 0
0 0 0 0 0 10 46 0 0 21
0 0 0 0 0 0 0 0 0 0
65 46 0 4 57 0 0 0 0 0
71 18 0 53 91 0 0 96 8 0
0 55 0 0 0 0 0 0 0 0
0 0 0 0 0 0 0 0 0 0
0 0 51 47 0 0 0 0 0 0
0 0 0 0 0 62 0 0 0 0
0 0 0 0 0 0 0 0 0 0
0 0 0 0 97 0 0 92 0 0
0 0 80 0 13 0 0 0 0 60
0 0 0 0 0 0 0 0 75 0
0 0 40 0 0 38 0 0 0 0
0 0 0 78 0 0 0 0 0 0
0 88 2 77 0 0 0 0 0 0
66 0 0 40 0 0 0 74 0 0
0 0 0 0 0 91 0 91 0 0
0 0 0 0 0 76 0 0 0 0
88 0 0 0 0 0 52 0 0 0
0 0 0 29 0 0 0 0 0 0
89 0 0 0 0 0 0 68 0 34
0 0 0 0 0 0 75 0 0 0
0 0 0 0 73 0 0 0 0 0
0 0 2 15 49 0 0 0 0 27
0 0 30 0 0 0 0 0 0 97
0 76 0 14 0 0 0 0 40 0
97 0 0 84 0 0 0 0 0 0
11 0 0 0 0 0 0 0 0 56
0 0 0 0 0 0 0 27 0 0
0 0 0 0 0 26 0 25 0 0
0 0 0 0 0 0 0 0 0 0
0 0 0 0 0 0 0 0 0 0
