0 0 0 0 0 95 64 0 0 0 20 0 0 0 0 40 42 47 0 0 61 0 73 0 0 0 1 0 25 0 0 80 0 0 0 66 0 0 0 0 0 98 0 0 30 0 0 0 0 0
0 0 0 0 75 4 0 0 0 0 0 0 35 0 32 35 38 52 0 0 0 0 0 0 0 0 0 0 0 59 0 0 79 0 13 0 0 0 0 0 0 0 26 3 0 0 0 0 0 79
0 20 0 0 1 0 20 0 39 85 15 0 0 59 0 0 0 0 0 95 0 0 0 0 99 9 0 0 67 0 32 0 18 54 46 74 0 0 0 0 0 0 16 91 63 0 0 0 0 49
0 0 0 78 28 0 0 52 0 19 0 64 0 0 0 87 0 0 0 0 0 0 0 0 0 99 0 0 0 99 0 0 0 28 0 0 0 36 0 0 1 47 0 0 0 0 0 0 26 0
29 47 0 0 0 0 0 0 0 33 0 28 2 0 0 18 35 0 48 28 0 2 44 0 0 71 0 7 27 0 0 0 0 0 0 93 0 0 0 0 90 0 91 0 63 0 13 0 11 0
20 0 37 0 33 18 0 0 7 0 0 0 50 0 0 67 0 0 0 0 0 87 0 0 0 22 0 0 0 0 0 25 0 10 0 62 0 0 0 85 83 0 0 86 0 87 0 44 71 74
31 86 97 95 0 0 43 0 0 0 45 0 0 0 0 0 0 76 0 22 0 0 0 38 0 0 48 19 95 0 0 62 0 0 0 0 98 0 0 94 0 0 0 0 3 25 0 0 0 0
0 0 0 0 0 0 0 71 47 0 6 0 3 0 67 0 29 59 30 0 0 0 0 0 0 0 0 41 0 0 0 33 0 0 0 0 0 0 0 84 0 19 0 0 0 0 10 93 0 19
0 0 0 0 0 0 92 0 0 0 0 93 0 0 0 0 0 0 0 0 78 40 0 0 92 0 0 0 0 0 0 0 0 13 25 0 33 0 0 0 0 39 4 42 89 0 0 0 0 82
0 0 0 0 36 99 0 0 0 80 0 0 0 0 0 0 0 0 0 0 0 0 0 0 0 83 0 0 37 69 0 0 0 0 75 0 0 11 0 8 0 0 0 0 0 0 55 0 0 72
0 0 0 0 0 20 0 0 3 0 0 0 73 0 3 0 0 0 0 70 0 0 96 0 0 66 59 0 10 0 0 0 56 15 11 0 42 0 0 0 0 0 0 0 0 44 94 3 0 71
0 0 74 0 68 88 65 0 0 0 0 0 54 0 0 0 0 67 28 0 0 0 0 95 0 29 0 0 0 0 0 0 0 0 0 93 0 0 0 51 64 0 0 0 0 70 38 0 43 0
0 60 0 0 0 69 16 5 28 99 85 0 17 0 0 22 0 0 0 0 0 62 84 0 10 0 0 56 0 0 0 0 63 0 16 0 5 0 0 33 0 11 0 0 0 0 18 0 0 65
0 0 0 0 0 0 0 0 0 85 92 0 70 91 0 60 0 49 39 48 77 0 56 96 0 0 0 71 83 15 68 94 0 0 0 0 83 0 0 0 0 0 0 0 67 90 32 72 0 0
81 0 0 0 0 0 0 91 0 0 0 3 0 0 0 24 65 0 0 0 0 0 0 69 0 0 0 0 0 0 0 46 0 4 0 1 0 93 0 0 48 54 0 0 94 0 0 0 0 17
58 12 0 49 0 0 0 0 0 0 0 0 79 0 0 0 0 0 91 0 0 82 0 45 0 0 0 97 0 73 59 0 0 0 0 0 0 0 59 0 0 0 0 16 0 0 0 0 0 0
27 96 0 0 0 30 45 88 71 0 0 0 0 0 90 0 0 4 0 0 39 0 0 0 0 14 1 0 0 5 41 82 3 0 70 0 14 86 61 0 0 0 26 0 0 0 82 19 0 0
0 0 0 38 0 86 0 0 1 0 0 0 0 0 43 53 0 0 0 0 0 0 11 64 0 97 0 0 38 0 94 1 78 94 0 88 63 0 0 0 7 0 0 0 46 0 45 76 65 0
31 82 76 0 0 1 0 0 0 0 0 0 0 0 0 0 6 0 0 67 48 0 9 0 0 66 0 24 64 49 2 0 0 0 0 0 77 0 0 0 0 15 71 0 0 0 0 51 50 27
59 0 71 0 0 0 58 96 0 0 0 90 33 2 65 68 0 76 0 0 0 0 0 0 70 0 0 0 0 0 0 0 0 39 69 2 0 39 0 0 0 39 0 0 0 60 0 0 0 0
