0 0 0 0 14 0 55 0 0 0 0 0 0 0 0 0 80 0 0 0 0 0 0 20 59 52 0 0 0 47 74 0 0 0 0 0 88 0 0 0 56 0 0 41 0 0 0 0 68 3
0 0 18 35 1 0 51 4 0 0 0 0 0 0 0 21 0 3 0 62 0 0 0 0 12 67 95 34 0 99 0 0 0 0 22 88 20 0 0 0 0 8 0 0 0 63 41 0 0 0
53 0 19 96 82 0 0 54 0 0 0 0 0 74 0 0 0 0 0 0 0 0 11 0 0 21 71 0 0 50 0 0 0 0 0 0 0 0 0 0 8 0 0 90 0 0 0 0 0 0
0 0 0 0 0 25 49 23 0 0 27 0 79 61 0 56 85 0 0 0 0 0 0 42 0 0 23 0 0 0 0 15 0 96 0 0 0 0 0 0 11 69 0 9 0 0 0 0 0 0
0 0 13 0 20 99 0 0 0 0 0 0 0 0 27 0 0 9 0 0 0 0 0 33 0 0 76 0 0 24 0 0 0 0 0 0 0 32 57 0 0 84 43 0 0 0 0 40 0 0
0 77 0 0 0 0 0 86 41 48 0 0 12 84 0 0 0 0 46 0 0 78 0 17 0 21 0 0 91 0 60 0 57 0 42 0 0 59 0 0 76 77 0 0 55 0 0 0 61 0
60 0 0 0 0 0 0 17 36 0 0 37 0 0 0 97 0 0 0 0 0 36 53 65 47 0 0 46 53 31 0 0 78 0 1 0 0 0 0 0 44 0 0 0 7 33 0 22 0 90
0 0 98 2 0 90 0 83 52 14 8 24 47 0 0 0 0 56 8 0 55 0 0 0 0 2 1 0 44 52 0 0 0 0 0 64 0 0 0 0 0 0 70 0 0 87 0 0 0 0
0 53 0 0 0 0 0 24 0 35 9 0 0 0 7 0 67 35 29 14 0 70 18 0 0 30 0 29 0 0 0 63 0 80 0 0 97 0 0 56 0 52 0 92 0 0 0 0 0 0
0 75 0 0 9 51 75 0 0 0 0 0 0 0 0 0 0 0 0 0 88 0 74 0 0 0 37 0 0 0 0 0 0 0 0 8 0 0 0 67 0 38 0 0 9 0 2 76 0 0
94 17 41 0 0 0 47 5 0 0 0 88 46 0 0 34 94 24 0 16 0 0 0 0 0 0 71 0 0 88 0 19 0 0 0 0 90 87 0 0 0 0 21 0 0 56 0 79 0 2
0 13 21 0 0 0 0 33 0 0 0 0 17 0 0 0 0 16 0 0 70 0 0 0 0 52 53 35 47 50 0 44 11 73 92 0 0 0 0 23 0 26 0 0 0 26 0 0 71 0
50 47 0 0 0 0 14 0 86 88 0 0 0 0 0 0 85 0 0 66 0 78 0 68 0 0 53 0 0 0 0 53 0 0 33 0 51 45 0 28 0 43 0 0 75 60 0 99 91 72
0 0 0 0 0 88 43 0 0 0 0 0 0 0 0 0 11 0 0 0 0 0 59 0 29 46 46 0 0 45 0 0 0 0 0 0 0 31 0 0 0 0 96 0 0 0 0 76 0 0
0 0 0 0 0 0 70 0 0 6 0 0 47 0 0 28 0 10 63 0 0 0 0 0 0 0 0 0 80 0 0 0 0 0 0 88 0 0 0 4 68 0 0 50 0 50 0 0 15 0
97 30 0 0 54 0 74 0 19 41 49 42 9 0 0 63 67 83 85 0 33 90 3 0 0 0 0 0 0 0 0 0 76 0 41 82 0 0 0 0 0 35 0 32 0 0 3 0 0 0
0 0 0 10 0 0 76 25 81 0 0 0 0 0 0 0 0 0 19 0 0 0 0 0 48 0 0 0 0 0 0 0 0 26 0 0 0 62 0 0 0 92 74 0 0 0 0 46 0 91
0 0 0 35 0 0 0 0 0 0 0 9 97 0 0 0 95 46 0 0 0 0 0 0 0 0 0 95 0 0 0 0 0 88 60 0 0 0 0 86 0 44 0 0 0 0 43 0 0 0
0 0 0 0 26 53 3 78 0 0 0 88 0 0 0 74 68 0 0 0 0 0 51 0 0 0 0 6 73 2 0 0 35 74 29 0 54 0 0 0 97 0 0 0 30 24 45 0 0 3
55 0 0 0 18 0 0 0 0 0 0 74 40 0 0 0 11 0 13 83 45 12 0 0 0 0 0 84 0 0 0 0 42 0 0 9 10 0 0 0 0 0 0 0 0 0 0 0 50 0
0 0 34 33 0 0 0 13 0 0 20 92 45 0 0 0 0 5 39 0 33 0 70 26 2 0 0 29 0 69 0 89 46 17 0 0 36 61 0 0 0 0 0 0 81 0 59 0 0 75
0 0 0 39 0 0 0 5 0 0 0 0 0 0 0 0 0 0 0 0 0 98 56 97 0 0 0 0 24 46 0 0 23 22 0 0 24 0 0 0 0 41 0 0 0 52 0 0 0 55
0 35 90 0 9 0 23 0 6 80 68 0 59 0 0 72 83 0 0 0 0 0 94 0 27 0 0 5 0 0 73 37 0 4 0 73 33 0 54 0 0 0 0 0 82 49 0 0 0 0
0 0 42 0 0 32 52 0 0 0 78 0 0 39 0 0 0 0 13 0 0 0 19 0 26 27 0 88 0 0 0 88 0 86 0 0 0 55 0 0 0 12 0 0 0 0 64 0 0 0
0 0 80 13 0 0 0 0 49 0 9 89 0 0 0 63 0 0 0 0 0 0 0 0 0 0 25 72 0 0 0 0 29 0 0 0 9 0 0 0 94 0 22 0 28 0 69 0 58 0
85 15 0 0 45 0 60 30 60 0 0 0 69 0 0 0 0 47 0 0 0 0 74 88 0 11 0 0 0 0 66 0 99 0 20 0 0 31 0 0 0 43 21 0 98 75 11 0 0 0
0 61 9 0 0 0 50 0 72 0 0 0 49 24 0 0 0 0 0 0 0 0 0 0 0 2 74 33 0 0 0 5 17 0 0 0 7 71 0 13 6 0 0 0 0 0 0 97 0 0
94 0 68 74 59 0 97 58 0 44 36 0 39 0 0 0 96 0 66 10 7 0 0 0 0 0 27 0 76 0 95 0 84 0 13 0 0 50 0 0 0 0 0 0 0 84 0 51 0 0
0 0 0 1 0 0 0 0 0 0 67 77 0 0 0 0 0 0 0 0 0 0 0 0 34 0 14 0 28 0 47 0 0 0 0 0 0 4 81 0 65 3 0 0 0 0 90 87 0 0
85 0 0 0 0 0 0 0 66 0 95 67 0 0 0 0 0 0 69 0 0 0 31 25 87 0 0 0 0 0 0 16 0 0 0 0 0 0 0 0 0 78 0 0 0 0 0 30 0 0
