89 0 66 5 0 0 0 0 35 0 0 67 65 0 0 0 0 0 87 53 0 30 0 0 0 17 75 0 0 0 74 0 0 0 0 0 34 12 0 88
0 10 0 0 61 0 0 0 0 30 93 0 16 0 74 0 0 0 0 0 0 0 89 23 0 0 0 0 0 0 0 0 0 0 4 0 40 0 30 0
59 0 51 0 0 11 0 35 0 74 0 0 0 0 0 0 0 27 27 0 0 96 15 0 57 46 8 0 7 31 0 0 0 0 0 0 49 0 0 0
32 71 0 0 0 0 0 0 40 65 0 89 0 91 81 0 93 0 89 0 0 0 75 0 54 2 0 67 0 0 31 0 0 0 81 86 0 0 0 0
0 0 0 0 64 0 0 0 0 0 0 0 0 79 50 0 97 9 73 0 0 0 72 0 0 12 16 56 0 0 65 0 0 0 0 0 0 48 62 75
0 0 38 63 0 0 0 0 0 0 0 0 0 59 0 0 45 0 0 91 0 0 0 0 0 0 80 0 13 0 0 0 0 0 53 0 0 0 52 99
48 29 0 81 0 23 0 0 0 15 0 0 0 0 0 0 0 0 43 0 26 31 0 0 0 0 42 91 19 0 93 0 0 3 0 0 0 0 0 76
0 55 0 35 0 96 0 37 0 0 0 0 0 0 0 0 0 0 0 0 1 0 67 68 13 0 0 0 41 0 0 0 0 0 96 0 0 36 0 73
57 54 0 85 0 0 37 0 0 0 12 0 0 0 0 0 35 0 0 8 0 0 0 0 0 0 0 0 0 0 69 0 0 77 0 53 27 0 3 70
0 0 31 10 67 87 0 0 97 0 62 0 0 0 0 0 0 0 0 0 0 0 0 0 0 25 0 0 0 0 97 0 0 0 0 40 0 0 42 73
0 0 0 0 0 0 0 94 0 23 0 56 0 0 51 0 0 85 54 0 90 59 72 0 54 31 0 0 0 61 84 17 0 0 60 0 0 0 84 99
0 14 0 0 0 0 0 85 0 45 0 0 0 0 0 0 0 0 0 0 0 2 43 15 0 31 0 0 0 0 0 0 52 95 0 0 0 0 0 0
0 0 77 0 9 0 0 0 48 1 20 67 0 86 0 0 0 0 0 0 0 0 0 89 0 0 0 2 0 0 0 0 0 42 0 0 0 0 0 0
0 60 0 37 0 0 0 0 78 0 77 0 74 0 46 0 73 89 91 0 0 0 0 0 0 0 0 0 0 78 4 0 0 0 0 21 0 0 0 93
0 3 0 0 0 75 0 42 74 0 0 0 0 60 0 0 0 0 66 60 0 0 0 76 0 0 0 0 0 0 21 5 0 0 0 0 87 0 61 89
0 0 0 0 0 0 0 0 40 0 0 0 0 0 15 0 58 0 36 0 0 0 45 0 21 29 0 0 84 0 79 1 0 0 38 0 0 91 79 0
28 0 36 0 62 71 32 28 0 0 86 0 0 0 0 94 0 92 0 0 0 0 0 0 0 0 0 99 0 0 0 72 0 38 23 93 0 24 0 18
0 0 0 0 0 0 0 7 41 0 0 82 10 0 77 0 0 0 0 70 13 0 0 0 0 0 0 0 54 19 60 0 0 0 0 0 43 15 59 0
0 59 0 15 0 0 0 0 0 0 49 0 0 0 34 0 0 0 0 37 0 0 0 96 44 0 0 21 90 0 0 20 0 2 41 0 0 0 45 0
0 75 90 0 77 18 43 0 0 1 0 0 61 70 99 19 0 0 33 42 0 0 0 0 32 0 0 0 30 0 0 0 45 84 0 0 0 81 0 0
