62 0 0 0 0 43 0 0 0 7 8 0 32 3 0 0 0 0 0 0 59 62 62 0 15 0 0 0 0 0
3 77 36 0 0 0 79 0 0 0 0 0 0 0 0 0 19 0 0 0 0 0 93 0 0 50 0 0 0 57
0 0 0 0 75 86 0 0 0 0 0 0 97 0 0 0 0 0 0 0 0 32 0 24 0 0 0 35 4 60
0 0 0 0 96 0 0 0 0 0 0 0 0 0 0 0 0 0 49 0 15 0 0 82 23 25 0 94 0 81
0 74 45 0 0 0 0 0 95 0 72 0 73 0 0 71 0 0 0 0 0 0 0 0 0 0 30 0 0 0
59 0 0 0 67 90 0 0 0 0 35 0 0 0 0 0 48 26 0 0 0 82 0 19 0 0 0 0 54 0
0 66 0 0 22 0 0 56 20 0 0 0 0 0 59 64 0 0 0 0 0 0 0 0 88 0 32 0 0 4
0 0 0 0 0 43 0 0 84 48 78 0 0 9 0 0 0 29 0 0 0 56 0 0 0 0 35 83 0 0
0 5 62 64 0 0 0 0 0 79 0 0 0 0 0 77 0 0 0 0 0 82 73 0 71 0 0 0 83 87
56 0 94 24 0 51 0 0 12 4 0 10 11 0 0 62 0 32 0 42 0 0 0 87 0 0 58 0 0 9
0 84 0 0 0 0 0 41 62 0 0 11 0 0 47 0 0 0 0 0 0 0 0 0 0 76 0 59 0 0
0 78 23 62 0 92 0 0 0 0 0 76 0 0 0 90 0 20 0 0 0 0 94 92 0 96 56 56 83 0
58 0 0 0 10 57 0 0 0 0 0 0 59 0 0 38 48 0 0 0 0 52 81 88 0 0 0 0 0 0
0 37 40 0 0 0 0 69 0 66 0 0 0 0 16 0 0 0 0 0 67 6 0 19 0 0 0 2 0 0
0 0 0 28 0 0 79 0 88 64 54 0 0 0 0 0 0 0 0 41 32 69 18 12 0 74 0 13 0 0
90 0 0 77 0 0 0 0 0 0 0 0 0 0 0 28 0 0 0 0 10 0 85 0 71 0 0 0 0 0
46 0 90 0 0 47 65 69 6 0 0 65 62 0 54 0 0 59 86 0 0 47 0 0 74 14 0 71 0 0
0 67 0 50 0 57 0 83 0 0 0 0 0 0 0 0 0 0 0 49 0 0 82 0 57 0 37 0 91 66
81 61 0 8 79 0 58 20 0 53 15 0 0 3 0 0 0 0 20 0 15 90 0 40 57 0 87 30 0 0
42 3 0 0 0 0 0 0 0 0 0 69 0 52 0 0 0 0 7 96 0 0 0 11 0 0 36 87 36 0
