91 0 0 0 0 26 0 0 0 88 0 0 0 0 0 0 0 0 0 0 64 0 0 0 0 0 5 0 0 51
0 0 0 69 0 0 0 0 34 0 0 20 0 0 0 94 0 0 0 0 21 40 0 0 0 2 0 0 0 0
0 0 0 0 0 0 45 0 0 0 0 30 0 0 0 0 0 0 0 0 62 0 0 0 0 0 0 0 66 0
0 0 0 0 0 0 0 0 0 92 0 0 0 0 0 0 0 0 0 0 0 0 0 0 0 0 0 0 0 0
0 86 22 0 0 0 0 0 0 0 0 0 0 0 0 0 25 0 0 0 86 0 0 0 0 0 0 0 0 0
0 64 0 0 0 0 30 0 0 0 38 2 0 0 0 0 0 0 0 97 0 0 0 0 0 81 0 0 58 0
36 0 98 0 0 0 67 0 0 0 0 0 92 0 72 0 0 0 0 0 0 0 0 0 68 0 0 0 0 0
0 0 61 27 98 0 0 84 0 0 0 16 0 0 0 0 0 39 0 0 0 0 0 0 0 0 69 0 0 0
0 0 50 0 16 68 0 0 35 0 0 0 0 0 0 0 99 48 54 0 49 0 0 0 0 0 0 0 94 0
1 0 0 0 2 0 0 0 0 0 0 16 0 0 0 40 0 87 80 0 0 0 0 45 0 34 0 17 0 0
0 41 80 0 96 0 0 0 4 80 0 0 0 24 0 0 0 8 0 26 0 0 0 0 0 0 0 19 0 0
0 0 0 0 0 0 0 0 0 0 0 96 35 0 0 0 0 0 22 0 0 0 0 0 0 0 0 0 0 82
0 0 0 0 68 0 0 40 0 0 0 0 0 0 0 0 0 0 0 0 0 0 0 0 0 0 0 0 39 0
0 91 0 33 0 0 49 0 0 0 0 74 0 0 0 0 0 0 0 0 0 76 0 0 0 0 0 0 0 0
0 0 0 26 47 0 0 0 61 0 0 0 0 0 36 0 0 0 0 0 99 60 1 80 0 70 0 0 0 0
0 0 0 0 80 88 0 0 0 0 0 39 0 0 0 0 29 0 0 0 0 0 0 0 0 6 0 0 50 46
92 0 14 0 0 0 14 0 0 0 0 0 76 67 0 0 0 0 0 0 0 0 0 0 0 17 0 87 0 0
0 0 0 0 0 0 0 23 0 0 0 0 0 31 0 0 0 0 0 0 0 0 0 0 0 0 0 0 93 8
0 0 0 0 0 0 0 0 0 0 0 0 55 78 0 12 82 0 0 0 0 0 0 0 0 0 0 0 5 0
0 0 0 0 0 0 0 0 0 0 0 0 0 0 88 0 0 0 0 0 0 0 0 14 89 0 0 0 0 0
0 62 0 0 0 0 0 0 0 0 0 0 95 0 0 0 0 15 0 0 0 90 0 0 0 0 0 62 0 0
80 74 0 0 0 0 0 25 0 0 0 0 0 0 0 0 0 0 0 0 64 0 0 0 0 0 0 0 0 0
0 35 0 0 0 0 0 0 89 0 0 49 0 0 0 0 0 0 0 0 0 0 0 0 0 24 0 0 0 0
0 46 0 0 0 0 0 0 0 0 0 0 0 0 0 0 0 0 0 0 90 0 48 0 0 0 0 0 30 0
0 0 0 0 0 0 0 0 0 32 0 0 0 0 0 0 0 0 0 0 5 0 2 0 52 0 0 0 1 0
0 0 0 71 0 0 0 0 0 0 0 0 0 49 0 0 0 0 83 0 57 0 0 58 0 0 0 0 0 0
12 0 0 0 0 0 0 0 34 0 0 76 0 60 0 0 0 59 0 0 0 0 86 67 75 0 0 0 0 0
0 0 0 0 0 0 0 40 81 0 95 11 9 0 0 0 0 0 0 0 0 60 0 0 0 0 0 0 0 0
0 0 51 6 79 0 0 0 0 43 0 0 0 33 0 0 0 0 0 0 72 0 0 0 0 66 0 0 0 74
28 90 0 0 0 0 0 0 0 0 0 0 67 0 0 0 43 0 0 0 0 0 79 0 96 0 0 7 59 91
47 0 0 0 0 66 73 8 0 0 0 0 0 0 99 15 0 0 0 0 0 0 0 0 33 56 0 0 0 0
0 0 0 0 75 0 0 0 0 57 0 0 0 0 9 86 90 0 51 0 0 0 7 0 0 0 0 0 0 0
0 0 80 0 0 0 0 0 0 27 0 0 0 0 0 0 0 0 0 0 0 0 0 0 14 40 0 0 0 0
0 0 66 47 0 0 0 0 0 0 0 0 0 52 15 0 0 0 0 0 0 0 0 0 25 10 0 0 0 0
0 0 0 0 0 26 0 0 0 0 0 0 0 0 0 0 0 0 22 0 0 28 83 0 78 0 0 67 0 0
7 89 0 0 65 0 0 0 0 55 32 0 53 0 0 81 0 0 0 0 0 0 0 0 0 0 0 0 0 0
11 0 0 46 0 0 0 0 0 0 0 0 40 61 0 0 0 0 0 0 0 0 0 0 0 0 0 46 0 0
0 0 0 0 0 0 0 0 0 93 0 32 0 0 0 0 58 0 0 0 0 66 0 3 0 0 76 0 0 0
39 0 0 0 0 0 0 0 0 0 31 62 0 0 0 0 96 92 0 0 0 0 72 0 0 0 0 0 10 0
0 37 0 0 0 42 0 0 0 0 0 0 0 0 0 97 16 29 0 0 0 0 89 93 56 0 0 0 0 0
