60 46 62 0 0 34 4 18 13 0 0 0 0 75 77 0 0 0 0 0
93 0 0 0 0 0 70 0 0 47 0 0 2 0 0 0 0 0 85 16
30 0 0 0 0 0 0 0 0 17 0 0 0 0 15 76 0 0 86 0
0 72 63 0 61 0 0 41 0 0 76 0 0 91 0 78 0 0 49 0
90 27 0 0 0 88 0 0 45 0 0 0 0 76 0 26 0 99 0 0
12 0 85 15 0 12 0 41 0 0 0 0 0 0 45 0 54 0 0 0
0 0 0 27 70 34 86 0 81 19 0 0 69 0 84 0 38 67 0 0
0 0 0 0 46 0 0 15 25 0 97 0 0 0 76 90 0 85 0 0
0 0 0 0 0 0 0 0 0 0 0 0 0 15 0 67 0 89 56 0
62 0 0 0 73 0 31 0 14 18 0 0 0 0 89 0 9 0 0 0
0 0 36 42 0 78 38 0 9 0 0 45 31 52 0 0 0 0 32 25
3 0 0 0 62 0 0 31 0 0 0 0 0 11 26 0 25 0 90 19
19 0 34 0 50 76 41 0 0 20 0 0 39 0 0 0 61 0 0 0
0 0 0 7 23 0 0 0 0 0 0 0 0 66 39 0 33 0 0 76
59 0 0 0 0 5 0 7 0 0 66 0 0 0 0 44 39 0 0 0
0 89 0 99 0 40 0 0 0 0 0 0 0 53 0 0 0 0 0 26
0 89 0 0 3 0 0 20 22 0 0 74 0 0 0 0 4 55 27 0
0 70 0 0 0 0 0 55 0 0 19 0 0 0 89 0 0 0 0 18
0 0 87 0 49 0 28 50 0 0 0 37 0 0 0 78 0 0 0 0
0 0 0 0 71 0 0 0 0 0 0 97 0 19 0 0 62 0 45 0
0 0 0 74 0 36 2 0 0 0 0 90 73 32 0 73 0 22 0 0
0 0 0 51 0 30 37 98 0 93 0 20 0 4 77 0 0 74 0 0
0 83 0 0 30 0 0 0 41 0 0 0 0 0 37 0 53 0 0 16
97 0 1 82 0 0 0 46 0 43 0 33 0 93 87 0 0 41 0 0
53 0 5 0 0 0 99 83 8 0 0 0 58 68 0 0 0 28 0 0
0 0 0 0 0 47 10 0 22 0 19 66 0 0 0 0 0 88 0 75
0 69 0 34 0 70 72 0 0 0 0 0 0 23 0 0 0 68 0 0
0 0 0 31 0 11 0 0 0 34 59 0 0 0 0 0 0 0 57 0
90 54 97 0 54 0 0 0 0 0 4 0 43 0 0 0 0 0 32 0
0 0 3 0 0 0 25 0 3 0 0 0 89 0 97 8 90 12 0 0
0 0 0 90 0 0 0 40 0 84 0 0 44 0 0 0 0 0 0 0
0 0 0 0 0 0 0 20 0 0 0 0 0 0 0 0 0 0 0 0
0 0 59 0 94 47 28 0 87 0 0 0 0 0 0 98 85 34 0 43
0 0 44 4 0 0 0 15 89 0 0 78 35 0 0 22 0 1 0 0
0 0 0 37 0 0 0 2 27 0 27 0 0 0 0 0 85 0 0 0
13 0 0 0 0 44 87 0 0 0 0 0 56 36 0 99 0 0 0 0
0 93 0 0 16 0 12 0 0 0 0 0 0 0 0 0 4 0 0 49
0 0 18 0 71 23 0 0 0 83 0 66 0 42 0 0 0 88 0 0
0 0 0 0 0 0 0 0 27 79 0 3 0 0 0 0 0 0 0 0
1 0 70 0 2 0 0 93 0 91 0 57 0 90 0 96 0 0 0 0
