0 0 0 0 37 0 0 0 0 0 0 0 0 3 27 0 0 47 0 0 97 0 81 0 58 0 37 68 0 0 58 2 0 0 0 0 0 0 0 0 0 19 45 0 0 0 0 0 0 0
48 29 0 94 26 0 29 0 0 0 0 43 0 2 51 0 0 0 99 0 0 0 89 0 0 0 0 0 0 0 0 0 0 0 0 49 0 0 86 0 97 50 33 28 55 0 0 0 0 0
0 0 0 64 2 0 0 0 0 67 0 0 61 13 0 39 0 0 0 0 51 17 0 0 0 0 0 68 86 12 0 0 0 0 0 0 0 0 0 0 0 11 0 0 64 0 0 0 0 0
0 0 28 0 0 65 23 89 0 0 96 0 0 0 53 49 20 37 0 0 0 0 0 0 38 0 46 0 0 0 92 72 42 91 0 0 99 0 45 0 0 58 53 0 80 0 96 0 83 0
0 6 82 0 0 33 36 0 0 0 0 0 0 0 23 0 61 14 0 47 7 0 6 17 0 0 70 0 0 26 0 0 61 0 0 0 24 0 0 0 0 0 0 12 0 0 0 40 66 0
0 0 0 0 11 0 0 17 0 0 0 0 0 0 0 0 34 41 0 0 97 0 14 0 61 0 55 28 0 0 0 0 0 78 11 29 0 0 18 0 0 0 82 0 0 0 0 0 41 0
0 0 0 0 0 42 89 0 0 0 0 0 0 0 0 0 0 0 0 0 0 11 78 0 65 83 45 0 0 0 0 0 0 93 0 0 0 0 0 0 0 0 0 89 0 0 47 0 8 0
94 0 0 0 0 95 99 0 0 0 97 0 33 58 0 23 0 0 0 0 0 0 22 0 0 0 0 0 61 0 0 0 0 0 25 99 41 0 38 0 15 0 0 71 0 0 97 69 15 0
10 0 88 0 0 48 0 0 0 0 0 0 0 0 0 0 0 0 0 0 8 0 0 47 95 0 0 0 0 0 0 40 3 93 0 0 0 9 0 0 17 41 0 0 0 0 0 0 0 0
0 61 7 0 0 0 0 72 0 0 80 64 0 0 75 0 0 47 11 0 0 0 24 0 0 0 0 75 0 0 0 0 0 0 0 0 0 0 0 0 0 5 0 0 84 46 0 0 0 0
0 62 0 0 95 0 0 0 0 0 53 0 0 55 0 0 0 55 0 86 0 0 0 0 1 55 0 0 0 0 0 0 0 36 59 0 0 0 0 7 0 0 0 82 0 0 0 88 0 26
0 0 0 54 59 62 0 0 0 24 56 0 0 0 0 60 0 0 71 0 93 0 52 5 0 0 22 19 68 0 0 0 97 13 0 0 0 0 0 0 97 0 71 0 0 0 32 0 0 0
0 28 0 0 0 0 0 0 0 0 0 31 0 0 0 0 0 0 79 0 12 39 0 36 0 76 0 87 0 44 0 0 0 0 0 0 84 18 54 0 0 0 5 0 0 0 53 0 0 0
59 0 0 0 0 0 0 0 0 0 0 3 0 0 0 0 0 37 0 20 66 0 0 0 0 0 96 0 0 0 99 0 0 0 0 0 0 0 0 0 0 0 25 70 0 0 0 0 0 0
3 84 0 83 83 53 0 0 0 86 9 0 15 0 83 0 28 39 0 83 37 0 0 0 0 69 0 0 0 0 78 0 0 0 0 0 0 0 92 29 37 48 0 23 0 48 95 0 0 0
0 0 0 26 94 0 0 0 0 0 0 80 0 96 58 99 84 88 48 49 0 0 86 0 0 74 56 0 0 0 20 0 0 58 85 0 0 74 0 0 14 0 0 0 0 61 57 0 29 57
0 0 0 0 0 77 4 0 0 0 0 0 35 17 0 93 0 91 46 0 0 0 66 0 0 41 0 0 0 5 80 34 48 0 87 0 8 0 72 0 19 89 70 84 0 0 0 0 14 0
63 0 0 0 0 0 0 95 0 0 0 15 0 0 64 59 27 0 49 0 82 64 0 0 0 50 0 29 22 0 0 22 0 0 0 0 12 0 90 0 0 0 68 0 0 0 0 0 77 0
0 0 0 0 0 40 0 40 0 29 0 18 0 0 0 20 0 30 0 0 0 0 98 54 7 0 0 0 62 65 0 92 0 0 0 0 0 86 82 46 56 81 0 1 0 0 70 0 0 0
46 0 0 0 0 0 0 83 78 0 57 74 68 0 80 0 72 20 12 34 0 35 0 0 0 0 0 28 82 0 0 0 0 89 95 0 67 0 0 0 24 13 0 0 0 0 0 0 62 0
0 0 0 0 88 0 0 24 0 66 27 0 0 0 38 94 38 0 0 0 26 0 0 0 26 0 0 0 35 44 76 61 45 49 0 0 0 2 0 0 0 3 0 0 58 0 45 0 0 0
0 0 0 0 0 0 0 0 71 90 0 41 0 31 0 80 14 0 0 12 0 0 23 0 0 0 89 13 0 0 87 88 95 0 0 75 0 78 0 0 0 34 25 0 0 0 99 0 0 0
0 0 0 30 0 4 0 0 23 0 0 88 52 0 80 0 28 0 0 0 0 0 8 0 10 0 0 0 0 0 0 21 0 0 60 0 0 0 0 0 0 0 0 27 34 0 94 0 0 0
35 0 72 55 0 72 0 0 0 88 0 0 0 0 0 49 0 48 0 0 0 18 0 79 0 21 0 0 0 0 21 0 50 0 0 0 0 5 0 0 0 0 0 0 0 0 15 79 0 0
44 98 32 0 39 0 69 8 0 39 0 61 0 97 0 0 0 35 0 0 41 31 0 0 0 0 0 0 26 47 1 0 0 0 0 0 0 91 6 0 0 85 0 0 0 84 0 0 0 0
0 40 12 41 0 21 0 27 0 48 0 0 96 0 76 0 0 0 0 65 0 0 80 0 0 0 3 0 1 0 0 0 74 0 0 0 0 0 0 0 0 0 0 0 0 0 0 16 22 0
0 0 0 36 0 41 85 0 19 0 0 0 0 65 18 0 0 0 0 22 58 32 0 0 0 0 0 42 0 0 0 0 32 82 69 67 0 15 0 0 0 0 0 25 0 0 0 50 0 0
10 0 0 0 93 7 63 0 0 0 8 0 37 97 0 0 75 0 68 0 0 0 0 0 0 0 0 0 0 0 0 0 0 0 0 54 58 95 0 0 0 0 0 59 0 1 19 0 27 57
32 0 84 0 52 0 0 0 0 0 62 62 0 95 42 0 0 0 81 0 0 0 0 0 11 0 0 0 0 0 0 0 40 66 0 0 0 78 72 0 0 0 0 36 58 0 0 0 0 0
0 0 68 71 50 0 0 0 0 0 51 93 0 24 0 0 20 48 0 0 49 0 0 0 0 32 0 39 0 0 72 0 52 0 0 15 0 0 0 21 0 80 0 64 0 0 62 0 0 56
0 0 0 59 0 0 93 0 0 0 0 39 0 59 0 0 0 0 59 0 0 0 78 79 0 0 54 0 24 0 0 0 0 0 0 0 0 75 0 79 0 0 0 0 0 0 0 0 0 13
43 0 0 61 0 45 0 73 65 36 0 0 0 0 0 0 49 56 12 0 25 0 0 0 0 74 5 99 0 0 0 74 0 0 0 0 55 0 0 0 79 60 0 20 33 0 0 82 0 0
25 73 0 61 0 0 0 34 32 0 0 67 0 95 6 0 0 0 17 37 49 70 0 0 0 0 0 24 0 0 0 0 0 0 63 0 77 0 92 0 0 35 0 0 0 0 0 0 0 0
0 73 0 75 0 0 0 0 3 52 0 0 33 0 0 90 0 0 0 0 0 13 0 0 0 24 0 10 82 0 0 0 77 0 0 0 0 5 79 0 0 37 0 0 0 9 0 0 0 90
83 0 0 0 0 0 99 78 0 87 0 0 82 42 44 0 0 0 66 0 0 60 0 98 0 0 0 0 70 0 0 0 21 0 93 18 0 2 94 0 0 0 0 0 0 56 0 61 0 54
0 0 28 49 94 84 0 77 0 0 0 0 5 0 22 0 88 25 0 89 0 0 78 83 0 0 0 0 0 86 0 0 0 47 31 0 0 0 32 0 0 0 0 0 0 0 0 0 73 77
90 0 0 0 0 44 0 0 0 8 65 0 0 0 0 19 0 27 0 26 0 0 14 0 46 0 0 61 0 0 0 0 35 0 0 0 21 30 0 0 0 0 17 0 0 61 0 0 0 0
0 0 0 0 0 99 0 0 0 93 0 0 99 0 0 0 0 0 0 32 0 24 0 0 24 0 0 0 0 0 0 64 38 0 0 47 0 13 50 34 0 0 19 0 11 46 0 13 3 51
0 0 0 0 0 0 22 0 76 98 0 0 0 0 0 0 0 65 70 0 0 42 0 0 0 0 3 62 0 0 0 0 0 0 0 0 0 0 0 0 93 46 53 0 74 0 0 0 0 0
0 8 0 45 0 0 0 0 76 64 0 10 92 0 47 0 0 70 0 55 79 0 25 0 0 0 0 0 0 46 70 0 35 0 0 0 0 0 25 0 28 13 0 0 73 0 0 0 0 19
