88 54 81 0 0 70 0 43 0 40 0 46 29 29 0 0 0 0 0 45 0 0 0 6 0 82 0 48 0 0 0 65 97 40 0 99 26 80 0 0
98 0 0 0 0 0 0 37 88 0 0 37 0 0 0 0 7 0 0 0 0 0 0 0 0 27 0 0 10 0 0 0 0 0 0 72 0 30 0 61
41 0 86 49 0 46 0 0 0 0 34 0 0 0 0 0 0 0 0 68 81 0 39 80 78 0 0 0 56 86 0 0 0 0 0 0 0 52 51 0
0 0 67 0 0 95 82 0 0 46 0 0 11 0 0 44 51 0 0 0 0 0 0 0 0 0 62 17 0 67 52 49 0 0 47 84 0 13 69 0
46 0 0 0 0 22 0 0 0 0 0 22 0 48 42 0 19 54 0 57 99 0 0 57 0 0 0 0 86 13 0 0 0 0 19 0 0 0 0 0
0 0 59 23 25 52 0 0 0 0 15 55 0 95 96 0 0 0 7 0 0 59 0 0 0 0 0 0 0 0 0 0 0 3 11 27 0 87 0 0
0 0 0 0 0 0 60 0 0 0 0 83 0 0 76 0 0 0 3 0 81 0 0 14 83 0 0 0 99 0 84 68 71 0 0 0 0 0 0 63
50 0 54 89 0 96 0 0 0 0 0 0 81 75 7 0 0 90 0 0 83 11 0 0 5 0 0 0 0 61 13 0 46 0 0 8 2 0 12 0
58 0 0 0 19 86 0 69 0 14 71 0 93 0 0 80 56 81 6 0 0 82 78 37 0 0 13 0 0 0 0 0 0 24 0 0 0 47 85 0
0 0 46 0 0 52 0 0 41 0 0 0 0 0 0 0 77 0 0 0 63 0 0 0 37 0 0 0 0 0 0 39 0 0 0 0 0 16 0 0
16 0 0 73 0 77 0 0 0 12 0 92 0 8 0 0 0 28 0 0 0 0 71 0 42 0 94 0 0 0 0 0 0 0 92 0 9 0 0 0
22 0 68 15 82 0 0 0 62 0 0 0 30 0 31 0 0 11 0 95 0 99 99 0 0 0 0 0 0 0 0 1 0 0 0 60 0 0 0 0
0 0 26 0 0 0 0 0 0 0 0 0 0 0 64 87 0 19 90 0 0 0 86 0 0 63 0 0 39 0 0 0 0 10 63 55 0 0 0 0
32 0 0 28 0 0 0 0 0 0 0 0 69 29 50 0 86 2 0 96 89 0 0 0 33 0 28 0 0 0 10 0 0 0 8 0 0 0 0 78
0 0 0 38 37 98 0 0 0 0 0 0 0 0 0 58 73 9 0 7 39 87 89 0 0 40 41 0 74 0 0 0 0 0 36 0 0 0 0 0
45 81 0 0 0 0 82 75 0 91 0 92 57 0 0 0 0 0 0 0 84 0 0 0 20 91 0 0 0 0 0 0 68 85 2 76 0 0 0 0
0 0 39 32 0 14 0 0 0 0 0 0 0 74 0 0 0 0 0 0 94 0 8 0 0 0 31 0 0 21 17 51 0 0 85 0 0 0 39 60
53 60 0 0 0 81 0 0 0 1 0 0 0 0 93 0 1 92 93 0 67 0 0 60 48 0 11 0 0 89 0 0 0 80 0 0 35 0 24 0
0 0 0 61 0 0 0 5 0 0 0 57 22 21 0 44 0 4 0 0 0 0 0 0 0 97 0 0 0 0 0 0 0 0 0 86 0 26 0 22
6 0 0 0 0 6 0 0 0 78 0 0 44 73 0 60 94 0 29 0 54 0 0 62 0 0 0 0 0 8 74 98 0 0 96 31 0 0 0 0
0 80 16 0 0 44 0 64 0 20 0 0 19 55 0 0 0 66 96 0 0 0 0 0 0 83 0 0 0 0 0 0 94 0 0 0 55 0 0 0
0 0 0 0 0 0 77 33 0 0 11 0 0 0 0 0 0 0 0 32 0 0 66 0 41 0 59 0 0 0 0 49 0 64 4 0 0 0 0 0
93 0 0 0 96 35 99 0 0 0 0 0 52 55 0 0 0 0 0 63 0 0 0 82 0 0 0 0 0 14 0 0 0 93 4 0 0 0 0 0
0 29 81 22 0 0 59 0 0 56 0 0 0 0 0 0 0 32 58 0 85 0 75 0 0 0 0 0 97 0 0 0 0 0 36 0 0 0 0 36
0 92 64 0 91 0 77 0 15 0 31 81 71 6 94 77 33 0 0 0 0 59 0 36 0 0 0 0 0 0 0 0 0 0 0 76 0 0 0 28
0 0 0 0 71 0 64 0 0 17 62 91 0 0 0 0 0 0 5 0 0 82 0 49 0 0 0 67 0 0 91 64 0 94 75 0 0 48 98 0
0 0 15 0 0 86 49 0 0 95 0 0 0 0 0 30 15 0 0 0 0 61 0 0 45 0 0 0 65 0 0 0 56 46 14 0 0 0 0 0
0 0 46 59 0 0 5 96 8 0 0 0 66 84 66 83 0 38 68 0 0 0 0 78 0 0 31 0 0 63 0 79 21 49 0 0 0 0 0 0
0 89 0 0 89 0 0 0 0 79 0 0 0 0 0 52 0 0 0 0 0 63 69 0 72 84 0 2 0 71 0 0 72 0 27 48 0 0 29 0
18 0 0 38 0 0 0 0 0 0 0 0 0 0 0 0 0 86 0 32 0 0 0 0 0 97 0 85 95 0 66 0 0 51 0 0 53 0 0 0
0 0 0 0 0 0 0 67 0 0 53 0 88 0 89 0 8 0 0 0 0 23 0 0 72 0 0 75 45 0 0 30 0 26 40 99 83 0 0 0
64 72 36 0 64 0 0 98 42 0 0 0 0 0 0 58 0 50 0 0 0 0 0 0 63 26 86 0 54 0 0 0 0 0 0 72 0 0 16 0
51 0 22 6 0 32 0 0 11 0 0 0 0 0 0 77 0 65 96 0 0 53 0 0 0 0 0 0 94 0 0 0 0 0 80 6 0 0 0 0
56 0 43 0 0 0 28 0 87 0 0 0 0 45 0 86 42 0 37 58 79 0 0 0 67 63 0 0 0 58 34 37 0 0 0 0 0 96 32 0
0 0 0 69 0 0 0 0 0 0 27 0 0 0 0 7 0 0 0 86 0 33 0 6 22 80 62 0 70 0 0 82 94 0 0 0 0 0 71 0
0 0 17 0 5 0 0 0 0 0 0 0 0 0 0 95 45 0 0 0 0 0 0 0 0 0 88 0 78 0 71 0 0 0 5 0 0 0 0 0
0 0 0 0 0 0 56 99 0 0 47 38 0 0 0 0 0 0 0 0 82 0 52 31 0 80 0 0 0 70 62 0 0 0 0 0 87 0 7 45
54 0 0 0 63 0 0 0 0 0 0 0 88 0 65 0 0 0 0 0 16 0 12 99 0 0 10 0 0 56 0 0 55 0 0 48 0 0 46 0
0 45 0 0 0 0 0 0 0 13 0 0 0 0 0 0 0 0 77 50 28 99 0 0 0 0 44 9 0 0 61 0 0 0 0 87 0 0 62 60
0 0 0 0 23 59 2 0 42 0 0 0 38 61 0 0 0 0 19 0 0 0 0 69 0 80 22 97 0 0 0 0 0 44 0 0 72 0 0 0
