0 0 0 60 0 0 0 0 49 0 98 67 0 59 0 80 24 0 0 47 0 0 0 0 84 0 0 0 0 59 0 60 0 0 0 0 96 0 0 0
0 0 0 0 0 0 65 9 0 0 77 0 0 18 0 0 0 0 0 0 35 0 96 0 59 0 64 16 43 75 56 56 0 0 7 0 0 0 0 0
63 61 0 0 0 99 0 50 35 0 0 0 0 0 0 0 0 80 6 0 0 0 0 0 98 0 15 0 99 67 0 0 0 0 0 0 0 87 0 0
99 53 0 0 0 0 24 0 0 0 2 57 0 0 0 61 0 0 50 59 0 0 0 97 87 0 0 11 0 0 0 0 0 0 22 0 56 0 0 0
0 0 0 0 0 0 0 0 39 0 0 0 0 47 0 37 0 33 0 0 44 79 0 0 81 0 90 13 3 73 0 68 12 0 46 0 18 0 0 81
0 0 0 0 0 0 0 80 0 0 0 0 0 3 39 84 0 52 79 0 0 73 0 0 0 66 0 0 0 0 0 48 39 0 59 40 0 28 0 13
46 0 0 27 0 0 47 0 72 91 47 0 85 51 0 81 0 0 0 81 0 86 0 0 89 78 64 82 60 0 0 0 0 39 0 0 0 32 0 0
0 0 0 71 0 64 58 0 0 88 0 0 0 38 0 0 0 40 29 0 70 0 0 0 6 4 32 0 0 76 0 18 0 65 80 0 0 72 84 34
89 0 0 0 0 0 13 1 0 0 0 0 0 0 0 0 0 47 0 0 0 0 0 0 0 0 83 0 39 0 0 0 0 65 0 47 0 0 0 59
0 71 0 28 97 0 0 14 0 40 49 7 0 0 0 0 0 0 0 8 47 0 0 0 0 0 10 99 0 0 11 0 81 0 0 0 67 0 0 0
12 60 0 0 0 2 0 64 0 11 0 25 75 0 0 21 82 0 0 85 0 0 0 7 0 0 0 0 0 54 0 0 0 0 0 52 0 17 0 0
23 0 23 0 0 15 0 0 0 0 0 82 81 0 10 0 0 0 0 77 0 0 14 0 37 0 0 0 73 0 0 0 0 0 0 87 0 13 46 0
0 0 0 0 46 0 32 0 56 0 0 0 4 0 0 0 0 0 0 0 0 0 28 0 0 0 0 0 0 74 0 0 0 89 0 0 0 0 0 38
0 0 62 0 0 0 0 62 75 59 45 0 0 88 45 0 81 0 0 34 16 0 0 0 0 28 0 0 50 39 0 9 0 0 0 0 0 25 0 0
0 0 71 75 13 0 0 0 69 88 1 0 55 0 76 51 0 82 0 72 0 0 0 36 0 0 0 84 0 0 0 0 0 0 0 0 0 47 0 0
0 0 0 3 40 0 0 0 0 0 0 0 78 36 0 0 0 0 19 97 49 0 89 51 0 0 0 82 86 79 0 51 0 0 0 0 86 0 0 0
0 0 0 0 0 97 0 0 0 0 0 39 0 63 0 31 87 7 0 0 0 0 0 0 0 0 0 0 0 81 0 25 0 0 72 20 0 10 0 0
0 0 0 39 0 0 0 0 14 74 0 0 64 77 0 13 0 0 0 0 0 0 0 0 0 0 88 0 0 0 35 0 0 0 0 0 30 69 23 0
0 0 0 0 0 21 0 25 70 12 0 0 0 63 43 37 0 0 11 0 0 0 0 0 0 95 0 0 0 33 70 0 18 0 0 0 27 44 0 95
0 0 0 64 0 50 0 80 0 0 32 0 0 0 0 68 0 0 0 0 0 0 0 0 80 0 0 0 0 8 20 0 0 0 37 0 0 0 0 0
36 73 0 48 88 0 0 0 38 0 0 0 5 0 0 0 51 0 0 0 0 89 0 0 0 32 0 0 0 15 63 79 0 0 0 38 0 0 3 0
0 0 0 0 14 16 0 23 0 0 79 0 0 61 31 87 98 50 0 0 0 0 0 0 40 0 0 0 37 73 49 14 0 0 0 0 0 27 0 0
0 43 0 0 0 0 0 0 0 53 0 0 0 0 0 0 0 29 0 0 0 83 0 0 64 74 0 0 0 75 44 0 64 0 0 0 0 0 0 0
0 40 0 23 86 0 70 0 67 0 0 0 0 0 0 0 0 0 0 42 98 0 0 58 0 0 23 0 0 93 0 0 0 60 0 60 0 0 0 0
0 0 64 0 0 0 0 46 28 29 0 89 0 0 74 0 0 25 0 53 22 0 0 0 0 0 0 0 0 60 27 0 0 0 0 0 9 92 0 0
0 0 0 0 0 0 0 0 0 0 0 0 0 0 0 76 0 0 0 69 41 0 0 32 0 0 0 0 0 0 0 0 0 87 0 0 0 0 0 0
0 0 0 0 0 0 18 0 84 0 0 42 0 0 0 85 68 0 27 0 0 0 0 8 0 0 0 98 28 0 0 0 0 0 0 14 0 0 0 0
35 0 0 69 3 0 0 0 0 94 0 0 99 0 0 83 0 0 0 0 57 98 0 80 0 0 79 30 0 0 0 0 0 88 0 0 0 11 0 62
0 0 89 0 61 0 0 84 45 0 0 8 0 78 34 0 89 0 0 0 0 0 0 71 0 30 35 2 0 41 0 91 0 0 0 0 0 0 0 0
56 0 37 0 0 0 50 0 98 0 0 0 2 0 0 0 85 23 0 0 26 86 0 85 0 0 0 0 0 0 0 23 0 0 0 0 0 72 0 0
18 0 53 76 0 7 78 0 0 0 65 14 0 0 0 61 93 0 0 86 0 9 0 0 0 0 29 0 0 29 0 0 43 0 56 0 0 53 0 0
50 14 35 0 90 0 0 0 0 0 0 97 45 0 0 0 0 0 75 0 0 92 0 65 59 37 2 0 32 0 0 17 0 25 0 62 0 1 0 0
0 0 0 0 0 0 0 73 65 0 40 42 0 0 28 19 0 0 0 0 0 73 0 42 0 0 0 0 0 0 0 0 89 0 89 59 20 26 0 0
0 78 0 0 0 61 0 0 0 0 0 0 25 0 3 0 0 0 0 0 0 21 0 0 0 20 0 35 80 0 65 9 20 0 12 0 0 0 34 12
0 0 0 0 69 0 0 0 0 0 0 0 52 62 0 73 0 0 15 0 28 0 0 0 0 86 0 0 0 0 0 0 0 6 97 24 0 98 39 0
96 78 90 15 0 72 24 0 0 67 32 0 0 0 0 88 0 2 0 36 65 87 0 0 20 0 0 45 53 22 99 0 0 0 0 0 14 0 0 0
0 59 0 0 0 0 0 0 98 0 0 62 0 0 0 12 0 0 0 89 0 0 0 0 0 0 0 0 0 0 0 0 0 0 77 65 0 0 36 16
0 96 0 24 0 0 62 0 3 96 0 96 0 0 0 36 75 0 0 0 19 0 0 0 0 0 0 0 0 85 80 0 0 63 52 0 76 64 34 75
0 0 6 0 0 0 9 0 79 41 96 0 70 53 0 31 87 17 0 51 0 0 0 0 0 0 0 42 34 0 0 0 95 0 0 0 52 4 0 0
23 55 0 0 0 0 0 0 42 0 0 60 0 86 0 0 0 0 0 0 15 36 0 0 0 0 0 0 38 0 0 65 33 89 12 0 0 74 0 0
