0 0 82 0 78 0 0 0 0 95 0 0 31 0 80 0 0 31 90 92 0 0 0 0 11 0 47 0 0 13 10 16 0 0 0 16 0 0 0 0
67 0 0 0 0 34 0 51 26 0 28 0 0 9 0 0 0 13 0 0 0 16 0 59 0 55 0 0 0 0 0 0 0 0 76 0 0 1 0 0
0 0 48 0 0 0 21 62 0 91 0 0 15 0 0 0 23 0 0 0 28 0 0 0 0 0 47 88 73 73 0 0 0 89 81 0 0 0 0 0
49 0 86 3 0 39 0 24 0 90 99 33 0 0 0 0 83 0 0 0 0 44 9 0 2 70 0 0 42 74 7 0 21 0 0 0 0 0 0 34
0 82 7 0 0 0 0 43 0 0 0 66 0 0 0 0 0 97 0 0 0 0 95 0 0 0 0 0 0 0 0 0 0 0 0 0 0 51 0 0
0 36 0 0 0 10 0 0 22 0 0 0 44 0 86 0 70 24 0 25 0 0 0 76 0 85 0 7 59 10 0 0 0 0 0 28 36 89 0 0
0 0 0 0 0 0 0 84 0 0 0 0 0 0 0 0 11 34 0 0 0 0 0 58 0 74 0 0 0 0 0 0 34 0 0 0 0 0 53 0
0 0 65 0 0 0 0 0 0 68 0 0 36 0 81 0 0 0 78 0 31 0 58 41 50 0 0 13 0 60 49 77 69 0 0 74 0 59 0 0
0 0 90 0 12 4 28 31 0 93 39 58 0 0 0 0 29 52 29 0 30 0 0 0 60 26 13 0 0 0 0 27 46 0 15 0 97 0 83 20
45 0 0 0 94 72 0 0 0 0 0 0 0 31 99 0 0 0 0 0 0 0 0 0 40 99 0 0 0 0 0 0 0 0 54 0 0 0 0 0
