0 0 0 0 0 0 67 68 70 0 0 0 31 0 0 0 2 0 0 0 0 0 0 0 0 0 0 0 0 88
45 0 0 0 0 49 0 32 0 7 0 16 0 94 93 79 0 0 0 0 0 86 9 37 88 0 0 0 12 0
0 0 0 0 6 60 0 0 0 0 81 0 0 0 0 0 0 0 97 0 0 0 0 0 26 76 0 88 0 0
39 0 0 0 53 0 47 0 0 0 0 0 0 31 0 0 0 0 0 0 0 0 0 96 0 0 0 0 0 0
20 0 0 0 0 0 0 0 0 0 0 0 0 0 0 0 0 0 0 0 30 0 0 0 92 0 0 54 0 78
0 0 0 0 0 0 7 0 0 0 43 0 0 0 0 27 0 0 0 0 0 0 58 0 23 0 0 0 0 56
0 0 0 63 0 0 0 0 0 78 0 0 0 0 55 0 0 0 89 0 0 0 29 0 0 0 0 0 29 0
76 0 89 0 0 0 0 0 61 0 0 0 0 0 0 0 0 0 0 68 13 86 0 76 0 0 33 0 41 0
0 0 0 0 66 0 35 0 0 0 47 0 0 0 0 0 0 0 0 71 0 0 0 6 0 0 24 0 0 0
0 0 58 0 44 0 0 85 0 0 0 68 0 0 0 48 0 59 0 13 0 0 75 43 70 0 0 0 0 0
96 0 0 89 37 0 61 0 0 0 0 86 0 0 0 0 0 72 0 0 0 0 0 0 0 0 49 0 15 0
44 0 0 21 0 11 0 0 0 15 0 0 65 0 0 0 0 0 0 0 0 0 89 80 0 0 0 41 0 0
27 0 8 56 0 0 0 0 0 0 0 61 40 0 49 0 0 0 92 0 21 47 0 0 0 0 0 0 0 0
0 27 0 0 50 0 0 0 0 30 0 0 0 92 0 10 0 0 0 95 0 0 0 0 34 0 76 9 0 0
0 0 0 0 0 0 55 97 0 0 0 0 0 87 0 0 0 91 0 0 0 0 0 37 0 0 0 96 0 0
0 98 0 0 0 0 0 0 0 0 0 0 81 0 0 0 0 0 86 94 0 1 67 0 0 0 0 0 46 0
19 0 0 0 60 4 0 0 0 0 89 0 0 45 0 87 0 0 2 0 0 0 0 0 0 37 0 0 58 69
59 0 0 0 0 0 0 82 60 64 0 0 73 0 0 0 0 0 0 5 96 0 0 0 43 67 0 0 0 0
62 0 93 0 0 0 20 0 0 0 0 0 0 75 0 0 0 0 16 47 0 0 0 0 72 0 0 0 0 0
93 0 27 0 0 0 0 0 60 56 0 0 64 0 0 27 0 17 0 0 0 0 0 0 0 0 16 81 51 0
0 0 79 0 0 0 1 0 0 0 0 0 0 62 0 0 0 0 0 50 0 0 54 0 0 99 0 0 85 0
0 37 0 0 82 0 0 31 0 44 0 0 0 0 0 0 4 0 0 0 0 0 32 79 0 0 22 78 0 0
0 0 0 0 0 0 0 0 0 0 48 0 0 0 0 0 36 0 0 5 0 0 0 0 0 0 0 89 0 0
0 54 92 56 0 0 0 0 0 0 0 0 79 0 18 0 0 47 0 0 0 0 0 0 0 0 0 0 0 12
0 0 38 0 4 0 0 0 0 0 0 40 0 70 0 52 0 0 0 0 0 0 46 0 0 0 0 0 10 0
0 9 0 0 85 0 0 0 0 0 0 0 0 0 77 0 36 4 57 32 0 0 0 38 0 0 0 83 0 65
0 0 0 83 0 0 0 0 0 0 0 0 0 0 96 0 0 0 0 46 0 0 0 0 34 94 0 0 0 0
0 0 0 0 3 0 0 0 26 0 81 0 31 3 0 0 0 0 0 0 0 21 0 0 66 64 0 0 0 0
0 0 0 8 32 0 0 0 0 26 0 0 0 77 53 0 28 0 0 0 0 0 72 11 46 80 0 0 19 0
0 0 48 0 0 97 0 0 0 0 72 0 0 0 0 0 0 0 0 0 0 60 0 0 0 0 0 0 0 0
0 14 0 0 0 0 0 75 0 5 0 0 0 0 23 0 92 2 12 0 0 0 0 0 0 0 8 4 0 0
40 0 0 0 0 0 0 0 0 6 0 0 0 0 14 0 5 0 0 0 46 64 0 0 0 0 0 0 74 0
0 0 0 0 0 0 0 0 0 0 0 0 0 0 0 23 0 0 0 0 17 0 0 0 0 0 0 0 0 76
0 0 0 0 0 36 87 0 0 0 92 24 0 0 91 7 0 0 20 0 0 51 0 0 0 0 0 0 0 0
0 0 0 0 7 0 65 0 0 0 0 55 0 0 0 74 0 0 0 30 0 0 0 0 37 0 7 0 0 0
0 0 0 91 30 0 0 0 0 0 0 0 73 0 0 0 54 0 0 0 65 7 0 0 0 0 0 0 0 0
27 91 0 0 0 43 0 0 54 10 0 8 0 0 0 0 0 0 67 29 0 50 41 92 0 0 0 0 0 18
0 0 0 0 0 35 0 0 0 0 56 0 0 0 47 0 0 0 0 0 0 0 0 0 0 0 17 0 42 0
0 0 0 0 0 86 0 11 7 0 15 0 0 10 0 0 0 89 0 0 0 0 16 0 32 0 0 0 90 0
17 94 0 26 0 0 0 0 0 0 0 0 0 0 0 0 0 0 0 0 0 0 0 0 50 0 79 0 0 57
0 0 0 22 0 0 0 0 0 0 37 0 86 0 0 0 0 42 0 67 0 0 0 0 92 81 0 0 0 0
0 0 0 0 0 41 70 0 54 98 0 0 0 93 0 0 0 0 0 0 0 0 0 0 53 0 0 0 33 0
14 0 0 0 0 0 0 0 0 0 0 0 0 0 0 0 24 15 78 67 0 0 0 0 0 6 93 0 86 0
0 0 37 0 0 0 0 0 0 0 0 0 0 38 0 0 0 0 0 42 23 0 0 0 0 18 59 8 0 0
0 43 0 0 0 0 0 0 0 0 0 31 65 0 0 0 0 0 50 0 0 0 0 0 0 7 0 0 0 0
0 0 0 86 0 0 0 0 0 0 0 0 33 0 0 54 18 0 87 0 0 0 0 24 0 0 0 36 0 0
0 0 0 0 0 0 0 0 0 0 0 55 0 0 38 0 0 89 0 28 0 0 0 0 10 65 0 72 0 26
77 49 0 0 0 0 51 0 0 85 0 0 17 0 0 0 0 0 0 0 0 0 0 0 0 41 0 0 0 0
54 42 0 66 12 0 0 0 0 0 0 0 0 75 0 0 0 69 35 0 0 0 0 0 0 82 23 0 39 24
0 79 0 0 0 0 0 0 24 0 0 0 0 0 17 0 0 93 36 0 0 0 0 0 0 0 0 0 15 0
