19 0 13 0 0 91 0 0 0 24 23 81 0 0 0 0 0 40 0 0 0 16 0 0 0 63 0 0 0 0 0 0 0 0 0 0 0 87 15 0
0 61 0 0 0 0 0 10 0 0 0 0 0 0 0 0 54 2 29 0 65 0 0 0 0 0 0 0 62 0 16 0 0 0 58 0 0 0 0 47
0 0 0 0 0 0 0 0 0 0 0 0 87 0 0 0 0 21 0 0 5 0 0 41 14 86 0 0 0 0 0 0 0 0 0 0 98 0 0 10
0 0 0 0 0 26 0 0 0 0 0 0 0 0 6 0 0 0 0 93 0 0 0 7 0 0 0 0 0 0 0 0 0 0 0 0 56 0 0 0
76 0 47 0 0 26 42 75 87 0 70 0 54 0 92 0 19 0 0 0 93 0 0 0 0 27 0 0 0 0 61 24 24 0 0 0 0 0 41 0
3 0 0 0 0 0 0 65 0 0 0 0 0 0 0 0 53 0 0 0 99 0 0 0 0 0 97 0 0 0 32 0 0 0 0 60 0 57 0 0
0 0 0 15 0 0 0 0 0 0 47 0 0 0 0 0 0 61 0 73 0 0 0 53 0 0 0 0 0 72 0 22 63 0 29 0 0 0 0 0
98 5 25 62 0 0 0 0 0 0 0 0 0 0 0 12 0 0 0 0 0 79 0 45 74 0 81 0 33 0 7 0 72 47 0 0 0 0 0 74
0 0 0 0 0 0 0 0 0 0 52 0 18 0 0 0 5 0 0 0 25 0 0 0 0 33 0 0 0 0 86 0 80 0 13 0 0 28 0 0
0 50 0 0 0 0 24 0 0 64 0 0 0 0 0 0 0 0 0 0 0 0 0 0 90 0 90 93 35 0 45 0 0 0 0 0 0 0 0 41
