0 0 0 0 0 72 0 0 0 57 52 0 0 0 0 29 0 0 89 0
0 0 42 57 0 68 26 0 0 89 0 65 4 0 0 0 0 0 0 0
0 0 38 0 0 54 90 0 0 38 50 0 0 55 12 28 0 0 0 0
0 75 0 0 0 0 0 18 66 0 0 93 4 0 0 0 10 0 0 50
44 90 58 0 0 0 0 0 0 0 48 0 9 0 0 0 0 0 0 0
0 48 47 0 0 0 0 0 81 0 0 0 2 0 12 0 0 31 0 0
17 0 0 0 0 55 0 0 0 17 0 0 22 0 0 0 65 70 0 0
0 0 0 62 22 0 0 27 0 0 0 0 0 0 0 0 86 0 0 0
0 0 0 15 56 0 97 69 34 88 0 0 0 0 43 0 0 33 0 93
49 0 0 0 0 48 15 64 55 0 0 0 36 0 0 0 0 13 0 0
0 0 0 0 0 64 77 87 0 27 0 52 0 0 0 0 34 0 0 71
38 0 30 0 46 0 0 0 0 27 0 0 22 0 57 14 55 0 0 89
0 0 0 0 0 84 0 0 37 69 0 7 74 0 7 0 0 73 37 0
0 0 0 45 0 0 0 0 0 0 0 92 0 0 43 0 0 0 0 97
0 0 0 88 0 0 8 0 16 0 10 0 0 0 6 0 0 4 0 70
0 1 0 33 0 37 0 60 0 0 0 0 0 0 0 0 0 89 0 0
0 0 89 0 0 0 32 0 16 0 0 40 26 13 2 75 0 87 0 18
85 0 0 0 85 28 0 0 0 0 5 0 16 59 0 67 45 0 0 29
0 0 0 0 10 0 0 7 45 0 55 0 0 49 0 49 0 0 0 22
0 98 0 20 0 0 0 21 0 0 0 51 0 63 0 37 0 98 0 0
29 16 0 86 0 0 0 0 0 0 0 0 0 0 4 85 10 0 0 0
93 62 0 0 40 24 25 0 73 53 0 0 46 0 78 86 0 0 32 0
0 0 0 0 0 14 0 0 0 0 90 0 0 0 0 0 0 0 0 0
0 0 0 0 32 0 84 0 0 0 0 0 0 66 0 0 0 0 0 0
88 0 0 0 0 1 0 0 0 0 0 0 0 0 0 87 0 0 81 0
98 0 0 10 24 0 0 94 82 48 0 0 30 0 0 0 3 38 41 6
0 26 0 0 0 74 0 26 0 0 0 0 0 0 55 0 0 24 0 0
81 0 0 0 36 73 0 6 0 0 0 31 0 0 0 93 55 0 0 29
0 0 48 0 11 68 18 0 0 0 84 0 0 0 0 0 68 0 19 98
0 0 0 0 0 0 0 0 0 0 5 33 0 0 0 0 0 0 0 0
