0 0 0 0 0 9 0 51 0 0 89 33 0 74 0 90 0 5 0 98 0 0 24 63 12 0 32 89 0 0 0 0 85 23 0 0 0 11 0 0
0 0 0 0 0 0 96 0 0 46 5 0 22 0 92 0 49 0 0 20 0 0 0 0 0 0 84 8 36 0 0 29 0 0 0 0 73 0 57 0
60 17 0 0 0 85 0 0 0 0 0 0 0 0 0 0 0 30 0 86 0 61 0 0 0 0 0 0 0 39 27 0 0 43 94 0 44 0 15 35
0 0 0 0 0 0 0 40 81 0 0 6 94 0 38 29 46 0 37 0 0 85 0 0 0 0 0 35 0 49 0 28 8 3 69 0 0 97 33 0
0 0 0 0 0 15 18 0 0 11 0 0 0 0 0 0 0 3 0 0 34 0 0 0 3 0 0 0 0 0 77 0 0 1 0 0 0 0 0 0
0 0 20 61 0 0 0 27 0 93 1 0 65 0 59 51 0 19 7 0 86 41 46 0 43 72 0 72 0 55 0 69 16 0 0 0 0 0 64 0
85 0 87 0 0 0 0 8 60 0 0 98 0 0 0 83 0 0 59 69 17 0 0 0 21 0 0 64 0 0 0 0 0 73 0 0 12 9 90 0
0 0 0 26 75 0 0 0 0 0 0 38 51 0 57 0 0 0 0 66 0 37 0 0 0 0 24 0 0 0 0 48 0 73 0 36 67 0 0 0
0 36 0 38 0 0 46 0 0 0 0 9 0 0 0 44 0 0 0 0 15 49 0 83 0 31 0 0 0 0 0 8 29 0 5 0 0 0 0 72
0 0 17 0 0 55 0 0 0 0 0 0 71 0 0 0 0 52 14 0 0 46 0 0 1 97 9 0 0 0 0 0 11 65 43 0 0 0 15 19
43 73 83 82 5 25 0 0 46 68 0 12 52 0 0 2 0 17 16 0 0 0 0 0 66 18 0 21 80 0 96 0 57 9 0 0 12 20 0 89
0 0 0 0 0 0 6 66 0 0 0 0 0 0 0 0 0 0 0 0 67 0 37 92 0 0 0 0 0 0 18 0 56 0 0 58 0 0 0 11
0 0 0 0 0 0 0 0 28 0 92 77 0 0 0 5 0 79 0 0 0 0 0 0 0 0 94 0 0 0 62 0 17 81 93 0 34 0 0 0
0 3 0 0 46 0 0 0 0 0 0 53 0 0 0 68 0 75 0 0 0 0 0 0 0 23 47 0 65 0 0 2 48 0 52 0 0 50 0 79
21 0 78 0 0 67 0 0 0 4 0 0 0 0 0 0 0 0 0 0 0 78 0 0 0 0 0 3 0 0 0 0 0 0 71 0 0 0 3 0
0 0 0 0 0 92 0 0 0 2 26 0 0 40 0 70 0 31 81 0 22 0 0 0 3 56 0 51 0 0 0 0 0 0 0 50 41 9 0 0
97 0 48 0 83 0 91 0 0 0 98 0 15 0 0 0 63 0 90 79 0 0 4 0 1 0 0 0 0 0 0 84 0 0 0 0 0 40 0 0
73 0 0 0 0 0 73 0 79 0 21 64 69 0 54 78 12 0 73 5 0 0 0 0 39 0 0 0 0 0 28 0 0 0 0 0 0 0 0 0
43 0 0 0 0 72 0 0 92 0 2 63 0 0 0 51 0 0 0 0 29 0 0 0 98 0 0 0 77 95 0 80 0 10 0 63 29 0 0 0
15 35 0 0 0 0 0 33 0 55 0 0 49 84 0 0 0 39 19 0 0 86 0 0 0 0 0 63 6 0 0 0 0 0 0 19 0 97 79 0
0 0 0 0 0 0 57 0 0 0 0 0 66 17 0 0 75 0 0 0 0 68 0 0 0 0 27 0 0 68 0 0 0 0 33 0 0 65 77 0
41 4 0 0 14 0 96 0 69 0 0 57 1 7 0 0 0 95 0 50 0 87 0 0 0 0 0 0 0 20 0 0 0 72 0 0 0 45 78 0
0 0 0 0 24 67 42 0 0 0 97 0 0 0 57 0 0 0 21 0 0 0 0 0 0 0 0 41 0 0 0 0 0 0 0 0 86 34 73 0
37 0 0 0 32 0 26 0 0 0 0 0 69 0 0 0 80 0 0 0 29 75 0 0 0 0 0 0 0 36 0 28 0 0 0 0 0 40 87 0
0 0 22 0 0 0 0 0 0 0 1 0 0 61 13 0 0 0 0 0 0 0 0 0 0 0 7 8 14 0 95 35 9 0 58 0 5 0 27 0
46 0 22 2 0 10 0 16 0 0 68 0 0 0 0 95 0 0 0 67 28 0 83 76 0 0 0 98 7 0 0 0 36 0 0 75 0 69 20 0
18 74 1 0 34 0 0 80 8 17 0 0 0 0 0 0 0 0 0 0 0 0 0 0 48 0 0 0 0 0 0 89 37 0 0 10 0 0 0 0
0 0 0 0 0 0 0 0 0 0 0 0 0 0 0 0 0 0 0 0 0 0 0 42 0 0 24 0 0 0 0 0 0 2 0 0 29 0 46 0
29 94 0 21 0 34 0 50 28 80 85 0 0 0 67 92 0 0 0 18 71 81 0 24 0 5 59 10 0 0 0 0 0 94 0 0 70 62 93 8
9 0 0 0 0 77 0 0 0 0 11 0 0 0 0 0 79 0 0 0 3 0 0 0 0 30 14 0 0 0 0 66 0 0 58 2 0 38 0 0
47 0 0 18 0 0 0 0 0 81 0 0 0 84 0 0 0 0 0 0 0 65 0 0 55 57 0 0 0 74 0 0 62 0 92 16 0 36 37 0
56 0 0 48 0 0 0 0 0 53 0 20 0 95 66 0 93 0 0 0 0 0 0 0 72 0 74 70 0 0 0 58 0 69 76 0 0 15 76 0
49 0 0 74 48 0 0 0 64 9 0 95 23 54 0 76 75 58 0 86 0 0 0 0 85 0 36 0 0 0 0 0 93 0 46 56 3 0 31 0
0 0 0 73 83 0 94 0 0 60 39 0 0 44 71 0 0 52 0 0 0 0 0 0 0 89 0 85 0 0 0 0 0 15 0 0 0 0 0 0
89 0 0 55 0 0 0 47 0 18 0 0 0 91 0 77 0 86 0 0 18 64 0 0 0 0 0 0 0 0 20 0 0 0 0 88 0 0 75 0
0 0 0 48 72 0 0 0 0 0 0 22 0 0 0 0 0 0 0 0 69 0 0 0 0 0 69 0 0 0 0 0 0 0 0 0 84 68 0 0
0 0 45 0 0 0 0 64 0 0 0 0 0 0 0 0 0 0 0 0 0 73 0 0 4 0 0 0 0 1 0 0 0 5 0 85 27 0 0 0
0 0 0 76 0 0 0 3 0 0 0 0 50 0 19 76 16 0 82 0 36 0 0 0 50 0 0 0 0 0 97 0 73 81 56 0 0 0 45 0
0 0 0 19 80 0 0 7 0 20 0 0 0 0 0 0 0 0 68 0 16 25 0 0 0 0 90 0 0 0 88 0 4 0 0 0 0 0 0 20
21 87 0 0 0 0 72 0 0 0 82 21 95 80 0 0 0 0 0 0 0 0 56 52 0 0 0 0 13 91 0 0 0 40 0 76 0 73 0 88
0 91 0 0 50 0 92 0 0 79 0 37 0 0 0 54 97 0 0 51 0 0 93 0 46 97 0 0 0 0 0 0 0 83 0 0 0 4 81 44
0 0 84 79 0 0 0 0 0 0 0 13 16 0 32 0 0 67 0 29 0 69 0 0 0 0 0 0 0 0 0 0 18 0 0 6 0 0 95 6
0 0 0 0 0 41 43 0 0 81 64 13 0 0 0 39 0 0 0 0 0 0 0 23 23 0 0 85 0 0 0 0 10 0 0 90 60 59 0 0
0 67 0 0 0 56 13 0 0 0 0 24 0 0 0 10 18 0 0 0 0 0 85 49 1 0 0 0 0 44 0 0 94 0 0 0 0 74 0 0
92 90 0 0 0 10 0 0 9 0 13 0 0 41 0 0 0 0 0 0 37 0 74 0 22 0 0 0 27 84 32 0 0 61 19 71 0 32 0 53
24 27 19 0 0 75 75 0 0 0 0 96 48 0 0 12 0 0 0 0 0 0 0 39 0 0 0 0 3 60 0 0 96 0 0 92 0 0 0 64
0 0 0 0 93 0 0 0 0 0 0 0 92 0 39 0 0 0 0 0 0 11 42 0 0 39 0 0 0 0 0 0 0 0 43 37 6 0 30 0
94 16 0 0 1 12 61 0 0 15 0 95 0 0 0 0 0 7 0 0 0 0 0 0 0 0 0 30 36 50 0 0 0 15 0 0 0 0 34 0
0 0 0 0 52 0 0 13 0 0 0 0 0 0 50 0 0 65 0 0 0 0 52 0 0 2 99 0 0 34 3 0 0 0 0 0 15 11 0 45
0 66 60 2 1 0 2 0 0 10 0 67 0 0 0 0 39 0 0 0 0 27 65 0 0 51 0 94 81 64 0 0 0 0 0 0 23 62 0 0
