86 0 0 0 51 0 0 0 29 0 69 0 0 0 0 0 0 0 17 0
0 0 0 0 0 0 0 0 79 0 0 0 0 0 0 0 0 0 0 99
0 25 0 21 0 0 58 0 0 0 0 41 0 0 0 0 0 0 0 0
0 0 0 0 0 0 69 0 0 0 37 84 51 0 0 86 0 0 0 0
0 0 88 0 0 0 0 0 0 0 67 0 0 0 0 0 0 0 0 0
59 0 0 0 0 0 0 0 0 0 0 0 0 28 0 0 96 9 0 0
0 26 0 0 0 0 0 0 0 80 0 0 0 0 93 0 0 0 0 0
20 0 0 84 0 0 41 0 0 47 16 65 0 0 0 0 0 0 0 0
89 0 0 0 0 0 52 0 0 0 0 0 0 0 0 0 0 2 0 0
0 0 0 0 0 0 55 0 56 19 17 0 0 0 0 0 0 0 0 0
0 0 0 0 0 51 0 0 0 0 26 0 0 0 0 0 0 0 23 12
0 0 0 0 0 0 0 0 0 73 0 0 18 0 0 0 0 39 0 1
0 0 0 0 0 0 0 0 0 0 0 0 0 35 0 0 1 47 0 64
0 88 0 36 2 0 0 0 0 0 0 23 0 6 0 0 0 76 0 0
0 0 0 20 0 12 37 0 0 0 0 0 0 67 0 0 0 0 88 0
0 0 38 0 0 0 0 0 98 0 0 0 0 0 66 99 0 0 0 0
0 0 0 0 0 0 0 0 0 42 0 0 0 0 0 0 0 0 0 0
92 0 53 85 0 0 0 49 0 0 0 0 0 0 0 0 0 84 0 0
0 0 0 0 0 0 0 0 0 10 0 0 0 65 0 0 0 0 0 0
0 0 0 0 0 41 0 0 0 0 0 0 1 0 0 0 0 0 0 47
0 0 0 0 0 0 0 0 0 69 0 0 0 0 6 0 0 0 0 0
0 0 0 0 0 26 0 0 0 0 40 0 0 0 0 0 63 19 0 0
0 0 0 0 0 0 89 0 0 1 0 0 0 0 0 0 78 0 0 0
0 0 0 28 0 72 5 65 40 0 0 0 0 0 47 0 82 0 88 86
0 0 0 0 71 15 0 0 0 0 0 42 0 0 0 0 0 0 49 0
0 0 80 0 0 0 0 0 0 0 0 0 0 51 0 0 30 0 0 0
0 92 0 58 33 61 0 0 0 64 0 0 0 0 0 0 0 0 0 0
0 28 0 88 0 0 20 0 2 0 0 0 0 0 0 26 0 77 0 0
0 0 0 0 0 0 55 0 0 0 0 0 0 0 0 0 0 0 0 8
0 0 18 0 0 0 0 0 0 0 0 29 73 39 0 78 0 0 0 0
