0 0 0 0 0 70 0 0 0 0
0 0 0 0 56 0 0 21 0 0
0 71 0 0 0 12 0 0 0 0
0 0 0 0 0 0 0 0 0 0
0 50 68 3 0 21 57 0 0 9
0 56 0 0 0 26 0 0 7 0
0 0 25 0 0 0 0 72 0 0
0 0 0 0 0 85 0 0 0 0
0 0 0 0 0 10 0 0 0 0
0 0 0 0 0 0 0 0 0 0
0 97 26 0 62 0 0 0 0 8
0 0 55 75 0 0 34 27 39 0
0 0 0 0 43 0 96 0 0 0
55 91 0 0 0 0 0 0 40 0
0 0 0 0 0 0 63 7 0 0
0 0 7 0 0 0 0 7 0 0
37 0 0 0 0 0 0 0 0 0
0 16 0 56 0 0 71 0 0 0
0 0 44 87 0 0 0 0 0 0
0 0 0 0 0 0 0 0 0 0
0 0 0 0 0 0 0 0 0 0
0 0 0 0 0 0 0 0 0 0
0 0 90 0 0 39 0 4 18 75
0 0 0 0 0 0 0 0 0 51
0 0 0 80 0 23 0 0 0 0
0 25 0 68 0 0 77 0 0 0
0 0 50 0 0 0 0 0 0 0
0 0 4 0 0 0 0 62 62 0
0 0 0 0 0 76 0 0 0 0
64 0 0 0 0 0 0 36 0 0
