0 0 0 0 15 0 0 0 0 0
0 0 26 44 0 28 0 54 0 0
71 0 79 0 76 0 0 5 0 0
0 96 0 0 33 51 0 90 89 2
89 0 61 0 97 8 0 0 0 0
0 31 22 0 24 0 0 13 0 0
15 69 8 0 78 0 0 0 0 0
58 0 0 0 0 0 66 95 0 0
33 0 0 0 0 0 0 0 66 0
81 0 0 0 59 88 0 0 0 29
0 0 0 0 0 0 0 0 0 39
0 0 0 0 86 24 0 99 0 0
0 15 0 0 48 0 82 0 0 0
0 57 7 0 0 0 0 0 0 0
0 0 81 26 52 0 0 0 0 0
0 0 14 0 0 0 0 0 0 0
0 0 0 54 0 0 0 0 0 0
0 0 65 0 0 0 0 0 0 0
0 0 1 0 0 20 0 0 0 0
0 82 0 87 0 0 0 0 0 50
0 0 0 0 0 0 0 0 83 0
0 0 0 0 0 0 0 0 0 46
0 0 0 0 0 39 0 0 0 0
0 0 0 0 22 0 32 0 99 0
0 0 0 0 0 0 0 42 0 0
0 0 0 0 51 0 0 33 51 0
0 0 0 0 52 0 0 12 0 0
3 0 0 0 0 0 0 0 0 0
82 33 0 0 98 20 0 38 0 0
0 0 0 76 0 0 0 0 0 0
