0 0 0 0 41 0 43 18 0 0 0 8 0 0 0 0 0 0 15 0
0 0 93 0 66 12 0 0 0 51 0 0 0 0 0 0 0 0 31 0
0 79 0 0 0 44 0 0 0 0 0 0 22 0 0 0 0 0 0 32
0 19 0 84 19 0 0 0 0 0 0 0 0 0 0 0 0 78 60 0
0 0 0 0 0 0 0 0 0 0 0 0 0 0 0 0 0 41 0 0
0 0 0 0 0 98 0 0 0 0 7 0 90 0 0 0 82 0 0 0
0 0 0 0 1 0 69 0 0 0 0 51 0 0 0 84 0 0 0 0
0 0 0 0 0 76 39 32 0 72 0 0 81 34 0 0 57 0 0 0
0 0 96 0 0 95 0 0 0 0 0 0 0 0 47 0 55 48 14 0
0 0 0 0 60 0 0 0 0 0 0 83 0 32 0 0 0 0 0 0
0 0 0 0 0 60 0 0 0 0 65 0 50 0 0 0 0 96 0 0
0 0 0 0 0 0 0 0 0 73 0 0 0 0 0 0 0 0 0 0
0 0 0 0 0 0 0 0 0 0 0 0 0 0 87 0 0 0 0 0
0 0 0 0 43 0 0 0 0 0 0 0 0 45 88 0 54 0 76 0
0 0 0 0 15 0 0 0 0 0 0 0 0 0 0 0 0 71 0 0
0 0 0 0 0 0 93 0 0 0 0 0 0 0 0 63 0 0 0 0
42 0 0 0 0 0 99 0 0 22 97 0 0 0 0 0 58 51 0 0
0 0 0 0 95 0 74 0 0 0 0 0 0 0 0 0 0 0 0 0
45 0 0 0 0 0 0 0 0 0 83 0 0 32 0 0 0 0 5 0
0 0 85 0 0 0 0 0 0 0 0 0 0 0 0 0 94 0 0 82
0 0 0 20 0 0 0 0 0 0 37 0 0 0 0 0 0 57 0 53
0 0 0 0 77 0 0 99 0 0 9 7 21 0 0 0 35 0 0 0
12 0 77 0 0 0 0 0 27 0 0 16 22 0 0 0 0 58 5 0
0 0 0 0 0 0 34 0 0 0 0 0 0 0 0 0 78 0 80 0
45 0 0 0 0 0 0 0 57 0 0 0 43 0 0 0 0 0 8 26
0 0 0 0 0 0 0 0 0 0 0 88 0 0 0 0 0 0 0 0
0 0 0 0 0 0 0 0 0 0 0 0 0 0 0 0 0 0 0 0
0 0 0 0 0 45 0 0 0 0 0 0 0 0 0 0 58 0 0 0
0 0 10 0 0 0 0 55 0 0 0 0 0 0 0 0 0 0 0 62
0 79 0 87 0 0 44 0 0 27 61 0 0 0 0 0 5 88 0 0
0 0 0 0 0 16 34 0 0 0 0 0 0 0 0 0 0 0 0 0
0 0 0 0 86 0 0 23 0 0 0 0 0 0 0 0 0 0 0 0
88 0 79 0 56 0 0 0 0 0 0 53 0 0 66 97 49 0 0 0
0 0 0 0 0 35 0 45 0 0 5 0 14 0 0 0 0 0 98 0
0 81 0 0 0 0 7 0 0 0 92 0 0 0 0 1 11 0 4 0
0 0 0 0 0 0 80 8 0 0 80 0 0 0 0 0 5 0 0 0
0 0 0 0 0 0 0 0 54 17 0 47 0 0 0 47 0 0 0 0
0 0 0 0 0 0 59 60 0 0 0 0 0 0 23 0 94 0 0 0
0 0 0 0 0 0 17 0 32 0 0 0 23 3 0 99 0 29 0 0
0 68 0 0 84 0 0 0 0 0 56 51 0 0 0 82 0 0 0 0
95 0 0 0 0 0 0 0 0 0 0 0 0 0 0 0 0 0 0 0
0 0 79 40 0 34 49 0 0 88 0 0 0 0 0 40 0 0 0 45
0 0 12 0 0 0 42 0 91 0 0 0 0 0 0 0 0 0 0 0
0 92 0 0 0 0 78 95 68 0 0 0 0 0 0 0 0 0 0 94
38 0 0 0 34 0 0 0 0 0 0 0 0 0 0 0 0 0 0 0
0 0 0 0 74 0 0 0 0 8 0 0 0 0 0 0 0 0 0 74
81 0 0 0 96 0 0 30 1 0 0 0 0 0 53 0 0 0 0 0
14 55 58 0 56 0 0 0 0 28 0 0 0 0 0 72 0 0 0 0
0 0 0 0 0 0 0 0 0 0 0 0 0 68 0 0 0 0 0 0
0 18 96 76 0 79 0 0 9 0 0 0 0 0 72 0 0 33 0 0
