0 0 57 0 0 98 0 82 67 0 0 0 25 0 85 0 4 0 0 0
15 0 66 35 0 0 0 0 28 0 0 0 0 0 0 66 57 0 0 0
64 0 0 0 0 0 0 72 0 0 0 43 19 0 0 0 0 0 0 0
0 69 0 24 0 0 0 0 0 93 0 0 0 0 0 0 0 71 80 0
0 0 93 81 0 0 78 89 0 71 21 0 20 0 0 0 0 0 0 25
0 0 0 0 77 47 93 0 31 0 0 34 0 0 0 0 0 0 95 0
0 69 0 37 38 0 43 0 19 0 0 0 0 0 12 0 0 0 0 0
0 22 35 0 0 0 0 0 96 0 0 0 67 70 0 0 0 21 0 0
0 0 0 0 0 0 0 0 0 0 0 0 96 0 0 0 0 88 96 50
0 0 0 0 55 0 55 0 0 0 0 0 0 0 0 0 0 0 0 50
0 0 27 25 0 0 0 16 92 0 31 0 0 0 0 79 0 0 0 0
4 0 0 0 0 56 25 0 0 26 0 0 44 0 0 0 0 0 0 0
54 34 0 0 0 68 84 0 0 0 0 0 8 0 0 0 0 0 0 0
2 39 0 7 0 0 0 0 0 0 0 60 0 0 18 27 0 33 0 61
0 0 0 0 0 0 0 0 0 91 0 0 0 0 0 0 0 0 0 5
0 0 0 0 0 0 0 0 0 0 0 0 0 0 0 0 63 0 80 0
0 71 0 0 0 0 0 97 0 95 95 59 0 0 0 0 0 0 0 0
0 0 0 0 0 84 0 84 0 49 0 43 0 0 0 64 0 0 0 0
0 0 96 0 0 0 0 0 8 0 0 40 0 0 0 66 0 0 0 0
0 0 0 0 0 89 0 0 87 0 53 0 0 0 0 0 0 0 0 0
