29 67 0 23 0 31 0 0 0 89 0 0 0 29 97 0 0 0 43 0
0 21 0 51 33 0 0 86 0 0 0 0 12 0 0 4 0 0 0 54
97 0 99 0 0 51 0 0 17 0 0 0 18 52 41 0 0 0 0 0
0 43 0 54 0 0 0 0 0 0 0 0 0 0 0 0 0 0 0 0
0 0 61 0 0 12 37 0 0 0 0 0 0 0 0 0 42 0 0 0
0 43 0 84 99 77 0 0 0 36 61 14 0 0 56 20 4 0 57 0
0 69 0 0 51 0 0 0 0 0 78 0 0 0 31 0 50 0 0 27
0 0 2 43 91 0 0 0 0 51 0 0 0 28 0 0 66 27 0 0
0 76 24 0 0 0 0 0 0 92 0 0 4 0 0 89 0 0 0 0
33 0 0 0 0 0 0 39 58 0 0 0 0 11 0 0 34 43 0 71
16 0 0 0 0 0 0 0 0 31 0 0 72 0 12 0 0 0 0 42
74 0 20 0 0 0 0 0 84 0 0 55 23 0 55 3 0 0 0 0
0 79 15 0 26 22 0 0 0 0 40 0 0 0 0 0 0 0 0 20
0 42 0 0 48 9 0 0 0 70 62 0 0 0 0 0 74 0 0 35
0 0 0 0 0 0 0 0 28 14 0 0 70 0 0 0 0 0 0 94
0 0 0 16 0 0 0 0 0 0 0 0 0 0 0 0 0 0 0 61
0 93 0 0 0 0 5 93 0 0 0 0 0 0 0 0 52 0 0 0
0 0 0 0 0 0 40 0 0 63 0 0 0 0 0 0 0 0 0 0
0 0 0 0 0 0 0 1 0 0 3 49 0 0 0 0 0 0 0 98
49 0 0 55 0 0 0 0 0 94 0 76 21 0 0 66 0 0 0 0
0 0 91 0 0 1 0 15 3 0 93 0 0 56 0 0 19 0 0 0
0 0 0 0 0 32 0 0 73 0 0 20 0 0 0 0 0 66 0 0
0 0 0 43 0 0 0 0 28 0 0 0 0 0 85 0 89 0 0 0
48 0 0 0 0 0 0 67 82 0 13 0 0 0 0 0 0 0 0 80
0 0 68 0 0 0 0 53 45 51 0 70 41 0 2 98 0 0 0 81
39 69 93 0 0 23 0 0 0 0 0 0 0 0 0 0 0 91 36 3
0 0 0 0 0 0 0 18 0 0 0 80 0 0 0 0 0 81 25 0
10 8 0 0 0 0 0 0 0 0 64 74 14 0 45 71 0 0 0 42
0 0 0 0 88 96 81 0 33 0 0 0 0 0 38 0 0 27 0 16
0 40 0 0 0 0 0 57 0 97 0 0 74 0 0 0 0 0 0 0
0 0 0 0 0 0 0 0 0 0 0 0 0 0 0 0 0 74 0 0
0 0 54 0 20 0 0 0 85 0 0 0 0 0 14 0 0 0 0 22
0 0 6 0 0 0 0 0 29 63 0 0 7 0 0 0 0 11 11 0
7 0 0 0 0 0 0 50 0 0 0 0 0 0 84 0 0 0 0 0
0 0 0 79 0 0 0 0 0 5 0 0 0 0 20 0 0 0 0 0
0 0 0 0 16 0 0 0 0 0 0 68 0 0 0 0 0 0 0 0
0 86 0 40 0 0 0 0 67 0 0 0 0 0 0 16 48 37 0 0
0 0 0 0 0 54 0 42 0 0 0 0 0 54 0 0 0 0 0 0
0 0 0 0 0 0 0 0 0 92 0 45 8 0 27 0 0 33 0 0
0 0 50 0 0 0 0 0 0 0 0 0 50 0 0 0 0 0 0 0
50 0 0 0 0 0 0 0 0 0 0 0 0 0 0 0 0 0 0 0
0 0 24 78 44 0 0 0 69 0 0 0 0 0 0 0 0 0 0 0
0 69 57 0 0 0 0 0 0 0 0 0 0 0 0 0 0 0 0 0
0 0 0 0 0 0 0 0 0 0 0 58 0 0 0 0 23 0 0 37
0 0 0 0 0 0 0 2 0 0 0 0 0 0 0 54 0 0 95 0
1 13 0 41 0 79 0 0 0 0 45 32 0 63 0 0 0 74 0 0
0 0 0 93 0 0 0 0 20 0 0 0 0 0 79 0 0 0 77 0
29 0 0 0 0 82 0 0 0 0 99 70 0 57 0 59 94 21 0 0
1 0 14 0 0 65 0 0 0 85 0 0 0 0 29 0 0 0 0 46
49 94 0 23 0 53 0 0 0 0 0 0 0 0 0 0 0 38 0 0
