0 0 98 24 47 52 50 0 0 3
0 0 0 0 85 0 0 6 43 0
0 90 0 0 63 0 0 0 0 88
0 0 75 0 0 0 0 0 0 56
0 22 0 92 0 37 0 56 0 0
0 0 0 0 0 0 92 42 0 0
0 0 0 0 0 0 0 0 0 0
0 0 12 0 0 28 7 0 89 0
0 0 0 0 60 0 82 0 0 0
29 87 0 0 5 60 0 0 0 80
0 0 0 0 0 0 21 15 0 0
0 0 95 0 54 0 0 0 0 0
0 0 8 0 0 0 0 0 0 0
0 0 0 41 93 41 0 0 0 0
0 0 99 0 37 0 0 77 0 0
0 26 0 79 0 62 0 78 0 0
96 0 0 91 0 0 0 85 0 0
45 97 0 0 79 0 34 38 0 58
78 0 35 0 0 0 0 23 0 0
75 0 0 0 61 32 94 49 8 0
0 72 51 48 0 61 0 0 0 76
0 0 0 0 72 0 0 0 0 0
0 0 13 0 40 0 16 0 0 99
0 0 48 0 0 20 0 90 0 0
28 54 95 19 0 0 0 0 0 37
75 5 0 0 22 9 0 0 0 0
5 0 0 0 88 27 53 92 0 0
0 0 0 0 0 60 0 60 0 0
0 0 34 0 0 97 0 0 0 0
0 0 0 0 0 42 12 33 0 0
