0 96 0 0 0 0 0 0 0 63
0 0 0 0 0 56 0 0 0 0
0 0 0 0 0 27 0 0 0 52
0 0 31 34 53 0 0 33 0 0
0 0 0 50 0 60 46 0 28 0
90 65 0 0 0 0 0 84 0 0
0 0 0 0 0 0 0 0 0 0
0 26 0 0 0 0 0 0 55 0
0 0 0 13 0 0 0 0 0 0
0 0 0 0 0 0 0 0 0 0
0 85 96 0 0 99 0 0 0 65
0 0 52 0 0 0 0 0 0 0
0 0 0 0 0 0 0 0 0 0
0 32 0 0 0 0 21 0 0 0
4 0 0 0 0 96 31 26 93 0
76 0 0 0 0 29 0 0 0 0
0 0 0 0 0 0 0 0 13 0
0 0 41 0 0 32 0 52 0 0
0 0 0 0 76 0 0 41 0 0
1 0 0 94 0 0 50 0 0 0
0 26 0 0 0 0 0 34 0 0
0 0 0 0 71 61 0 0 0 75
0 78 0 0 0 0 0 0 0 0
0 0 0 0 0 0 0 61 0 0
0 0 0 46 0 0 0 0 28 0
0 0 0 0 0 0 0 0 0 0
0 0 0 67 0 0 0 58 0 0
0 0 0 0 83 58 0 0 56 0
0 0 0 0 0 84 0 0 0 0
0 0 0 0 0 0 0 0 0 0
16 63 0 73 0 0 0 0 0 0
0 35 0 69 54 0 0 0 0 92
6 49 0 0 16 0 19 0 0 33
0 0 0 0 0 21 0 69 0 0
0 34 0 0 0 0 0 0 0 69
0 0 27 0 0 0 0 0 0 43
18 0 0 0 0 0 0 0 0 0
0 17 35 0 0 0 0 0 0 0
0 0 6 0 0 0 0 0 0 22
0 0 0 0 0 0 0 0 0 0
0 0 56 0 0 0 0 1 0 58
0 0 0 0 0 67 0 0 0 0
0 0 0 0 0 0 6 0 0 0
1 76 1 61 0 0 0 0 80 0
0 77 0 0 0 0 0 0 0 0
0 0 0 0 34 0 0 0 0 9
0 70 71 0 0 0 0 0 0 0
0 43 0 0 0 34 0 0 0 0
0 62 0 0 0 0 0 0 0 0
0 0 0 0 74 0 0 0 0 0
