0 54 91 0 44 0 0 72 0 0
0 5 82 11 0 64 0 0 0 0
0 0 0 0 0 20 39 99 0 22
0 0 5 0 0 0 0 0 31 59
0 0 0 0 0 29 0 0 0 0
0 0 0 0 62 0 0 85 0 0
0 74 0 0 71 0 0 1 99 88
0 0 0 0 42 0 0 52 0 0
0 70 78 0 0 0 0 0 95 57
5 0 0 0 0 0 21 25 0 0
23 0 0 0 0 12 10 0 0 0
0 78 0 82 36 0 65 0 0 0
0 7 0 0 0 0 0 0 58 0
0 0 27 0 0 0 26 37 44 0
0 0 0 38 52 27 0 32 0 0
0 87 0 0 0 0 9 43 83 76
0 0 0 47 50 74 0 0 0 88
0 0 0 36 0 65 52 0 0 0
0 0 0 0 0 0 0 0 11 0
0 0 0 0 0 2 95 0 0 0
0 89 0 45 23 0 0 0 4 0
0 40 44 97 0 4 0 0 0 0
0 71 0 0 0 73 0 0 99 89
42 0 0 0 0 0 0 0 0 0
86 84 7 97 0 12 0 0 0 8
0 0 0 0 82 0 0 0 45 0
46 0 0 0 0 0 0 0 0 89
37 21 54 0 0 51 87 16 0 59
0 0 78 0 5 71 0 0 0 0
0 0 0 0 0 0 37 0 4 17
