50 0 0 0 91 56 6 17 0 97 0 50 4 0 0 0 0 0 0 0
0 0 0 10 0 0 0 0 0 0 43 0 0 0 0 68 0 0 0 23
0 0 81 0 0 98 0 0 9 0 0 0 0 79 0 0 0 0 0 46
80 0 0 0 0 0 0 65 0 0 0 0 0 0 51 0 0 0 0 0
19 0 65 0 0 36 85 0 5 0 93 0 98 0 87 18 30 78 7 84
0 0 72 5 0 17 0 0 64 0 0 45 0 0 0 0 0 53 0 0
0 80 73 0 35 0 78 85 0 39 0 0 17 96 0 0 0 0 55 0
8 87 0 44 0 0 0 0 0 0 22 0 0 0 0 24 0 0 95 0
0 16 0 0 44 80 95 0 57 0 62 0 0 0 19 0 0 18 96 52
79 50 98 98 50 0 0 83 0 37 0 0 0 0 86 0 0 32 26 0
0 0 0 64 41 59 61 0 0 0 0 0 17 0 55 0 0 0 0 9
0 33 0 0 0 0 0 25 0 0 0 0 0 0 0 0 0 53 0 97
51 17 0 0 0 0 0 86 0 0 71 0 0 0 0 19 0 0 0 0
54 0 0 0 42 0 0 0 0 39 66 31 0 0 0 0 0 0 0 0
0 59 0 0 0 0 0 0 83 0 0 94 0 64 0 30 81 0 0 1
0 0 0 0 0 0 86 0 0 0 0 0 0 0 0 50 0 0 0 0
42 12 53 0 0 0 0 0 15 0 0 0 0 0 0 70 89 82 0 82
55 43 0 0 0 2 24 94 0 0 26 79 28 0 0 0 80 0 0 0
56 0 38 0 48 98 0 68 15 0 0 45 31 97 0 53 0 74 0 40
0 0 1 0 76 0 0 37 0 46 0 0 29 0 0 0 67 0 2 69
0 0 0 0 90 93 0 31 67 0 0 34 0 0 0 0 0 0 0 0
0 0 96 31 25 0 0 0 26 50 60 0 70 0 76 0 0 0 0 36
0 0 0 0 0 0 0 0 0 0 13 0 2 0 88 0 0 0 0 0
77 0 97 0 0 0 49 0 27 0 0 53 75 0 1 36 0 0 88 0
92 0 0 21 0 0 0 0 0 0 0 0 5 0 0 44 93 94 53 0
6 12 0 0 0 92 0 16 0 0 0 0 32 0 4 0 12 0 21 0
0 0 71 0 90 0 0 17 45 65 0 45 0 0 0 84 0 0 0 0
0 62 0 32 0 62 88 0 72 0 0 0 0 0 0 0 0 0 0 78
81 0 0 0 0 85 0 0 0 0 0 0 0 0 0 0 0 0 0 20
0 14 0 0 0 0 8 0 0 26 0 0 0 4 89 33 74 0 0 24
0 0 0 0 0 0 0 0 0 0 0 5 81 0 0 0 0 0 0 35
47 0 0 0 25 0 0 0 0 0 0 60 40 8 0 0 66 79 0 0
59 0 0 0 0 0 65 0 0 0 0 0 39 0 0 0 0 89 68 0
0 0 0 0 85 31 0 0 70 44 0 22 0 17 22 0 0 0 0 0
11 0 98 0 0 0 71 0 0 9 0 89 61 0 25 0 0 59 0 0
0 0 0 65 0 36 0 56 0 55 0 0 0 0 99 0 88 75 0 0
4 0 91 0 0 0 0 0 83 0 49 0 55 0 0 0 66 37 79 0
0 0 0 0 38 0 0 18 0 0 0 0 0 0 0 13 0 0 0 0
10 19 0 87 0 45 0 0 14 46 0 0 93 0 0 0 0 0 15 0
0 28 0 93 0 0 0 0 0 66 0 0 0 94 0 0 0 0 0 0
0 0 0 81 0 55 0 0 0 41 42 0 10 0 74 0 0 16 0 0
0 0 0 0 0 0 0 0 73 0 0 0 0 0 0 12 0 0 0 29
47 46 0 0 0 0 95 0 11 0 0 0 72 35 0 0 0 0 0 0
0 0 3 0 32 0 99 46 0 74 0 60 0 0 0 71 0 0 95 0
0 0 0 0 0 0 0 81 55 0 0 0 0 41 26 0 81 0 0 0
95 0 0 83 0 78 0 84 0 0 4 88 0 0 65 0 73 0 0 0
0 0 0 69 0 0 0 0 0 49 0 0 91 88 0 0 0 0 0 0
57 25 49 0 76 0 0 0 0 68 74 0 0 0 98 0 82 64 56 0
0 0 0 0 0 0 25 0 0 0 48 0 10 0 62 10 0 0 92 0
0 0 0 0 0 6 0 0 0 80 74 0 0 0 0 28 68 83 0 5
