0 0 0 0 3 0 82 0 0 0
22 26 89 62 0 0 0 0 0 0
0 13 0 28 0 0 0 0 0 0
0 32 0 0 0 4 0 0 0 0
90 0 0 31 88 84 0 5 0 25
58 0 40 0 0 82 0 98 0 0
0 0 0 50 0 56 0 0 0 0
0 33 0 0 0 47 0 0 0 0
0 11 14 71 0 0 0 0 0 0
92 33 0 0 0 37 0 0 45 34
1 50 0 0 0 22 0 0 73 52
0 30 84 0 8 0 0 69 0 0
0 0 0 0 0 53 39 4 0 79
49 0 19 0 61 0 0 0 0 0
0 0 0 13 0 0 0 79 0 0
0 80 0 63 0 0 0 0 0 68
0 50 0 0 84 0 15 0 81 90
0 50 0 73 2 76 92 0 0 14
0 0 0 0 17 0 60 67 12 0
0 55 0 0 0 58 0 76 0 0
0 0 0 0 56 0 0 0 5 47
33 77 52 0 0 0 0 42 87 86
84 0 64 0 0 6 0 0 0 0
6 0 30 0 0 67 14 0 0 0
0 0 0 0 0 69 83 0 0 0
0 0 53 0 0 0 0 30 0 54
77 0 0 0 0 0 0 0 0 0
0 0 0 0 0 54 0 0 0 0
55 96 0 0 0 29 0 0 14 0
0 0 0 44 0 30 51 0 0 0
0 0 0 0 0 84 0 0 0 0
0 0 0 91 0 0 0 72 0 0
0 34 0 0 79 76 0 0 0 0
0 0 69 13 0 0 17 0 0 76
0 0 20 0 66 0 0 0 8 96
0 91 0 42 95 0 0 0 0 0
82 6 49 59 0 0 0 0 13 0
0 28 11 0 0 0 0 0 58 0
0 0 90 79 0 0 0 67 0 0
35 0 0 89 21 0 0 0 64 0
