0 0 57 21 0 0 31 0 0 47 0 0 0 0 8 8 0 0 0 0
0 0 50 1 77 0 0 0 0 0 0 0 52 0 0 37 0 0 0 0
0 0 0 89 0 0 0 0 0 0 0 0 0 0 0 0 39 0 28 0
86 0 0 93 0 31 0 0 0 0 56 0 0 0 0 0 0 0 0 0
0 0 71 0 0 0 0 81 0 0 1 0 0 0 0 27 0 0 0 0
0 6 0 0 0 48 12 0 0 0 5 0 0 0 0 0 0 0 0 0
0 0 0 0 0 0 0 0 0 0 0 0 0 0 34 0 0 83 83 0
0 0 0 0 0 0 0 0 0 0 0 82 0 0 0 0 0 0 15 0
0 75 0 0 0 0 59 0 0 0 0 24 0 0 94 0 0 0 0 28
0 49 0 0 0 0 0 88 0 0 0 67 0 0 0 0 0 0 30 65
69 0 49 0 0 0 0 0 0 0 0 0 0 0 0 0 0 0 0 0
0 59 80 0 55 6 0 0 0 0 0 0 0 0 0 50 86 0 61 0
0 0 4 0 0 0 0 0 0 0 0 0 0 0 0 0 0 0 0 0
0 0 0 0 91 0 35 0 0 33 34 0 12 0 0 0 0 40 0 0
0 0 0 0 0 0 0 0 0 0 68 0 0 0 0 0 52 92 0 0
0 0 0 0 0 0 0 0 0 0 0 0 0 1 0 0 0 0 0 0
70 0 0 69 69 0 20 86 0 0 0 0 0 0 0 0 0 0 0 0
0 0 0 0 0 11 0 0 0 0 0 82 0 57 0 0 0 0 0 0
0 0 65 67 60 0 1 13 0 0 0 0 0 0 0 23 0 88 0 0
0 0 0 0 0 23 0 0 88 0 6 0 0 0 0 0 71 0 0 0
