0 0 0 0 0 0 44 0 0 0 0 0 0 0 70 56 74 0 0 62
0 0 0 90 0 0 40 0 29 0 87 8 87 0 10 0 0 0 0 0
0 0 0 6 0 98 0 0 0 49 75 65 69 0 24 0 14 80 0 0
0 0 81 0 57 0 12 19 0 0 0 95 43 0 0 0 0 0 0 0
20 0 0 0 25 70 0 0 59 27 0 0 37 0 0 0 0 79 3 15
42 0 84 0 0 96 0 0 26 0 0 0 0 53 0 0 87 17 0 0
64 0 0 0 0 0 13 0 83 65 0 49 0 0 0 91 0 33 3 0
0 0 0 0 0 36 0 4 0 33 0 0 42 0 0 0 12 0 0 0
0 29 0 0 0 0 0 0 0 48 13 26 0 0 0 0 0 0 0 0
0 0 0 0 99 61 0 0 0 0 0 37 67 0 0 0 0 0 0 0
28 0 0 0 14 0 0 0 95 0 0 0 0 0 24 0 0 0 0 0
0 80 0 0 38 14 33 30 0 0 0 33 0 0 36 0 0 0 93 0
0 0 0 7 80 0 0 0 0 0 19 9 0 46 0 0 0 23 0 0
99 0 0 83 0 0 0 0 0 0 0 61 0 0 13 87 0 0 0 31
2 42 0 97 64 0 63 0 0 0 0 0 0 0 0 33 0 25 0 0
0 0 20 0 0 0 8 0 0 0 0 0 43 0 0 79 0 0 0 0
0 0 0 0 0 27 92 82 23 32 0 0 0 0 0 0 0 0 0 6
0 0 0 0 0 0 0 93 0 0 0 0 0 0 0 0 0 22 66 0
0 0 0 77 0 55 60 0 92 0 0 0 0 0 33 0 93 90 0 0
0 0 0 0 0 0 0 0 94 0 0 0 58 27 59 45 79 28 55 60
0 0 80 0 0 0 62 0 88 0 53 70 0 20 0 0 51 32 0 0
0 72 0 0 0 0 84 0 39 0 15 0 94 69 0 15 1 0 0 0
0 0 0 0 0 0 28 0 0 0 0 75 92 0 15 0 0 0 0 90
67 0 0 0 88 95 0 0 0 65 76 0 0 0 0 56 0 0 0 0
0 28 0 18 0 53 0 51 93 87 56 0 25 0 0 7 85 60 0 0
0 0 0 78 82 0 58 11 0 0 0 0 8 79 0 0 9 0 0 0
57 89 0 59 0 0 0 56 0 0 97 0 96 0 0 70 0 0 0 0
0 0 84 0 95 0 51 36 0 41 0 0 0 0 74 0 0 19 0 0
0 0 0 0 0 0 15 17 0 0 0 0 0 0 0 0 32 72 0 43
0 14 0 88 0 49 61 0 0 9 40 46 62 0 0 0 64 61 0 67
