0 11 0 30 0 0 74 0 46 0 0 0 14 0 0 0 71 0 0 0
0 0 0 28 0 0 34 0 0 0 0 0 0 0 0 0 0 2 0 0
0 0 0 0 0 0 0 0 0 0 35 0 0 0 0 0 0 0 52 0
0 0 0 0 28 41 39 0 0 10 0 0 0 0 0 0 0 0 39 22
0 0 0 0 0 0 84 0 0 0 0 58 0 0 0 44 0 45 0 0
18 0 0 0 0 0 0 0 0 0 0 61 0 0 0 0 0 0 0 0
0 6 0 0 0 0 0 0 0 0 0 0 0 0 0 24 0 0 9 0
0 0 0 0 0 0 0 24 0 0 0 0 0 0 0 0 79 0 0 0
0 0 0 0 0 0 54 0 0 0 20 0 0 3 0 0 0 42 0 0
0 0 0 0 0 0 0 0 0 0 0 0 21 0 0 0 0 0 0 51
0 0 0 0 0 0 0 68 20 0 0 0 0 0 0 82 0 83 98 0
23 0 61 0 0 0 6 0 0 0 0 0 0 0 0 0 72 0 0 0
0 0 0 0 0 0 10 0 0 0 0 0 0 0 0 0 54 71 96 67
0 0 0 0 0 0 0 0 0 35 0 0 65 0 0 0 98 79 0 0
0 0 62 0 95 0 0 0 4 0 0 0 0 0 0 0 12 0 0 0
0 0 44 0 0 0 47 0 83 0 0 0 35 0 0 0 0 0 0 0
0 0 59 0 0 0 0 96 0 0 0 0 39 26 0 0 0 0 0 0
0 0 0 0 0 55 85 0 0 0 21 0 61 0 0 44 65 0 0 0
0 91 0 0 75 0 44 17 0 0 0 0 0 0 7 0 75 0 0 0
59 13 0 72 0 0 0 0 0 0 0 0 0 0 0 0 0 0 0 0
