0 0 0 6 0 97 0 0 0 0 0 0 0 0 0 49 0 0 0 0
94 0 0 0 0 0 0 0 0 0 0 64 85 95 0 0 0 0 0 96
95 89 0 67 0 0 0 0 54 0 0 0 90 0 53 0 0 79 11 31
0 62 0 38 0 73 0 0 0 0 0 93 84 0 79 0 0 0 85 0
0 0 0 9 0 89 0 0 0 61 0 0 92 0 79 0 0 0 0 0
0 0 23 0 0 0 27 2 0 13 0 0 0 0 89 0 0 0 0 0
0 0 50 45 33 77 73 0 0 0 0 49 14 0 0 70 0 72 47 39
0 0 0 0 0 0 0 0 75 22 0 30 63 21 0 0 0 0 0 0
0 0 0 44 52 0 85 0 0 66 0 0 0 0 83 0 0 0 16 0
0 6 0 0 2 9 94 0 0 0 0 18 0 16 0 0 0 0 0 0
32 0 0 0 3 48 0 0 0 0 0 0 6 0 0 0 0 0 53 0
0 96 0 0 0 0 0 94 28 39 73 14 0 0 0 0 0 0 1 0
39 0 18 0 0 0 0 38 0 0 95 42 0 42 58 41 0 0 0 0
0 0 0 0 84 0 0 0 0 0 95 0 0 0 0 0 0 15 0 0
0 0 0 0 96 0 0 42 0 81 20 0 28 0 0 0 0 0 0 0
0 0 86 0 22 47 84 0 0 0 10 0 0 1 0 62 0 75 11 4
54 27 0 49 0 30 8 70 0 0 0 73 0 0 0 0 40 11 55 0
0 49 0 0 0 0 0 16 31 0 0 0 69 0 13 0 0 96 82 0
72 0 0 43 0 97 0 61 0 0 8 0 10 45 0 0 0 90 70 0
26 0 60 18 0 0 0 0 83 0 66 0 41 68 0 0 0 0 0 50
