0 0 0 0 0 0 0 0 0 0 0 0 47 0 0 0 43 0 0 0 0 0 0 0 0 0 0 0 0 0 0 74 0 0 69 0 0 0 0 0 0 0 50 0 57 0 31 0 29 0
13 0 0 83 38 17 0 0 41 0 0 0 0 0 0 0 0 30 98 85 0 0 0 0 0 0 60 0 0 0 0 0 29 0 0 89 26 78 0 0 0 0 48 0 0 0 94 0 0 12
0 0 0 68 0 0 0 0 0 0 0 0 0 0 0 0 0 0 0 0 0 0 14 0 0 0 0 0 0 0 0 49 0 0 0 0 0 0 0 0 0 0 0 86 0 0 0 48 25 0
0 0 0 0 0 0 0 0 65 0 0 0 44 67 0 19 77 0 0 0 36 0 0 0 0 95 0 0 0 0 0 0 0 87 0 83 0 25 0 66 0 0 0 0 0 30 0 0 83 0
0 0 12 0 55 0 98 0 0 0 0 0 0 99 0 0 0 0 0 0 58 0 0 8 0 0 0 56 0 0 0 0 0 0 0 0 0 0 57 20 0 0 0 0 0 68 68 45 0 0
28 0 0 85 0 0 0 0 0 0 0 13 0 0 0 0 0 0 0 17 0 78 27 0 0 0 0 0 0 77 0 0 71 0 0 0 0 0 0 0 0 71 0 0 29 13 0 0 0 0
0 0 0 0 0 18 0 0 0 0 60 0 0 0 0 54 48 0 0 0 3 72 39 51 0 0 0 0 0 71 0 0 0 4 45 0 33 71 0 15 0 0 0 21 0 0 51 27 0 0
0 0 0 0 0 24 0 0 0 0 0 22 0 0 0 0 0 29 0 55 0 72 0 5 0 0 0 0 0 68 0 0 0 62 0 29 4 0 0 0 0 0 44 23 22 0 0 83 0 0
27 36 0 0 0 0 0 0 53 0 0 0 11 0 0 0 0 0 0 0 0 0 0 0 0 0 0 0 0 22 35 0 0 0 0 0 0 0 72 0 55 0 0 88 0 0 0 0 0 0
79 0 37 55 70 6 0 64 0 47 0 43 0 82 0 70 0 31 75 13 0 34 53 0 0 0 0 0 0 0 0 0 0 0 0 0 0 0 0 0 35 46 0 0 0 0 89 0 0 0
