0 0 0 77 85 26 82 0 0 0 0 0 0 36 0 0 25 23 0 80 33 0 91 0 52 0 4 0 32 0 13 80 41 0 0 0 0 45 20 0 0 67 6 6 99 55 4 80 0 56
0 86 0 10 0 0 0 0 0 0 31 0 37 51 70 75 39 0 0 0 22 0 0 50 0 0 0 43 0 0 0 0 0 0 75 93 0 21 0 0 0 21 0 31 0 0 0 0 0 0
0 0 14 0 98 0 6 0 0 0 58 0 95 0 70 0 0 0 0 28 35 0 0 0 0 0 0 0 0 0 0 0 41 0 0 0 0 0 0 0 76 0 18 0 0 0 0 0 0 0
0 0 63 0 0 0 49 79 0 0 0 91 9 0 0 58 29 0 0 0 0 0 0 0 81 0 0 0 16 0 78 0 0 0 90 0 0 13 18 0 0 70 0 0 65 9 17 0 0 0
99 22 0 0 0 0 0 57 0 0 0 0 0 0 0 0 76 0 0 0 0 0 0 0 0 0 78 0 0 0 0 0 5 0 0 0 0 0 42 24 93 31 86 0 0 0 0 95 0 0
0 46 0 0 0 0 0 0 0 0 0 0 0 0 0 0 55 92 0 0 51 0 0 11 0 92 25 0 0 0 0 62 0 0 0 0 0 0 0 0 0 0 0 0 0 0 0 0 20 73
0 0 53 93 0 0 19 0 0 0 0 7 47 0 0 95 0 27 0 0 0 0 0 0 4 55 0 0 0 0 58 68 0 37 0 0 0 0 0 52 27 0 0 72 14 39 0 40 71 0
0 0 35 0 0 0 75 0 6 0 90 0 0 0 0 0 97 0 0 0 0 0 59 0 0 0 0 17 41 0 0 0 12 0 0 0 0 36 21 70 68 0 0 0 14 0 26 23 0 0
0 34 0 41 46 64 0 0 0 17 0 83 0 0 54 87 0 0 0 0 19 0 0 0 0 0 0 0 0 40 30 0 0 57 0 0 0 2 0 0 0 0 0 55 0 13 0 13 0 90
0 37 0 0 0 0 0 0 0 28 0 0 4 54 0 0 0 71 0 0 0 0 52 0 46 0 75 0 0 85 0 0 62 27 31 89 87 17 0 0 0 0 0 0 0 0 57 0 0 91
25 0 68 71 0 0 75 0 0 0 0 59 0 0 0 0 0 0 66 18 0 0 0 0 0 98 22 36 0 0 0 0 0 74 0 0 61 0 0 61 80 0 0 0 54 0 32 0 85 0
20 84 0 0 29 0 0 46 0 1 0 15 49 0 0 0 0 4 0 0 21 0 0 0 70 0 0 0 84 0 45 0 0 0 0 0 0 0 0 84 0 45 26 0 0 0 0 57 0 0
0 54 0 7 0 0 0 0 0 0 0 0 81 0 0 0 0 0 0 37 77 0 91 0 0 71 0 83 0 0 0 28 0 0 0 0 0 0 0 0 0 0 21 0 0 0 93 0 0 95
55 0 0 0 29 0 0 97 0 51 16 91 0 0 0 67 0 0 0 0 0 0 0 0 0 0 0 25 24 51 65 0 0 0 0 59 53 64 0 0 0 93 0 0 0 0 0 0 0 69
0 0 0 0 0 0 0 96 29 0 0 14 0 32 0 0 2 0 0 0 0 77 93 54 0 0 0 47 0 0 0 0 0 55 0 0 0 0 0 0 0 0 0 24 0 0 0 89 8 0
61 0 0 0 0 0 0 0 0 66 0 0 50 61 0 84 0 0 0 0 0 26 0 29 94 0 0 0 0 0 79 0 0 0 0 0 0 0 0 0 0 0 0 96 56 0 22 79 0 32
0 0 0 0 0 0 10 89 98 84 0 0 71 89 85 0 0 0 0 0 0 0 0 0 0 0 63 0 0 0 0 0 26 0 0 0 0 0 0 0 0 0 55 0 28 31 17 0 43 0
0 0 10 0 80 60 0 83 0 14 0 0 0 18 0 0 0 6 0 0 0 8 45 0 0 0 61 0 0 24 59 0 73 0 0 0 0 0 92 0 0 46 53 0 0 0 0 0 0 0
54 39 20 49 0 0 0 0 54 0 0 0 40 77 32 22 0 0 0 0 0 0 0 0 0 0 97 0 0 21 0 45 0 0 0 0 0 0 0 0 20 0 87 0 78 0 46 0 0 28
0 61 0 0 0 50 0 0 95 0 92 50 0 0 0 0 74 0 29 0 99 0 26 0 0 0 79 79 54 22 88 0 0 0 0 0 0 59 0 0 0 0 19 44 26 0 0 95 0 0
15 19 4 7 0 11 0 0 70 0 0 0 0 0 0 90 0 0 0 0 43 45 0 0 0 0 0 22 0 0 0 0 16 0 0 0 0 0 0 36 95 0 0 0 7 0 0 68 0 49
0 0 0 0 56 0 0 0 0 0 0 0 42 0 38 0 0 59 0 25 24 40 17 0 0 0 68 0 0 23 0 0 0 0 0 0 0 0 66 38 0 0 0 12 0 0 0 11 69 0
0 59 0 0 67 0 0 0 0 0 0 0 24 0 0 28 0 0 0 65 0 90 0 55 0 47 0 0 0 31 0 0 0 0 26 0 0 0 0 62 0 0 0 21 0 57 0 83 0 0
41 0 0 0 0 0 0 0 0 90 0 0 0 0 0 0 0 0 59 0 0 0 25 79 0 24 20 7 0 0 0 34 0 47 27 0 0 0 0 0 87 13 0 63 0 90 81 0 0 0
0 0 0 36 0 0 0 0 0 0 0 0 0 0 0 1 0 65 93 85 0 0 0 0 0 0 0 0 0 0 57 61 0 0 0 33 0 0 0 0 0 0 0 50 0 19 0 0 0 18
0 0 56 0 0 0 0 0 20 0 0 53 0 64 0 0 0 0 0 0 0 0 0 99 61 0 86 0 0 0 81 0 47 26 0 0 38 53 0 0 43 63 29 0 87 0 0 82 71 0
0 32 0 88 0 0 0 84 0 0 0 0 9 0 0 0 0 0 0 60 27 0 0 6 62 0 0 0 0 0 0 58 0 0 0 0 0 0 0 68 0 67 0 0 25 0 0 71 18 0
38 39 0 61 3 0 0 0 0 0 33 0 50 0 74 0 0 91 86 0 13 0 0 0 0 0 36 0 0 15 0 0 14 0 0 23 57 87 41 0 92 81 0 0 0 0 0 0 0 0
53 99 0 0 87 98 41 0 0 0 12 0 0 36 0 0 0 85 0 0 0 97 0 76 0 0 0 0 0 0 26 44 0 0 81 0 32 70 0 0 0 0 0 55 0 0 43 54 0 0
0 0 0 0 0 97 60 0 0 0 0 0 0 0 50 40 13 71 26 35 0 0 0 0 11 0 40 0 73 0 0 0 0 26 0 0 39 51 10 2 87 0 0 0 0 0 0 0 68 0
0 0 9 79 2 0 80 53 0 0 63 69 0 0 27 0 87 70 0 0 42 0 0 0 83 0 10 71 57 0 0 0 0 0 0 9 60 0 0 47 0 0 0 0 0 0 29 0 0 0
0 27 0 0 33 0 93 0 0 0 0 0 0 15 0 67 97 22 0 0 0 0 0 0 0 95 0 12 0 0 0 0 93 0 0 0 57 0 67 44 72 0 63 0 0 0 0 78 0 0
64 0 0 0 0 86 62 0 0 0 37 0 30 0 0 0 0 0 11 0 91 0 0 0 0 0 0 0 0 0 0 10 7 0 0 64 0 91 30 0 98 0 0 0 0 0 82 25 68 64
0 5 0 42 0 0 0 72 18 41 0 0 0 0 15 0 0 0 0 77 0 0 79 7 64 0 0 61 0 0 63 2 0 90 0 0 55 0 54 0 84 0 18 0 0 0 0 10 70 11
27 0 0 0 0 0 68 72 76 0 33 30 0 0 14 0 0 0 0 0 0 71 0 43 0 0 60 1 20 0 0 0 0 31 35 0 0 76 0 0 0 0 0 41 0 10 0 67 0 0
64 31 17 0 7 0 0 0 0 12 0 40 36 0 0 15 0 41 0 42 0 0 0 0 0 0 0 0 0 0 0 0 0 0 0 0 70 0 0 0 0 0 0 0 0 0 0 0 0 0
0 40 0 66 0 0 0 0 80 0 0 0 0 0 42 0 0 0 44 0 0 0 0 0 60 94 0 6 0 96 0 19 21 0 78 0 0 0 0 0 0 0 9 0 86 62 0 0 0 0
0 0 0 0 0 75 0 18 13 0 77 14 0 22 0 0 67 0 0 0 75 85 0 0 31 0 0 0 0 0 0 0 14 0 37 0 25 0 0 0 69 99 0 0 22 0 0 0 36 91
0 0 0 68 0 26 73 0 84 0 0 0 0 0 0 0 0 0 0 0 0 17 0 0 73 0 0 0 65 31 0 0 60 0 0 22 49 0 80 71 12 0 0 0 0 9 5 79 0 0
0 1 0 73 56 0 0 0 0 39 0 0 1 0 7 0 0 0 33 60 4 59 0 0 50 95 0 0 75 53 0 0 0 0 0 0 0 49 94 11 4 50 0 39 0 0 77 0 47 0
66 0 0 0 0 75 0 0 40 0 3 0 0 56 0 11 0 51 0 0 0 87 0 82 0 97 31 0 69 0 0 0 0 74 0 0 3 0 25 0 95 0 66 0 20 0 19 0 0 0
44 66 0 0 0 69 0 81 0 48 0 0 0 0 7 11 0 0 73 30 73 79 0 0 0 61 0 0 69 0 40 23 0 0 75 30 12 31 0 55 0 40 0 0 53 0 63 0 89 0
0 0 0 89 0 0 0 0 0 0 35 65 0 0 0 12 63 0 1 0 0 0 41 26 0 0 0 0 44 40 0 0 0 0 0 95 0 0 0 0 0 0 0 37 2 74 0 0 73 83
79 0 0 5 0 0 0 0 32 82 74 0 0 89 0 0 47 49 0 36 0 0 0 43 11 0 0 0 71 0 0 0 0 0 0 0 0 63 0 0 0 39 37 0 25 0 44 86 61 0
0 0 0 0 0 0 46 0 11 0 33 0 0 0 71 0 94 0 0 55 0 33 0 73 0 0 0 0 0 0 16 20 88 0 0 45 0 0 27 0 0 0 0 93 98 0 0 0 43 0
70 13 0 99 38 0 0 56 0 0 0 0 95 34 0 15 0 0 0 80 0 0 0 0 87 97 0 0 0 73 0 46 0 76 0 0 0 0 0 0 0 0 1 0 0 0 66 0 0 0
0 64 0 0 52 0 23 0 0 0 0 0 0 0 0 65 0 2 38 0 0 0 0 64 11 0 0 0 0 0 0 81 0 0 24 6 0 0 0 75 0 42 0 0 0 0 86 0 0 64
0 0 0 0 0 0 0 0 0 98 0 0 0 0 0 9 0 0 75 92 63 0 45 0 0 9 0 0 75 6 0 0 0 0 0 0 30 0 0 28 0 0 53 0 74 0 42 20 0 0
63 15 0 11 0 0 0 0 0 75 0 77 0 0 0 0 27 0 0 0 0 42 41 0 0 0 23 0 0 0 81 85 0 0 0 0 0 0 59 0 0 0 0 77 58 0 62 48 72 0
53 0 0 0 0 98 41 3 32 0 54 38 0 0 0 23 0 0 97 23 34 0 92 6 0 0 0 69 0 0 64 0 0 0 0 0 0 12 0 0 0 0 0 0 0 55 99 0 33 42
