0 38 51 0 16 0 0 0 0 93
0 35 0 0 0 0 0 0 20 0
38 58 0 0 0 0 0 0 0 0
0 0 17 0 0 0 0 0 0 74
0 0 0 0 80 0 0 0 0 0
0 0 0 0 0 0 0 0 0 0
70 0 0 0 0 0 0 0 0 0
0 0 3 0 81 23 0 0 0 0
0 0 52 56 0 0 53 0 70 0
8 0 0 0 0 0 0 0 68 0
36 65 0 0 0 0 0 0 0 0
0 55 70 0 0 0 0 0 0 0
0 0 0 86 0 48 0 0 0 64
0 0 0 0 25 0 0 0 0 0
0 0 0 0 0 77 0 4 0 0
46 49 0 0 0 0 62 0 0 0
0 0 0 0 0 2 0 0 0 0
0 0 3 0 0 17 0 0 19 13
72 0 0 86 0 0 0 0 0 0
0 0 0 0 0 0 0 0 0 0
0 0 0 0 0 17 0 0 0 0
0 0 0 51 0 0 0 60 17 0
0 0 0 0 0 0 0 49 0 0
0 29 0 0 29 0 74 22 0 0
24 0 0 0 0 0 0 0 0 97
0 0 0 0 0 18 0 0 0 0
12 0 0 0 67 0 0 0 0 0
0 0 38 0 0 0 0 0 69 72
0 0 0 0 0 34 0 0 0 0
21 0 80 0 0 0 0 0 44 0
0 0 0 0 0 0 0 72 43 0
0 0 0 0 0 0 0 81 53 64
0 0 0 64 0 0 0 0 0 0
0 32 46 0 0 0 0 0 31 0
68 0 0 0 0 0 0 0 0 0
0 16 0 0 0 0 0 0 0 85
0 0 0 0 0 0 77 0 0 0
0 59 0 0 0 0 0 0 0 0
42 0 0 0 0 0 0 0 0 0
0 0 0 0 0 60 0 54 0 0
