0 0 0 0 0 0 44 0 0 0 0 5 0 0 0 0 0 0 0 0 0 0 0 0 0 81 0 0 0 0
0 0 0 80 77 0 0 0 0 0 0 0 11 0 0 0 0 0 0 0 0 0 0 0 0 0 0 0 52 0
44 29 0 0 0 0 0 0 0 0 0 0 0 0 0 0 0 0 27 0 85 0 0 0 0 0 0 0 0 0
0 0 1 0 0 0 0 0 51 0 0 58 19 0 0 0 54 0 0 0 80 0 0 0 0 24 0 72 0 0
0 6 0 0 0 0 0 99 46 0 0 0 0 19 0 0 0 4 0 0 0 0 0 0 0 31 0 0 0 0
0 0 0 0 0 0 0 0 36 0 0 0 0 32 0 10 0 0 38 74 0 0 0 0 0 0 0 0 0 0
0 0 29 0 0 0 5 0 0 0 0 0 0 0 0 0 25 0 0 72 0 0 28 0 9 0 93 0 0 32
0 10 0 0 24 0 0 61 15 0 0 0 0 0 0 0 93 0 0 0 0 0 0 0 0 0 0 0 0 0
0 0 0 0 29 0 0 92 0 0 0 0 0 0 95 0 0 9 65 0 0 0 0 61 0 8 0 69 0 0
70 0 0 0 0 0 0 0 0 0 0 0 80 73 0 65 0 0 0 0 0 9 21 0 0 0 0 0 0 0
0 0 0 0 0 0 0 0 0 0 0 0 0 0 0 0 0 0 0 0 0 23 0 0 0 0 0 57 0 0
0 0 0 0 8 0 85 0 0 0 11 0 0 0 67 0 0 58 19 0 4 71 81 11 0 0 0 0 0 0
0 48 0 0 0 0 0 0 0 0 35 98 87 0 66 0 58 0 0 0 0 0 0 0 0 36 0 0 0 75
0 0 55 25 0 0 0 0 0 0 0 46 0 0 26 0 0 0 0 0 0 0 0 0 0 0 0 0 0 83
0 0 0 0 0 24 0 27 0 0 0 0 0 0 0 0 0 0 0 0 0 79 7 0 99 0 0 0 29 0
0 0 0 0 0 73 0 16 0 0 0 0 0 0 0 0 0 16 0 0 0 0 0 0 0 0 0 98 88 73
0 0 92 91 0 0 0 0 0 0 0 0 0 0 0 0 0 0 0 0 0 83 0 0 0 0 0 28 97 78
0 0 0 20 0 0 13 30 0 0 0 0 0 0 0 0 0 0 0 0 0 0 51 0 0 0 0 38 0 0
0 0 0 0 0 0 0 0 0 0 0 0 0 0 0 0 0 70 0 0 0 0 0 0 0 0 0 0 0 66
57 0 0 0 32 0 56 0 0 46 0 0 0 0 0 0 0 0 0 0 0 0 0 0 0 0 0 0 0 0
0 89 0 0 0 0 0 0 0 0 0 0 30 84 0 0 0 0 0 49 0 91 86 0 0 0 0 0 0 0
0 0 54 91 85 0 0 69 0 8 0 0 80 0 0 0 0 35 0 0 0 94 0 0 0 0 39 62 0 0
54 0 0 0 0 0 29 0 0 0 53 0 91 0 0 0 49 0 0 0 55 0 98 0 0 0 0 0 0 0
0 0 70 0 0 92 0 30 0 0 0 0 17 53 0 39 62 0 0 0 0 50 0 0 67 54 0 49 0 0
0 0 0 0 0 0 0 0 0 51 0 65 0 0 0 0 0 0 0 0 0 0 0 0 0 0 0 11 0 0
0 0 0 0 0 0 0 22 0 0 25 0 0 0 0 0 0 0 93 0 0 0 0 0 0 0 32 0 0 0
0 0 0 0 0 0 0 0 0 0 30 0 90 0 0 0 0 0 7 0 12 0 0 0 0 0 0 0 0 78
0 0 9 2 45 85 0 17 69 0 0 0 0 0 0 82 0 0 0 0 0 0 0 0 21 99 0 65 32 0
0 0 0 0 0 0 0 0 0 0 0 0 0 86 0 0 67 0 0 0 0 0 0 0 0 0 0 0 0 0
0 0 0 0 0 68 0 69 0 0 0 0 0 0 0 0 0 0 36 0 0 0 0 0 0 45 0 99 0 0
0 0 0 0 0 0 98 0 0 0 0 0 15 0 85 0 0 36 0 93 85 0 0 0 0 77 92 2 26 0
0 97 41 0 0 0 0 0 67 0 0 61 0 0 0 0 0 98 0 0 0 0 0 83 0 19 0 0 0 0
0 0 0 0 0 0 20 87 0 0 0 74 0 0 39 0 0 0 0 3 0 0 0 0 0 34 0 0 0 0
0 0 0 0 0 43 66 0 0 0 0 0 0 0 0 0 0 36 1 0 7 0 0 0 0 0 0 87 0 28
0 0 0 0 0 0 0 0 0 0 0 0 53 0 0 0 0 78 0 86 0 10 32 0 0 79 0 0 0 0
0 0 0 63 0 0 0 0 59 35 0 0 0 0 0 0 0 0 0 42 0 0 0 0 0 0 0 0 0 0
0 0 0 40 49 0 15 0 0 0 23 0 0 0 0 0 0 68 0 0 0 0 0 0 0 0 8 79 37 0
0 0 0 0 0 0 0 10 0 0 0 0 0 0 0 0 36 84 0 0 0 0 11 0 0 0 0 0 0 0
0 0 0 0 0 0 0 73 12 0 0 0 0 0 0 0 0 0 0 0 0 0 0 11 0 0 0 0 0 0
0 0 0 0 0 0 0 0 0 0 3 0 0 0 47 0 0 0 90 0 0 0 66 73 29 64 0 0 0 83
