0 0 62 0 0 0 47 0 0 0 0 0 0 0 0 0 0 0 0 0
0 0 0 0 38 0 0 0 0 97 0 0 0 0 0 0 0 75 0 85
0 0 0 0 0 0 4 0 98 17 0 93 21 93 0 0 0 0 0 0
0 0 50 0 0 0 64 0 0 0 0 0 0 31 17 0 0 56 76 0
0 0 0 0 0 0 72 0 43 0 0 20 0 0 79 64 0 0 0 84
75 0 0 0 32 0 0 0 0 0 0 55 0 0 0 0 0 0 0 62
0 0 24 0 0 0 0 0 0 0 0 0 0 0 0 76 0 0 0 0
0 0 0 0 0 0 0 0 0 0 0 0 0 0 0 0 0 0 0 0
0 0 44 0 0 0 0 0 0 82 0 0 0 0 0 0 0 0 0 0
0 0 0 0 0 39 0 0 0 0 0 0 76 0 0 0 0 0 37 0
0 89 0 57 0 0 82 0 0 46 0 0 92 0 0 0 0 0 0 0
0 0 0 0 23 0 0 0 87 0 0 0 17 0 0 0 0 0 46 0
0 0 88 0 0 0 0 88 90 0 0 12 89 0 0 0 0 0 0 0
0 0 0 0 0 8 0 0 0 0 0 0 0 0 0 75 9 82 0 0
0 0 0 0 0 72 0 0 0 0 0 0 0 0 77 0 0 0 0 0
0 0 0 0 0 53 0 0 0 0 0 0 0 0 0 0 0 0 0 0
0 0 0 39 0 0 0 26 0 0 0 0 17 0 0 0 0 0 0 0
0 0 89 0 0 0 0 44 0 0 0 0 0 0 0 0 0 2 0 0
0 0 0 63 89 57 0 80 0 0 0 0 20 0 42 0 0 13 0 0
0 0 0 0 85 0 98 0 0 0 0 0 88 0 0 0 0 0 99 37
0 35 0 0 4 0 0 0 0 0 0 4 86 0 0 0 0 34 0 0
32 0 95 0 95 0 0 0 0 36 0 85 0 0 0 0 0 0 0 61
0 0 0 65 0 32 0 0 0 0 0 0 0 0 91 0 0 0 0 0
0 0 54 0 70 0 0 0 0 0 0 0 30 0 0 0 0 3 85 0
0 0 0 0 21 0 15 83 0 23 22 0 0 0 0 0 0 0 0 64
0 0 0 0 0 83 0 0 0 0 0 0 34 71 0 0 0 94 0 0
0 0 0 0 0 0 0 0 0 0 0 0 0 0 0 0 0 83 0 0
0 0 0 0 20 0 0 0 0 0 19 0 75 0 0 0 0 58 0 97
0 29 0 0 0 0 0 51 0 71 54 0 0 28 0 0 26 0 62 0
0 0 0 0 0 46 0 0 29 0 0 15 0 0 0 0 0 0 0 0
