0 0 0 31 13 0 0 95 90 64 0 0 0 0 0 65 0 0 0 0
50 0 20 91 0 8 0 0 0 0 0 0 0 0 0 0 39 0 95 0
0 0 0 0 0 1 0 38 0 83 60 0 0 0 0 44 6 0 0 0
25 65 0 0 0 0 0 89 63 75 56 64 37 0 0 0 0 91 10 46
0 17 60 0 0 0 11 0 39 0 0 49 0 4 0 79 95 0 0 4
11 0 0 79 71 0 0 0 0 0 82 0 67 0 18 0 0 0 0 0
0 0 91 0 0 55 86 0 0 89 81 0 0 0 92 0 0 42 0 0
0 0 0 0 0 17 0 0 10 0 0 0 38 0 0 18 0 24 0 0
0 0 89 0 91 23 0 0 0 0 0 0 86 45 66 0 98 0 0 97
56 89 0 96 61 0 0 0 0 28 0 0 47 0 0 0 72 0 0 95
0 12 0 0 0 44 0 79 0 0 0 72 0 0 0 0 0 0 0 0
39 88 0 0 0 0 0 0 27 0 81 0 0 0 0 0 0 0 0 84
0 0 0 0 0 0 84 0 0 58 0 18 0 0 0 63 0 0 0 0
61 34 0 0 74 9 61 0 0 0 0 0 0 0 0 5 0 76 81 61
26 0 0 0 0 0 0 0 46 8 11 0 0 67 0 80 0 93 0 75
0 95 0 22 0 0 0 57 0 0 0 0 0 0 25 0 0 9 22 0
0 69 60 0 0 0 61 0 0 0 0 23 0 0 0 0 0 9 39 80
0 0 0 0 0 0 0 87 0 0 0 0 0 70 0 0 0 0 76 0
0 39 0 97 61 0 55 0 0 78 0 43 0 0 57 0 0 8 0 63
0 94 0 55 0 0 0 0 34 35 0 0 0 0 0 16 0 34 0 0
