0 0 95 70 0 0 0 0 0 0 18 0 0 0 0 0 0 66 0 0 0 0 0 0 0 0 24 0 0 0 0 0 80 83 0 68 0 0 77 70
0 0 0 5 0 0 59 0 0 0 0 93 0 0 0 94 0 0 0 4 0 80 0 4 0 0 0 0 0 28 23 0 0 0 0 0 0 0 0 0
0 24 76 0 0 0 0 49 0 0 0 0 0 0 0 0 0 0 0 0 0 40 0 58 0 0 0 78 0 21 0 0 0 0 0 0 59 0 0 28
0 0 0 54 0 80 43 0 0 52 0 0 47 0 0 0 0 0 5 0 0 0 0 40 0 0 0 0 0 0 29 0 0 0 0 0 0 0 0 0
0 0 0 0 53 0 53 0 0 0 0 0 0 0 0 0 0 0 0 0 47 0 0 0 0 0 0 0 0 0 0 0 0 45 0 0 0 0 0 0
0 0 0 0 0 0 0 0 0 0 0 46 0 0 27 0 0 0 0 0 29 0 57 0 0 0 6 0 43 55 0 0 0 82 0 0 0 0 0 0
0 0 0 0 0 0 0 0 26 0 0 0 0 0 0 0 8 0 0 0 0 0 0 0 0 0 0 0 36 0 0 0 0 0 0 0 0 14 0 7
0 0 0 0 0 0 0 60 55 0 0 0 0 0 0 7 0 0 0 0 0 0 0 0 89 0 0 0 0 0 0 0 0 0 0 0 44 0 0 0
33 46 0 0 0 0 0 0 0 0 0 0 0 56 16 0 11 0 0 0 0 0 25 0 0 0 0 0 6 0 0 0 86 0 0 0 0 0 32 0
0 0 0 63 0 0 34 0 0 0 92 0 81 0 0 95 0 78 14 0 35 0 0 0 0 0 0 0 0 0 0 0 78 0 0 1 0 0 0 0
0 0 0 0 0 85 0 0 0 0 0 82 0 0 59 0 0 0 0 0 0 0 0 0 0 0 0 0 0 0 0 0 30 0 0 0 3 0 0 50
0 80 0 0 99 0 0 0 0 0 0 0 0 0 0 53 0 0 57 0 0 15 0 0 0 91 95 0 0 0 0 0 0 0 0 0 65 86 0 0
0 0 91 85 14 0 32 0 0 0 0 0 34 0 0 28 0 0 0 0 17 0 0 0 0 0 0 0 0 30 97 0 0 24 0 0 0 0 83 0
0 0 36 0 0 0 0 0 0 0 0 0 29 0 0 0 0 0 0 0 23 0 0 0 0 78 0 0 0 0 0 0 0 0 53 0 85 0 0 0
0 0 0 0 0 0 21 0 0 0 0 0 0 0 0 0 0 0 86 0 0 78 0 0 0 0 0 0 82 0 0 0 0 0 0 0 0 0 0 0
0 0 0 0 0 0 22 15 0 99 0 0 0 0 0 0 0 0 75 87 0 20 0 0 0 0 0 0 59 45 0 72 0 0 0 0 0 0 0 81
0 0 0 0 0 83 79 0 0 0 0 0 0 62 0 6 0 0 74 0 0 0 0 0 0 0 0 0 0 0 0 0 0 0 0 0 0 0 78 0
0 0 0 0 0 0 88 73 0 0 0 0 0 0 0 0 0 23 0 50 0 11 0 0 0 0 0 0 0 0 0 0 59 0 0 52 0 0 0 0
0 0 0 0 0 0 0 14 22 31 0 0 0 0 0 0 0 0 87 0 0 7 0 0 27 50 0 0 43 0 0 0 0 0 0 0 0 0 0 0
0 0 0 0 0 0 0 0 13 0 0 45 0 0 67 0 7 0 0 0 0 0 0 0 0 0 0 0 5 80 0 0 0 0 0 0 0 0 0 0
0 33 0 25 0 0 0 0 0 36 0 0 0 0 0 0 0 55 0 0 0 95 0 0 0 0 0 91 0 1 0 58 42 0 0 0 42 0 0 0
73 0 0 60 0 0 0 0 0 0 0 0 0 0 0 0 76 5 86 0 21 0 57 63 24 62 0 27 0 0 0 0 0 44 0 0 0 0 0 0
83 0 0 0 0 53 0 0 56 0 0 0 0 0 0 51 0 0 0 0 0 0 0 0 0 0 31 0 12 45 0 70 0 0 0 0 0 0 0 0
0 0 76 9 0 0 0 0 0 0 0 0 46 0 0 0 7 0 0 0 0 0 0 6 0 0 0 0 0 0 0 0 0 0 0 0 0 0 0 0
0 0 0 0 0 0 0 0 0 0 17 0 0 0 0 0 0 0 0 0 0 0 0 0 0 0 0 20 0 0 0 0 0 0 0 0 0 0 0 18
0 0 0 0 0 0 0 0 0 0 33 0 56 0 0 0 10 89 95 0 0 0 25 0 0 0 42 0 52 0 0 0 0 0 0 0 0 0 0 0
59 0 0 0 0 74 0 0 0 0 0 0 0 0 36 0 0 0 13 0 0 0 0 0 0 0 0 0 0 0 0 0 0 0 0 71 38 0 0 0
0 0 0 0 0 0 0 0 0 0 0 0 0 4 0 0 0 9 0 62 0 50 0 62 0 0 0 0 0 0 48 0 0 0 0 48 0 64 0 0
73 0 0 17 78 47 0 0 0 0 39 0 92 0 0 0 0 0 0 41 47 0 0 0 0 0 0 41 0 0 29 0 6 0 0 0 0 0 0 0
0 0 45 0 0 0 0 0 0 14 0 26 61 0 0 54 0 0 0 0 99 30 0 0 0 0 0 0 0 0 0 0 0 0 0 0 0 0 31 0
0 0 0 0 0 0 82 0 0 0 0 18 0 0 0 0 12 0 0 0 0 0 0 0 0 0 0 87 0 0 0 0 0 0 0 0 0 0 0 0
0 0 38 0 0 0 0 0 0 22 66 0 0 0 6 0 0 0 32 0 0 0 74 0 0 0 0 0 0 0 0 0 91 39 0 0 8 0 24 0
27 0 12 0 0 0 0 0 0 0 7 0 0 0 0 0 0 0 0 0 72 0 0 0 0 0 0 0 0 0 0 0 0 99 0 28 0 0 0 60
0 20 0 0 0 0 0 0 0 0 0 0 0 0 0 0 81 0 0 27 0 0 0 0 0 0 0 0 0 0 0 0 21 0 0 0 0 0 0 0
0 22 0 0 0 0 0 0 0 35 0 64 0 0 38 0 78 0 0 0 0 0 0 0 0 56 0 0 0 26 0 10 0 90 0 0 0 0 0 30
0 0 0 0 81 0 0 0 67 0 0 0 0 0 0 0 0 38 0 90 63 0 0 0 0 0 0 39 0 47 0 0 0 0 0 0 0 51 0 0
0 0 0 0 0 0 72 0 0 69 0 0 0 24 80 77 0 0 0 32 53 22 0 0 0 0 0 0 0 57 0 0 0 0 0 15 0 0 17 22
0 0 0 0 0 0 0 0 97 0 0 84 0 0 0 0 12 0 0 0 0 0 0 0 0 0 0 96 0 0 77 1 0 0 0 0 0 0 0 0
0 0 0 0 0 0 12 0 0 0 0 0 0 0 52 0 0 0 0 0 0 55 0 24 0 0 0 0 66 0 0 14 84 13 0 0 72 0 0 0
0 65 0 0 0 0 69 0 91 0 0 40 0 0 0 0 73 0 0 73 51 0 24 0 0 0 0 61 0 0 0 0 0 0 0 0 51 0 0 0
0 0 0 24 0 0 0 0 0 0 0 0 0 0 62 69 0 33 0 0 1 0 0 0 1 14 0 0 0 0 0 0 0 0 0 0 0 0 98 37
0 0 0 0 0 0 0 18 50 0 0 0 0 0 84 0 11 0 56 72 0 0 0 40 0 77 66 0 0 0 0 0 0 0 0 0 0 0 0 0
0 0 15 0 0 0 0 0 37 0 62 38 0 0 8 0 23 0 0 0 0 77 0 0 0 0 0 0 0 0 47 87 70 0 0 0 0 0 17 0
75 0 0 0 0 0 87 0 0 19 0 34 26 0 0 96 0 0 0 0 0 0 0 0 0 0 55 0 0 94 0 0 0 0 3 51 0 73 77 0
0 0 0 69 0 0 0 0 0 0 0 0 96 0 0 0 0 0 0 0 0 0 0 0 0 79 0 0 18 0 0 55 0 0 0 19 0 0 0 0
0 0 0 0 0 52 0 0 0 0 0 65 0 0 0 0 0 0 56 0 0 0 0 0 0 0 3 0 0 0 0 0 52 0 0 0 0 0 0 0
65 0 2 0 10 89 97 0 0 0 55 0 0 0 49 0 0 13 0 0 70 0 0 0 0 0 80 77 0 0 0 25 0 0 0 0 0 0 0 0
0 0 32 0 0 46 0 0 0 48 0 0 0 0 0 0 0 0 0 0 84 69 0 0 28 0 0 0 0 0 0 0 0 75 0 0 0 0 0 0
99 91 0 0 0 0 0 0 0 0 0 0 0 0 86 0 38 0 0 0 0 0 0 0 0 0 0 0 0 0 0 0 0 0 0 51 0 0 93 0
0 0 0 0 0 0 0 0 35 0 0 28 0 0 70 0 0 0 0 24 14 0 0 76 0 0 42 0 0 0 96 56 0 0 0 0 0 0 11 0
