0 0 0 0 0 95 0 0 16 0 0 0 0 0 0 0 0 0 69 0 0 0 11 0 0 0 24 51 68 93 0 0 78 0 0 0 59 0 0 85 75 0 0 0 0 0 1 0 0 0
15 0 0 0 0 54 0 0 0 50 0 0 0 0 25 0 0 0 0 0 0 50 0 83 0 0 0 99 0 0 0 0 0 0 0 56 0 0 0 0 0 82 0 0 84 0 0 0 13 19
0 0 0 29 98 9 0 0 25 0 73 0 0 0 12 0 31 0 81 0 0 0 55 0 23 0 0 0 0 0 0 0 0 0 0 0 0 91 0 0 22 0 0 0 50 0 0 97 0 73
0 0 9 85 0 26 41 0 93 0 0 0 33 0 90 75 0 0 98 0 0 99 3 0 0 37 0 0 0 0 0 0 0 8 0 0 0 0 0 0 0 0 0 0 0 0 0 0 0 0
0 0 0 0 0 0 65 0 0 47 18 7 0 38 8 0 0 0 0 0 19 0 0 86 0 0 0 26 23 2 34 0 0 0 0 0 0 0 12 0 0 0 0 13 0 0 59 87 0 69
0 74 28 65 0 0 0 0 0 0 0 88 0 0 0 82 73 10 0 0 0 0 18 0 0 0 0 0 32 0 0 0 0 0 0 62 88 23 32 0 51 75 0 0 0 0 71 0 0 0
39 0 0 22 17 0 0 0 0 0 0 6 67 2 0 19 0 0 0 0 29 0 25 77 0 0 0 74 0 30 15 94 0 0 44 0 0 88 0 0 0 85 0 0 0 0 0 0 60 77
6 86 0 0 0 79 0 0 68 20 0 0 0 53 0 0 0 0 53 0 38 0 0 0 0 0 96 0 0 0 64 11 0 0 0 0 0 0 0 0 0 0 0 0 0 0 0 78 0 37
0 0 0 0 0 17 0 0 4 0 0 0 0 0 0 0 0 0 0 0 0 3 0 0 42 0 0 70 0 0 54 0 0 0 0 0 0 0 16 0 0 0 13 21 0 60 1 45 0 6
0 0 0 0 0 72 30 0 0 5 0 83 82 0 94 11 0 0 0 32 0 68 0 0 32 0 0 48 0 0 0 56 0 16 23 0 93 0 0 0 0 0 66 71 0 92 20 0 6 0
54 0 0 40 0 0 0 0 67 0 0 0 0 0 0 42 30 59 0 0 87 69 0 91 88 33 0 0 0 0 51 37 0 0 0 20 0 0 20 0 60 0 0 0 81 0 86 35 29 75
0 13 0 0 91 0 0 61 52 52 0 0 79 0 72 0 0 4 0 86 0 10 0 0 0 0 89 3 79 0 42 10 29 0 11 75 0 75 0 95 0 0 0 0 0 0 0 0 0 33
0 0 83 0 31 42 0 0 76 43 0 83 0 0 0 35 45 0 0 0 60 0 65 0 0 0 11 52 0 68 66 0 0 27 33 0 0 0 0 22 0 0 0 0 0 0 0 32 34 0
0 91 0 82 0 0 0 4 0 94 0 0 85 0 0 0 93 0 0 0 0 0 0 26 0 0 0 0 66 0 0 0 0 0 0 0 0 44 0 60 0 0 0 0 0 0 0 71 0 2
52 0 0 0 47 5 0 0 42 0 5 29 0 0 0 0 32 0 88 0 85 26 66 0 10 1 0 0 19 0 42 0 0 0 0 0 88 0 0 0 0 0 26 22 0 89 11 0 0 66
0 0 76 63 0 0 0 0 0 0 0 0 0 0 71 72 0 0 0 50 0 21 0 4 0 0 0 0 95 74 0 28 0 64 62 33 9 0 0 66 0 47 0 0 92 57 0 82 87 0
0 0 0 69 0 0 0 0 0 0 0 0 13 98 0 80 2 0 0 0 0 0 0 0 0 0 59 0 0 23 97 1 0 92 0 0 0 0 60 0 36 0 0 99 32 30 0 0 0 0
76 21 16 0 0 72 0 0 10 0 0 85 0 0 7 0 0 94 41 72 0 0 0 91 0 0 65 0 0 0 63 0 0 0 78 0 0 0 0 17 0 11 0 84 0 70 24 0 45 0
0 53 12 28 70 0 0 26 0 39 64 0 0 0 0 0 0 0 89 0 0 0 0 0 0 0 89 0 0 48 78 0 0 0 0 0 0 0 0 0 52 0 0 65 0 0 58 0 40 37
3 72 96 0 91 0 0 60 20 98 0 0 0 0 0 13 78 0 47 0 0 0 0 0 0 0 50 0 96 0 18 0 0 0 82 0 98 99 0 0 29 0 0 0 0 85 70 14 0 2
0 0 48 87 0 54 0 52 96 0 0 60 0 42 0 26 0 0 0 75 0 75 27 91 0 0 0 41 0 0 0 0 80 39 0 62 0 0 47 0 75 0 0 77 0 27 0 0 0 12
0 51 0 0 0 0 16 0 0 0 0 0 0 0 0 0 72 55 74 0 0 39 0 0 0 0 0 0 0 0 88 70 0 0 0 62 59 0 0 0 0 0 0 78 0 0 15 30 79 13
0 0 0 0 0 79 0 65 0 0 32 0 0 0 0 0 0 0 50 0 0 0 0 39 0 0 0 0 0 58 95 0 0 0 0 0 56 0 0 41 0 18 0 0 0 0 54 0 0 0
78 0 0 0 0 0 0 0 71 0 0 45 0 10 42 85 0 0 0 0 49 0 0 0 0 0 0 0 54 0 0 0 22 0 4 0 0 59 99 98 0 0 0 0 0 0 22 0 0 14
2 0 0 0 96 0 0 8 0 56 0 0 91 27 0 0 18 24 0 0 63 0 0 32 0 0 0 0 0 17 0 0 0 0 0 40 0 0 4 0 93 39 0 7 0 0 48 0 0 0
81 0 0 0 0 0 0 60 0 0 0 0 23 21 0 15 0 0 0 1 0 0 0 0 13 0 0 0 0 0 99 79 0 0 0 0 0 0 0 0 0 0 0 0 0 0 0 0 0 0
55 96 0 0 0 0 0 62 0 0 12 0 0 0 17 0 0 43 0 0 0 0 0 0 0 0 0 29 0 0 0 60 0 0 0 28 0 87 79 0 0 0 65 20 11 68 0 0 22 56
95 77 0 0 0 15 11 0 65 0 0 0 90 0 79 0 0 0 0 0 0 37 64 94 0 78 0 36 0 0 76 0 94 0 25 0 0 26 0 0 22 0 0 0 0 30 0 5 0 0
0 0 0 0 32 0 0 0 0 0 35 0 0 0 0 0 24 56 0 0 0 57 0 77 33 0 34 0 0 69 77 0 16 16 0 0 0 19 0 0 90 0 0 51 0 0 0 0 61 84
0 59 0 0 0 0 37 84 44 53 0 0 0 0 0 1 11 0 0 0 0 31 93 0 0 0 0 0 0 72 0 0 0 21 13 0 0 0 0 0 69 0 0 30 0 0 0 4 52 0
