0 57 0 0 0 0 0 0 34 0 0 0 0 27 0 54 0 0 0 64 0 0 35 30 0 28 0 0 0 8
0 0 0 13 0 0 90 0 65 0 0 0 41 0 0 0 0 6 0 62 0 30 0 0 0 75 63 0 17 16
0 0 0 0 0 0 0 0 0 0 0 0 0 0 0 52 0 31 0 51 0 0 0 0 32 0 0 0 84 5
80 0 0 0 0 0 0 0 33 0 60 0 44 0 0 0 0 0 0 75 11 43 0 0 0 77 0 0 43 83
0 0 0 0 21 0 0 73 0 0 0 0 0 80 0 60 0 0 0 0 0 0 46 93 0 0 26 0 2 0
37 70 0 0 35 62 0 0 89 0 0 0 0 0 0 60 34 0 0 0 0 28 1 65 0 0 0 0 0 0
0 0 0 0 7 48 45 18 33 0 0 0 0 0 87 0 78 0 0 0 78 0 0 68 61 17 0 96 13 0
30 88 0 0 0 0 0 78 52 38 0 0 0 25 9 44 76 27 0 53 0 60 0 0 56 8 17 87 25 0
97 0 22 55 19 0 0 0 63 0 30 0 0 0 79 0 0 0 63 0 0 0 0 0 0 0 0 0 0 0
0 0 59 0 62 0 0 0 0 93 0 0 0 0 0 21 67 75 39 45 0 82 0 0 0 0 0 53 0 39
0 0 71 0 0 0 0 0 0 0 68 0 46 31 0 71 0 73 0 65 0 0 0 0 0 93 38 0 65 0
94 0 20 0 0 69 0 0 0 74 17 0 0 0 45 0 0 60 0 0 0 35 98 0 7 0 54 46 0 0
0 0 77 0 0 0 78 0 67 0 0 64 0 0 90 0 80 95 0 0 95 0 0 0 12 0 0 50 0 85
0 0 19 0 0 60 0 48 0 8 0 0 0 0 94 0 0 21 0 24 0 37 73 0 0 0 0 0 0 0
0 0 0 28 8 0 0 0 13 87 0 0 0 0 0 0 0 0 65 0 0 0 68 0 0 0 0 0 0 0
17 0 91 0 29 0 0 0 0 0 46 25 0 0 0 0 67 0 55 62 0 53 94 40 82 0 0 81 0 0
52 73 86 0 65 0 0 0 0 0 93 0 0 98 0 0 25 0 66 0 0 23 0 0 48 0 0 72 0 0
0 0 0 0 0 0 0 48 68 0 0 0 67 0 0 53 7 0 0 83 0 0 0 0 0 0 0 0 77 0
45 0 0 76 0 0 0 0 0 0 0 0 0 0 70 0 61 4 0 0 0 0 0 0 57 87 0 0 27 58
0 0 33 0 49 66 0 69 65 0 67 0 0 0 0 0 14 2 0 0 0 0 0 0 0 0 0 72 36 0
73 0 3 98 83 62 0 82 0 0 0 47 40 0 99 0 30 46 0 0 0 0 0 0 0 0 0 0 15 13
0 8 0 0 0 0 0 96 0 0 0 0 0 0 64 0 0 0 0 0 0 76 9 0 14 0 0 74 33 7
0 29 0 0 0 43 0 0 0 87 49 0 0 0 79 49 0 4 98 0 0 0 0 0 5 11 26 0 31 0
0 40 0 0 0 0 0 0 0 0 0 3 0 0 0 0 0 84 0 0 0 63 48 0 0 48 76 0 0 0
0 0 42 0 31 0 66 0 0 0 0 0 0 0 0 65 0 0 0 0 0 14 0 38 0 55 48 0 0 0
0 0 0 0 0 0 40 0 11 0 0 0 0 0 37 51 0 0 0 95 98 0 0 75 0 0 52 0 0 0
77 50 0 39 0 0 42 0 0 0 0 0 21 0 6 0 0 5 3 0 0 37 0 0 0 50 0 0 0 58
0 0 81 0 42 30 0 0 0 88 0 0 0 0 0 0 0 0 0 0 0 0 71 0 92 0 0 0 0 0
0 0 0 0 0 0 0 61 0 0 96 97 0 17 0 91 0 0 0 0 0 65 0 0 84 28 32 47 0 13
93 0 0 0 19 51 0 0 0 57 0 0 0 27 0 82 0 11 3 52 0 0 52 48 0 0 0 0 0 0
