0 0 0 0 0 33 0 0 0 36
0 0 0 0 0 0 0 0 0 0
0 0 0 12 65 0 94 0 0 68
0 0 0 0 0 87 0 0 0 0
93 0 70 0 15 81 20 0 0 0
62 13 0 0 52 0 0 0 94 0
0 0 0 0 16 22 80 0 0 0
0 93 0 0 0 0 56 50 93 0
0 0 0 0 0 0 0 0 27 0
0 0 30 0 0 17 0 0 78 0
0 0 0 0 0 0 0 93 65 0
88 0 0 8 0 83 0 0 0 0
0 56 0 12 0 33 0 0 0 0
0 0 0 0 0 0 0 0 0 18
0 0 0 0 0 19 0 0 0 0
64 0 0 0 11 0 0 0 0 0
0 0 0 0 0 33 0 32 0 76
0 0 0 58 0 0 0 0 0 51
0 39 0 22 77 0 0 0 0 0
0 0 98 0 0 89 0 0 0 0
0 0 0 0 0 0 0 0 0 0
70 0 0 17 0 67 0 0 0 7
0 0 0 0 2 89 0 0 0 0
0 0 71 65 0 0 0 0 0 51
0 0 96 91 0 0 85 0 0 0
0 0 52 0 0 8 16 0 67 0
0 0 0 0 0 0 0 62 0 0
0 57 71 0 0 43 0 0 0 93
0 0 0 76 98 0 80 0 0 0
0 0 0 0 0 0 0 38 0 0
