33 0 0 13 0 0 13 4 0 0 0 84 0 0 0 0 0 0 94 89 0 0 0 0 0 49 0 0 0 0 0 0 0 89 75 0 0 0 0 56 0 9 5 0 0 0 18 21 0 0
11 0 0 0 0 44 0 0 75 0 0 0 0 0 0 0 0 22 0 0 0 0 0 75 0 0 0 44 0 68 24 0 41 0 0 0 46 20 0 0 0 83 20 0 0 51 48 0 80 0
20 50 0 0 64 0 0 0 0 0 69 0 0 34 0 0 14 0 27 0 0 0 0 0 0 0 0 0 12 0 0 18 0 0 88 73 12 0 64 0 74 0 40 0 0 60 0 0 66 0
56 0 0 0 0 89 0 0 0 0 0 44 0 0 0 22 0 0 0 0 8 0 0 0 0 0 64 0 0 0 0 0 0 49 0 95 0 0 0 0 80 72 23 0 0 0 80 0 0 93
0 35 0 0 0 0 0 93 98 32 98 0 0 0 96 0 0 0 0 0 0 0 33 0 0 33 0 0 81 0 0 0 0 0 0 0 0 0 0 0 27 57 0 0 0 86 55 0 20 0
0 43 15 0 44 0 4 0 0 0 20 0 69 32 0 80 0 0 0 86 0 0 0 77 0 0 0 0 0 0 0 0 14 0 0 0 91 0 0 88 0 0 0 0 0 58 46 50 60 75
68 0 0 69 58 0 0 0 0 37 0 0 0 0 0 61 56 0 0 0 0 17 0 32 0 68 0 45 6 0 59 11 18 0 0 0 61 83 0 0 4 0 0 0 0 0 0 0 75 0
0 15 0 0 0 0 0 0 6 0 0 38 0 0 63 0 0 0 0 0 92 0 80 42 85 0 0 57 0 42 81 0 0 51 65 24 0 0 44 0 0 0 0 0 48 0 25 59 3 0
0 5 25 0 0 0 0 19 0 60 0 0 0 60 0 0 0 0 41 0 0 0 0 0 3 0 0 0 0 40 36 0 0 0 92 0 0 26 96 61 0 0 0 0 53 0 0 79 0 23
27 78 0 0 0 0 42 0 0 0 11 0 81 0 41 0 0 0 0 0 0 32 84 0 0 15 48 0 0 0 0 0 0 0 0 41 0 95 81 68 0 0 0 0 71 65 0 41 75 0
