0 0 0 0 0 0 28 0 0 0 0 0 0 0 0 10 0 0 0 0 0 0 75 0 0 0 0 0 0 0
0 69 0 0 0 0 0 0 0 0 0 0 0 77 0 0 0 26 0 0 0 0 0 79 0 0 0 11 0 66
53 0 0 0 0 0 81 0 0 12 50 0 62 0 74 0 0 0 0 0 0 0 0 25 0 91 0 0 0 0
36 0 0 0 0 0 0 0 0 0 0 77 66 0 0 0 28 44 0 4 0 0 12 82 0 0 0 0 0 0
62 0 0 0 19 59 12 20 0 0 0 0 0 0 17 0 0 42 0 54 0 0 0 0 51 0 0 0 81 0
52 0 0 0 0 0 0 0 9 0 28 0 0 62 22 0 0 0 45 0 0 0 0 12 0 0 0 3 97 0
0 0 0 0 0 0 0 0 0 0 0 0 0 0 0 65 0 0 0 0 0 0 9 0 0 0 0 39 0 0
0 0 0 0 0 0 0 0 0 96 0 11 0 0 12 0 42 65 0 0 36 0 28 20 0 2 0 43 63 0
88 0 24 0 0 0 0 16 0 0 0 29 0 0 0 0 0 0 0 0 0 0 0 0 0 0 0 0 0 0
0 0 0 0 0 0 0 0 83 90 76 0 88 0 79 0 0 0 0 0 0 0 0 0 97 6 0 0 0 0
0 0 0 48 0 0 73 79 0 0 0 0 0 0 87 0 0 0 0 61 62 39 0 0 0 36 0 0 0 0
0 0 0 0 0 0 0 88 62 0 0 0 0 0 85 27 0 15 64 0 74 0 43 0 0 0 61 0 0 0
0 0 0 18 0 49 44 0 6 0 0 27 0 0 0 36 0 0 0 0 75 0 0 0 10 0 0 13 0 31
0 0 0 6 0 0 0 0 31 0 0 0 0 0 0 0 0 0 0 74 0 0 0 0 0 0 0 0 0 26
0 0 0 75 0 79 36 0 0 0 36 0 0 67 0 0 70 0 0 0 21 0 0 47 0 0 0 3 73 0
0 0 0 0 0 0 0 0 0 0 0 60 0 0 22 0 0 66 68 0 16 0 0 0 0 0 91 0 0 7
0 0 0 0 0 0 11 0 50 99 0 0 0 0 0 0 0 0 0 0 0 0 55 64 51 0 16 0 0 73
0 0 0 0 23 0 0 0 79 0 0 0 0 0 0 0 0 30 0 0 0 61 0 0 65 69 37 0 0 0
0 26 0 0 0 33 0 0 11 0 0 0 0 11 0 0 23 0 56 0 0 0 0 0 0 86 0 0 0 0
0 0 44 0 86 0 0 0 0 67 0 0 96 0 0 0 0 71 0 51 0 0 0 0 5 0 83 0 0 0
0 0 0 0 65 68 60 0 88 0 0 0 0 0 0 0 0 0 0 40 0 0 23 0 0 0 0 0 98 0
0 0 0 32 0 55 0 67 0 0 0 88 92 0 0 0 0 46 0 0 0 0 0 0 0 0 0 0 0 0
0 21 0 0 0 0 77 0 0 90 30 0 0 15 0 0 0 0 0 0 0 97 38 56 0 0 0 0 0 0
0 0 0 91 66 0 0 0 36 0 0 0 0 0 0 45 0 0 0 0 0 0 0 98 80 0 0 0 0 41
0 0 0 0 0 0 43 0 0 85 0 0 0 13 0 0 0 0 0 20 0 26 0 0 9 0 0 0 0 0
0 0 0 20 0 0 0 0 88 0 0 0 0 25 39 0 21 5 82 0 33 75 5 0 0 0 0 0 0 18
0 0 0 8 0 0 6 67 0 5 0 25 0 0 0 0 0 0 0 0 0 0 30 0 0 0 61 0 0 0
0 0 0 0 0 0 0 0 0 0 0 0 0 0 0 0 69 0 1 0 31 0 0 0 0 0 0 0 0 0
0 0 0 0 0 0 0 0 0 0 0 0 98 0 0 0 58 0 0 0 0 0 0 0 0 0 57 12 0 0
0 0 99 0 11 0 0 0 0 0 0 0 0 0 35 0 0 0 0 0 0 0 0 0 0 0 0 0 0 0
0 0 83 0 0 94 0 0 0 0 0 0 0 71 3 22 0 0 0 0 72 0 0 0 0 86 0 96 4 80
0 0 37 0 0 0 0 0 0 0 0 0 0 10 0 0 0 0 0 0 0 64 96 0 58 0 6 66 0 0
13 0 0 81 0 60 0 0 89 0 41 0 0 12 81 0 0 0 22 0 0 0 0 0 0 0 98 0 0 5
0 0 84 0 0 0 0 62 0 81 0 0 0 0 80 34 1 91 87 0 37 0 0 74 8 36 0 0 0 0
0 0 0 0 0 0 0 7 51 0 95 0 92 0 20 38 0 0 0 0 0 0 0 0 14 0 0 44 0 0
0 0 18 7 0 0 0 62 0 89 48 0 0 30 0 0 0 28 0 10 0 0 77 0 0 0 0 0 3 82
0 0 46 65 0 0 0 0 0 0 0 0 0 0 0 72 16 0 69 0 97 0 0 0 82 0 0 0 0 0
47 57 0 0 0 0 0 0 59 0 0 85 0 9 0 0 24 19 46 47 0 90 0 0 0 0 0 0 0 0
0 0 0 0 0 0 0 0 0 0 0 0 0 0 0 0 0 0 0 0 0 13 0 0 35 0 0 0 0 0
0 0 0 0 19 0 0 0 11 0 0 82 0 0 0 0 42 21 0 0 0 0 0 85 0 0 0 26 0 0
0 0 0 0 0 0 0 71 0 0 0 0 0 0 84 0 0 0 0 0 0 22 0 77 68 0 0 0 0 0
93 0 0 0 0 45 43 61 0 0 58 0 62 78 0 0 0 40 0 0 48 0 0 0 0 0 0 0 0 0
0 0 0 5 0 81 0 38 30 0 5 0 0 0 0 0 89 0 0 0 71 31 0 0 75 0 1 0 0 0
73 0 0 0 0 0 0 0 0 0 42 0 0 79 0 0 73 0 0 0 0 0 0 0 0 12 67 0 0 0
0 0 60 0 0 0 62 0 0 0 0 0 0 84 45 73 0 0 0 0 0 0 0 0 0 0 0 0 22 0
96 61 0 45 0 0 80 0 0 81 84 7 0 0 0 0 0 0 0 0 0 48 0 0 0 16 0 55 0 3
0 0 0 0 80 0 1 0 0 0 0 0 0 0 0 0 0 0 0 12 0 0 0 0 0 57 0 0 5 0
0 0 0 0 0 0 0 1 50 0 81 0 49 0 0 13 0 0 17 0 40 54 0 0 0 0 63 99 0 0
0 0 0 0 0 41 0 0 7 0 0 0 18 62 1 0 30 0 0 12 0 8 35 86 0 82 0 0 0 85
0 0 60 0 0 0 0 0 0 0 0 0 0 0 0 0 7 0 1 0 0 0 0 0 0 68 83 0 93 0
