0 16 0 0 62 18 0 0 0 0 0 52 0 0 0 0 95 0 81 0 0 83 0 0 0 50 86 0 37 0 25 0 0 0 0 27 0 0 92 0 0 0 32 12 0 0 0 0 89 0
0 0 0 72 0 0 0 0 0 19 31 83 0 0 0 0 77 56 89 0 11 23 0 0 0 36 93 0 62 0 0 0 0 0 91 0 0 0 52 0 39 92 59 0 0 0 3 0 0 0
33 0 84 0 0 0 46 0 0 0 0 72 0 0 0 0 0 75 6 92 63 0 0 29 0 10 0 6 0 0 0 0 0 0 0 0 0 0 0 96 86 21 0 0 0 0 0 0 0 0
0 96 0 0 0 0 0 0 0 0 81 32 0 4 0 0 0 9 0 0 0 13 0 0 0 51 0 0 59 33 0 0 0 0 8 21 14 0 57 30 0 62 3 0 59 0 0 86 0 0
0 0 0 46 0 49 0 33 0 0 0 0 0 0 0 0 0 0 38 0 0 0 0 0 0 0 0 0 0 4 0 86 56 45 0 10 1 0 0 0 81 29 43 0 0 11 55 0 0 31
60 60 41 99 0 0 49 0 0 0 0 0 0 69 62 84 0 0 0 0 0 0 0 74 0 0 46 14 75 42 0 0 54 5 0 63 29 0 0 38 99 30 0 0 47 0 0 0 0 0
0 45 0 66 96 0 0 0 0 0 4 0 0 0 0 17 79 0 62 0 0 93 0 49 0 0 0 0 82 0 0 8 0 0 0 0 0 48 81 44 0 0 0 0 0 0 0 0 37 18
0 0 0 0 0 0 38 0 43 0 71 0 0 0 0 0 0 0 0 96 0 0 74 58 0 0 7 0 0 0 0 0 0 0 0 37 8 47 0 0 0 0 0 0 94 87 0 0 0 0
0 0 27 0 26 0 0 0 0 0 0 8 11 0 9 0 0 0 0 0 54 32 0 61 96 0 0 57 72 77 0 0 0 0 0 16 0 0 36 37 0 0 19 0 0 14 0 0 0 0
0 70 0 0 0 0 92 0 0 85 0 0 0 0 15 16 55 0 0 0 0 0 0 26 0 27 0 49 0 0 37 0 0 0 93 91 0 0 0 53 0 0 0 0 0 0 59 17 0 0
0 7 0 0 0 0 0 91 0 0 0 87 0 9 89 0 0 0 0 81 0 0 74 0 0 0 0 0 0 98 99 0 58 66 0 0 0 0 0 0 47 0 0 0 0 0 0 0 95 0
92 28 8 0 0 0 85 0 0 0 31 0 0 0 0 0 0 30 0 75 0 0 0 0 0 0 78 98 0 17 0 20 0 49 23 0 0 65 0 0 0 0 0 31 0 12 78 41 0 16
18 17 0 0 10 99 96 0 0 0 0 0 0 0 0 39 0 0 0 0 0 0 0 0 9 0 0 0 32 0 45 9 0 0 55 0 17 59 0 31 0 0 10 0 0 0 0 0 0 0
0 0 0 0 0 93 0 3 0 0 0 0 0 0 74 0 38 65 25 32 0 81 0 0 0 0 0 0 36 0 0 0 36 0 24 1 0 0 0 91 18 0 0 0 0 0 9 91 0 70
92 23 43 0 0 0 0 0 0 0 0 0 0 0 0 0 0 28 0 0 42 0 7 0 0 0 0 0 9 0 13 0 0 0 0 0 76 0 0 61 79 0 0 0 67 79 0 0 0 0
0 43 5 85 0 91 0 0 0 15 0 0 8 0 6 89 0 0 51 15 0 0 75 0 0 39 0 0 4 13 0 71 0 0 64 0 0 0 72 0 0 0 0 0 0 0 0 85 19 92
0 13 9 0 0 63 0 0 0 0 0 0 34 0 0 0 77 90 0 0 19 0 0 79 0 0 0 63 79 0 0 0 0 15 29 0 0 0 92 60 0 96 0 0 62 33 0 0 3 71
49 0 5 0 54 0 0 0 0 0 0 50 0 38 0 70 0 50 93 0 0 57 92 0 0 0 0 0 0 0 0 0 0 0 0 0 0 0 0 0 37 0 51 0 69 53 0 0 0 0
29 0 0 0 0 0 0 0 88 0 0 85 99 0 0 0 0 30 91 0 5 0 0 0 12 10 0 1 0 0 0 59 0 46 0 0 84 0 0 0 0 0 0 0 0 79 9 80 47 14
0 0 0 0 6 0 0 87 65 56 0 48 1 2 0 0 0 69 21 0 0 0 0 94 0 0 0 0 0 0 0 0 0 21 0 0 0 0 0 0 0 23 0 0 0 1 0 0 0 0
0 0 0 0 92 96 2 0 0 0 0 27 0 22 0 0 0 0 0 66 76 6 0 97 0 0 0 48 0 0 17 0 0 0 0 0 0 81 0 0 0 0 0 12 0 0 85 0 12 46
36 0 6 0 0 0 0 0 0 0 0 0 0 97 0 0 0 64 0 0 91 0 0 0 0 0 0 0 0 0 0 0 18 0 0 0 0 76 32 0 0 0 0 0 0 53 0 58 0 69
0 41 43 16 0 0 31 0 11 28 0 0 0 0 46 0 0 21 0 64 0 0 0 54 0 0 0 60 0 0 76 0 92 0 0 0 0 0 0 54 0 93 0 0 49 0 0 0 0 1
27 0 0 0 0 0 40 87 71 94 0 34 51 37 0 5 0 0 53 0 0 0 0 0 0 0 71 0 33 0 0 0 0 8 0 0 34 0 81 56 0 0 0 0 0 0 63 0 0 49
0 0 57 35 0 0 73 0 32 0 0 0 6 12 8 97 0 0 0 0 76 0 0 0 0 20 0 0 83 0 45 0 0 0 0 0 0 0 0 86 0 0 0 0 0 0 75 0 97 23
0 0 21 0 8 0 0 0 0 0 90 95 76 12 0 0 67 0 0 0 0 0 0 0 0 0 0 99 0 0 0 0 0 0 0 0 0 0 0 69 37 0 9 0 0 53 0 29 20 10
0 0 0 0 0 0 0 46 0 0 0 0 0 57 0 0 0 45 26 43 0 0 0 71 0 57 0 0 0 0 0 0 0 0 0 0 23 0 0 0 0 84 0 0 0 0 0 0 82 0
0 29 0 0 72 0 33 0 93 51 0 44 0 0 0 66 79 46 0 0 87 69 0 34 26 0 0 0 62 75 0 85 0 0 61 0 81 49 44 66 22 28 0 0 0 78 0 0 0 0
0 0 20 0 0 0 0 65 87 0 0 0 0 0 23 0 0 0 0 0 0 0 0 6 0 0 0 63 63 70 0 0 0 0 0 0 0 98 0 0 0 36 0 0 10 0 0 82 98 0
0 0 91 70 0 92 0 0 52 0 0 0 0 40 0 0 21 0 0 0 0 0 0 0 0 65 0 0 0 0 0 18 48 0 0 65 0 0 50 0 0 0 93 0 0 0 46 0 0 0
0 0 62 21 0 0 0 0 0 0 5 0 0 0 0 81 0 0 0 0 0 0 0 0 0 0 0 0 0 0 0 0 0 0 0 0 16 0 88 0 86 40 0 99 60 0 64 0 0 44
0 48 0 0 49 77 0 0 0 53 36 0 24 98 0 0 53 90 72 0 0 94 0 0 80 57 0 74 0 0 0 92 0 0 0 0 0 0 0 20 32 51 0 0 0 53 87 44 0 20
11 0 56 0 38 59 0 0 4 0 61 92 13 75 0 0 0 0 77 23 0 12 97 0 0 10 75 45 9 0 0 0 0 0 0 0 0 0 49 0 0 0 0 0 0 0 55 0 0 0
41 0 0 0 0 0 0 0 0 0 0 73 0 28 0 0 0 55 0 29 91 0 0 0 0 0 22 0 0 0 68 61 0 45 0 0 0 0 0 89 0 44 0 0 49 62 0 0 0 0
0 0 0 18 0 0 0 0 71 74 0 0 0 0 0 29 18 0 33 0 0 94 0 0 0 77 0 11 0 89 95 0 0 0 0 0 0 0 0 33 0 0 78 0 0 0 0 0 26 52
0 31 0 0 0 0 2 0 94 0 0 89 37 0 0 9 26 0 3 0 0 0 42 0 0 0 0 79 0 0 44 88 48 0 79 19 0 0 27 0 0 0 0 0 52 0 34 0 0 0
0 24 1 0 0 12 43 0 0 0 0 0 0 0 98 24 0 0 0 0 0 0 0 33 0 56 0 0 0 0 0 82 0 67 0 0 0 0 0 8 32 0 93 0 0 0 54 11 0 0
0 0 1 0 0 0 16 0 70 1 0 0 0 0 17 0 0 0 0 0 0 32 0 0 0 0 0 0 0 41 0 44 23 64 0 0 0 0 0 0 42 74 18 93 0 0 65 45 0 0
0 0 60 0 0 57 0 11 53 0 0 0 0 57 0 55 21 0 0 0 0 0 0 0 30 0 0 3 0 0 0 32 22 0 79 81 96 0 36 20 9 0 0 0 0 57 0 21 0 0
0 0 85 0 0 0 53 74 0 0 95 0 0 62 62 0 25 91 34 98 0 61 0 0 61 0 0 22 63 0 0 43 51 0 2 87 42 71 59 95 79 0 68 0 0 47 0 97 0 86
0 0 0 0 40 0 0 0 72 0 64 14 51 0 33 0 0 0 0 41 0 59 26 71 0 0 0 0 0 16 0 0 0 47 8 0 0 0 85 0 0 0 0 0 0 0 9 0 34 0
0 44 2 0 0 70 3 0 0 0 0 1 5 57 24 21 69 0 15 6 0 0 0 0 0 0 90 31 96 98 79 0 18 0 0 0 0 80 0 0 25 22 0 0 0 0 0 0 60 0
0 71 0 0 87 41 0 0 0 0 0 0 88 0 0 38 0 41 0 69 67 97 0 0 0 57 0 25 0 0 0 41 0 0 0 0 0 0 0 34 0 0 0 91 59 0 0 0 55 0
44 0 0 6 0 0 88 0 0 0 0 0 2 0 0 10 43 64 31 34 0 0 0 0 0 0 37 0 10 0 0 21 0 19 0 73 0 0 68 0 8 82 34 0 0 0 0 10 96 0
0 0 0 8 0 0 0 0 62 0 18 48 41 95 0 0 16 0 76 49 0 0 0 90 0 6 0 0 21 71 0 0 0 36 30 0 0 0 0 30 19 0 0 0 0 94 0 0 0 0
0 0 0 91 0 0 27 0 90 40 0 0 34 88 0 0 0 0 0 0 0 0 0 0 0 0 0 22 25 0 0 56 0 37 77 0 0 0 0 0 55 8 0 0 0 11 35 6 0 0
0 0 77 0 0 28 10 0 0 0 0 0 0 5 0 0 0 0 0 0 73 0 0 51 92 0 0 48 0 0 0 58 0 0 46 75 79 0 12 72 41 87 0 0 0 0 0 0 0 0
40 64 0 0 26 0 34 86 0 34 0 0 0 0 0 0 0 0 0 0 0 56 0 0 0 0 70 0 0 0 50 0 0 0 0 0 0 0 0 0 69 0 0 97 81 0 0 0 0 12
0 20 40 0 0 0 0 36 0 0 0 0 59 0 98 0 0 53 0 0 0 0 0 78 0 0 0 0 58 88 0 0 0 0 0 0 0 0 0 0 13 0 0 0 0 0 0 0 0 0
0 0 0 49 0 31 21 66 0 68 92 0 0 0 0 96 0 47 21 0 0 59 0 71 52 0 16 0 0 0 0 89 0 97 0 0 0 7 0 18 33 21 0 0 0 0 0 22 0 64
