47 0 0 52 93 0 41 0 0 40 0 0 0 0 48 0 0 84 0 0
84 87 44 0 0 0 0 0 0 50 0 0 0 0 70 0 0 78 29 0
34 94 0 0 0 0 0 59 73 0 0 0 90 0 59 0 26 0 0 0
8 0 0 40 32 56 28 0 0 16 0 0 87 18 0 0 0 0 0 13
97 0 17 0 0 0 21 67 0 0 45 81 0 0 0 0 0 37 81 0
0 0 0 0 0 15 0 0 0 92 0 65 97 0 0 0 0 90 22 54
0 0 0 84 90 14 23 0 0 0 0 41 59 93 57 0 0 0 5 6
12 0 0 27 0 67 0 0 0 0 0 0 0 0 0 37 89 0 51 0
0 0 0 0 62 40 0 0 53 0 0 0 0 0 0 0 0 0 0 0
0 0 0 40 0 0 2 70 0 0 19 66 0 0 9 0 0 17 95 0
0 0 0 0 0 0 62 70 0 0 9 0 0 0 0 0 86 76 0 0
0 71 80 0 0 0 0 0 81 63 0 0 0 46 0 61 0 0 97 0
0 0 0 0 0 0 21 81 0 0 0 74 0 0 0 0 76 0 98 0
0 0 0 17 0 0 0 0 0 0 0 0 0 0 0 0 12 11 26 0
0 31 0 0 0 0 39 94 1 0 0 0 95 79 0 0 0 0 19 0
0 0 0 0 0 13 0 0 0 97 0 88 56 0 0 0 35 0 60 32
63 0 0 0 0 0 0 0 0 0 0 0 28 0 0 0 0 83 0 0
0 0 0 0 0 0 0 12 0 71 0 12 0 0 24 0 0 34 0 0
0 0 0 0 25 0 0 17 0 0 69 9 0 0 0 79 0 0 0 0
0 0 0 42 48 0 9 0 0 49 0 0 79 0 0 0 0 0 0 64
94 0 17 0 75 0 0 63 0 0 0 0 0 0 0 21 0 12 0 0
0 0 0 0 35 0 97 23 19 0 90 61 0 37 0 2 62 0 0 0
0 0 0 82 0 0 0 0 0 55 81 0 0 75 41 3 0 83 76 15
0 0 0 0 85 0 23 53 0 0 0 96 0 75 0 0 0 0 0 0
0 0 53 0 14 38 0 0 0 0 0 0 33 47 84 94 0 0 0 12
94 32 60 89 0 0 24 0 0 57 9 27 8 0 0 81 0 0 0 0
0 0 0 0 45 0 0 81 0 0 71 0 0 0 0 31 0 0 0 0
0 15 0 0 52 0 13 0 39 0 0 45 0 0 81 0 0 51 0 0
94 28 19 0 0 0 74 62 0 55 64 0 0 0 0 0 8 22 0 89
0 0 0 0 0 0 31 43 24 0 0 0 0 0 0 0 97 0 73 0
99 0 28 0 34 0 0 59 0 0 32 89 0 0 0 0 0 0 0 67
0 0 0 0 0 0 49 0 0 0 0 0 0 0 0 36 50 0 0 0
0 0 0 79 71 74 0 0 78 30 29 0 0 36 0 0 0 67 0 0
94 79 0 0 0 0 0 0 0 0 0 91 12 0 0 0 0 3 0 0
0 2 92 0 0 0 0 0 0 0 77 52 0 0 0 95 43 0 0 0
0 0 0 8 38 0 0 94 0 51 98 0 0 0 0 0 0 0 53 66
0 0 0 0 16 0 0 0 0 50 0 0 23 0 81 58 0 56 0 0
81 0 15 0 0 34 63 97 18 0 0 0 0 69 46 0 67 0 0 0
3 0 52 0 0 0 0 0 0 0 0 37 0 38 25 33 0 0 14 8
0 30 0 0 0 0 0 0 0 11 0 72 0 0 0 0 29 20 0 0
0 0 64 7 0 0 0 0 0 74 0 0 32 14 54 0 0 0 0 87
0 0 0 82 0 0 0 0 81 0 0 0 0 0 36 0 76 78 0 65
0 0 96 0 40 0 0 0 47 0 99 0 42 15 0 0 0 0 0 60
0 63 0 0 0 0 0 0 0 0 0 0 0 0 0 0 30 55 71 0
28 99 0 48 57 0 68 0 83 0 0 0 0 52 42 0 0 33 0 0
0 0 0 0 0 89 93 59 25 51 0 0 0 36 88 0 0 0 9 50
16 0 50 50 89 0 0 0 47 0 98 9 0 0 0 0 0 0 1 0
0 0 0 36 0 76 0 0 90 0 0 0 57 0 0 55 0 99 33 0
0 0 0 2 0 69 0 0 0 0 0 0 0 0 7 38 0 77 42 0
0 0 0 21 4 0 42 85 0 0 66 0 0 51 0 0 0 0 0 0
