26 0 0 0 0 0 0 0 0 0 58 59 0 0 0 0 0 97 0 0
0 86 41 0 0 0 0 0 0 0 0 0 0 72 54 0 0 0 0 0
0 0 70 44 4 0 0 0 0 23 54 15 0 0 9 74 0 0 0 0
0 0 0 87 21 78 0 0 0 57 82 0 0 0 19 0 0 0 0 0
29 0 0 0 36 2 0 15 0 0 0 0 0 84 0 0 0 0 0 0
0 0 92 42 5 0 0 0 4 0 0 0 0 42 0 0 0 0 0 0
13 0 38 0 63 0 0 0 0 0 0 0 0 0 14 0 0 56 0 0
0 0 0 0 0 0 0 0 0 0 0 0 0 91 0 96 0 27 0 0
0 60 0 35 82 0 0 0 82 0 0 47 70 0 0 0 0 8 0 0
0 0 0 0 0 0 0 0 0 0 0 0 33 0 0 0 17 65 75 16
0 3 88 0 50 97 0 0 0 0 86 0 0 0 79 0 0 94 0 80
0 0 0 0 27 89 0 0 0 0 0 5 0 0 0 0 0 0 0 0
0 0 0 0 0 36 0 0 0 0 0 0 83 0 0 0 0 0 53 0
0 29 0 0 0 0 0 31 0 8 0 0 0 0 0 0 0 0 83 0
0 87 0 0 0 0 0 0 0 83 0 17 0 0 0 0 0 0 0 0
0 0 27 0 0 0 43 0 0 0 71 0 0 0 65 0 0 0 0 0
0 0 0 55 60 0 78 0 12 0 0 0 0 83 17 0 78 0 0 0
0 0 15 0 0 0 0 0 55 0 74 0 0 0 0 0 20 15 0 0
69 0 50 0 0 60 48 86 0 0 0 0 0 0 0 0 0 0 0 0
0 0 66 0 0 0 0 0 0 0 0 0 0 20 0 0 0 0 0 0
0 58 0 0 0 91 19 0 0 0 0 90 0 0 0 0 0 56 0 0
0 0 0 0 27 0 0 0 90 0 88 0 0 0 0 0 0 0 85 71
49 0 0 54 0 0 0 0 9 0 0 0 0 0 0 0 64 13 0 0
0 78 0 0 0 0 0 19 0 0 32 0 44 0 0 0 17 0 0 0
0 0 0 0 0 0 0 0 0 0 45 84 0 0 0 0 29 0 0 0
0 0 0 0 0 0 59 0 19 0 0 72 0 0 0 13 19 0 32 0
56 20 0 21 52 0 0 0 0 0 83 12 0 16 25 0 0 3 0 0
0 0 33 70 0 97 0 0 0 0 0 0 0 0 0 0 97 0 0 0
0 0 0 0 0 34 0 38 0 0 0 0 93 67 0 55 0 0 0 0
0 0 0 0 0 0 0 0 0 15 87 0 0 94 0 0 0 97 39 26
