42 0 0 0 0 0 0 79 88 0 0 31 0 28 0 0 0 57 0 0 0 0 0 0 0 0 0 0 0 44 0 70 0 14 0 30 0 42 37 0
95 0 67 0 0 79 0 0 0 30 99 34 0 0 0 0 0 0 10 0 0 0 58 98 0 0 34 0 0 4 7 52 0 0 98 71 77 95 0 71
79 0 0 0 82 0 0 0 0 0 0 0 0 0 48 0 73 0 0 0 0 0 0 98 0 0 0 0 61 31 85 0 73 37 0 0 1 0 24 54
9 55 48 0 0 0 0 96 0 71 46 0 0 0 51 0 0 0 26 0 0 65 0 0 0 0 0 82 0 28 41 8 0 0 0 31 0 97 0 0
0 0 36 0 80 30 0 0 0 0 79 0 0 0 0 0 89 14 0 9 0 79 35 0 0 0 30 97 0 16 0 0 0 80 0 25 50 0 0 0
71 0 0 86 0 0 0 48 0 0 0 0 0 0 6 0 0 0 42 6 0 78 34 0 0 0 0 34 0 0 0 86 0 0 23 0 0 0 21 0
0 99 0 0 0 0 0 0 0 74 50 0 0 0 0 0 41 80 0 45 0 0 0 0 0 0 0 0 0 0 0 0 0 0 0 0 0 0 36 24
0 0 0 28 0 0 0 13 91 0 0 0 0 37 0 27 38 46 0 0 19 53 0 0 0 5 74 0 84 0 86 0 0 16 0 84 64 0 0 0
46 52 0 7 0 2 38 0 0 52 0 6 0 0 0 0 0 0 0 91 18 0 0 23 31 59 5 0 0 0 0 0 0 0 0 0 0 0 10 0
45 0 31 25 86 0 0 0 0 0 0 26 0 0 0 0 98 0 0 0 24 0 0 0 23 0 0 0 0 0 22 0 0 0 0 0 44 0 8 0
