0 11 0 0 55 0 0 0 0 0 0 0 0 0 0 0 0 0 0 0 0 0 0 21 0 0 34 39 0 0 0 0 0 0 0 0 0 0 0 0
0 0 52 0 0 0 0 63 0 0 0 0 0 0 0 0 74 0 18 0 0 0 64 0 38 0 0 0 0 0 28 0 0 0 0 60 0 0 0 0
0 0 0 0 0 0 0 48 0 0 0 0 0 0 0 74 0 0 0 63 0 0 0 0 0 0 17 0 0 86 0 0 0 6 0 0 0 0 0 0
0 0 0 88 0 54 0 0 45 44 0 0 0 0 0 0 0 0 0 0 0 13 0 63 0 33 0 44 0 0 0 0 0 76 0 27 0 0 0 0
49 0 0 0 0 0 0 0 0 0 0 87 0 4 0 0 0 0 0 0 0 0 0 37 17 0 0 31 0 0 0 69 70 43 0 53 0 63 53 0
0 54 0 0 0 10 0 0 0 0 0 0 0 0 0 0 0 0 0 0 0 0 57 0 0 11 20 0 0 0 0 21 0 0 0 0 0 44 65 0
0 0 0 0 0 0 46 69 97 0 0 0 91 0 0 86 0 0 0 0 0 0 0 94 24 61 79 0 0 0 0 0 0 0 0 0 0 0 0 0
0 48 0 0 0 70 0 0 0 0 0 0 0 0 0 0 0 85 37 0 0 0 0 19 0 0 0 0 0 0 0 0 0 0 49 0 16 0 91 0
0 2 28 0 0 15 0 0 93 0 62 79 47 0 0 0 0 0 59 0 0 0 0 0 0 0 0 0 99 0 0 0 0 0 0 0 0 0 0 90
0 70 26 0 0 0 70 0 0 0 72 0 0 0 0 0 0 0 0 0 0 0 79 0 0 0 0 0 0 0 0 0 0 9 0 0 0 90 0 8
0 3 0 0 0 0 0 76 0 0 0 0 0 0 0 0 0 0 0 0 73 68 71 37 0 31 0 0 16 0 0 10 13 0 97 0 0 0 0 0
0 0 0 0 0 0 68 0 0 0 0 0 0 0 0 0 77 0 0 0 0 78 0 0 0 0 37 0 0 0 88 0 0 0 0 73 0 0 0 0
43 0 0 3 0 39 70 0 0 0 0 0 0 87 0 0 0 0 0 0 0 0 46 90 0 0 0 37 0 0 87 18 0 0 87 0 77 0 0 39
0 0 9 46 0 35 0 0 0 0 0 0 0 0 0 0 48 0 0 49 0 0 17 0 0 87 0 0 40 16 0 0 63 0 0 35 0 88 0 0
0 0 0 0 0 89 0 0 0 57 0 0 0 0 0 0 0 29 48 0 0 0 0 0 0 0 0 0 0 43 0 0 0 9 0 0 0 0 0 0
0 0 0 86 0 0 0 0 0 0 0 0 0 0 34 0 0 0 0 0 0 0 0 0 0 43 0 0 0 58 0 0 0 0 0 0 0 8 0 0
0 0 0 0 81 0 65 0 13 0 0 0 0 31 84 0 0 31 0 0 0 0 64 0 0 31 0 0 0 0 0 0 0 0 21 44 0 82 0 5
0 72 0 0 0 63 0 0 98 60 0 0 0 0 6 0 0 0 0 0 1 60 0 0 0 51 0 0 0 71 0 0 0 0 0 0 0 0 0 0
0 0 0 0 0 76 13 0 54 0 96 95 0 0 0 0 0 0 62 0 0 39 0 0 0 3 39 0 0 0 0 27 0 31 66 6 60 0 48 39
0 0 70 0 0 0 0 0 0 0 0 0 0 0 88 0 93 0 0 46 52 0 0 72 0 0 0 73 0 0 0 0 0 69 0 0 0 0 0 0
0 0 0 0 0 0 22 0 0 63 27 0 49 25 0 0 0 77 82 69 0 44 0 83 0 0 36 2 0 0 0 0 0 0 59 67 0 0 0 0
0 0 0 96 0 0 0 0 61 26 64 4 0 0 0 0 0 23 0 7 42 0 0 0 0 0 0 0 0 0 0 0 11 0 0 5 0 0 0 88
70 0 23 0 83 0 99 0 86 0 0 5 0 0 0 2 6 0 0 0 0 41 0 66 20 0 85 60 0 0 0 0 0 0 0 0 37 33 0 28
0 0 0 0 49 0 0 0 0 0 0 0 48 57 0 84 0 0 26 0 0 0 0 0 0 0 60 0 0 0 0 38 0 0 0 0 0 66 0 0
77 0 87 0 47 0 0 15 0 0 0 0 0 0 38 0 11 0 0 0 0 0 0 0 0 0 0 0 42 40 0 36 0 0 0 0 0 0 0 12
0 0 0 0 0 0 0 0 0 0 45 0 0 0 0 0 0 0 0 67 0 51 0 0 0 50 0 72 0 33 0 0 62 0 0 85 0 0 0 44
0 0 0 0 0 0 0 8 15 0 0 0 0 0 0 14 0 0 40 0 0 0 98 0 0 83 0 0 0 0 87 0 91 0 0 22 59 0 0 0
0 0 0 52 26 0 0 0 0 0 0 0 91 0 0 0 0 95 0 33 0 0 0 0 8 0 0 0 0 20 0 3 0 0 0 0 0 50 0 23
0 29 0 0 0 0 0 0 0 72 0 0 0 82 48 0 0 0 0 0 0 0 29 0 0 0 6 0 0 0 0 0 12 0 0 17 0 0 0 0
3 51 19 91 0 0 81 77 0 81 0 0 0 0 0 0 0 0 0 35 0 0 0 0 5 19 0 0 0 43 56 0 0 14 0 11 0 0 0 52
85 0 0 0 0 0 62 0 21 0 0 0 0 0 0 0 0 0 0 46 97 0 0 0 0 0 0 0 7 0 0 74 0 0 4 55 0 0 0 0
35 0 0 0 35 98 0 0 0 0 0 0 0 0 0 0 0 0 0 0 0 0 0 13 0 0 0 0 0 0 0 0 42 99 0 0 50 0 81 93
2 0 0 60 15 0 0 0 0 0 4 0 0 0 0 56 11 0 0 0 0 0 0 0 0 0 0 0 0 2 0 0 78 24 0 36 0 0 29 0
0 0 0 0 0 14 0 72 0 67 57 0 0 71 0 0 0 34 12 0 0 0 0 0 52 21 83 0 0 0 0 0 0 0 0 0 51 81 42 0
0 77 23 0 77 0 68 0 0 0 0 0 0 0 0 0 0 0 0 0 0 0 0 0 0 18 0 93 0 0 0 0 56 13 0 99 0 31 40 0
0 0 0 0 0 0 12 0 96 0 0 0 0 0 0 0 0 0 0 0 0 0 0 0 80 29 0 0 0 98 0 0 0 0 0 38 0 0 0 0
0 2 70 2 0 31 37 0 0 0 0 0 0 0 0 0 0 0 0 0 26 0 0 0 0 0 0 0 0 0 0 0 0 51 0 0 0 0 0 96
37 0 0 0 0 0 70 0 15 0 79 94 0 0 0 35 26 0 0 0 0 0 76 0 0 25 18 0 70 17 86 0 0 0 66 5 0 0 10 0
37 0 99 0 0 86 0 0 0 39 0 0 0 22 0 0 49 51 0 13 0 95 77 0 0 0 0 0 79 0 0 0 0 34 24 0 0 0 0 0
0 11 0 31 0 0 0 0 0 0 0 0 0 0 41 0 0 92 30 0 6 0 0 0 0 0 0 0 0 0 0 0 17 0 0 53 0 0 0 0
