79 0 0 0 60 0 35 58 25 14 0 0 28 0 0 0 0 0 0 0
0 40 0 0 0 0 83 24 47 0 0 0 0 0 0 0 0 0 0 0
0 32 0 0 0 0 0 0 0 89 0 0 0 0 0 55 0 49 0 83
0 56 0 0 0 42 0 0 0 0 0 0 0 58 0 0 33 0 0 0
0 58 0 0 0 0 89 0 0 0 10 0 0 0 0 0 2 0 0 0
0 0 66 74 0 0 0 0 0 0 0 0 0 0 0 0 0 0 0 0
0 0 0 0 0 0 0 0 13 21 0 0 0 36 73 0 0 0 0 0
0 0 14 0 0 54 0 0 24 0 0 0 0 41 0 40 0 74 0 0
0 0 0 0 0 42 0 0 0 0 0 0 0 0 0 0 0 0 75 28
0 0 0 0 0 0 0 0 0 0 0 47 0 0 0 0 45 0 0 0
0 0 0 0 0 0 0 0 53 0 0 0 0 0 7 0 0 80 0 0
0 0 0 0 0 0 0 0 0 0 0 0 0 0 0 0 0 0 0 77
0 36 0 54 83 0 0 0 23 0 0 0 0 0 9 0 0 0 0 0
0 0 0 0 0 0 0 0 0 0 0 0 0 0 0 85 0 96 0 0
16 0 0 0 0 36 0 0 0 57 0 0 0 26 0 0 0 39 0 84
0 0 0 0 0 0 0 0 23 0 0 60 0 0 91 0 0 0 0 0
0 0 0 69 0 7 0 0 0 0 0 0 0 22 52 0 0 0 0 0
0 0 34 0 0 0 0 85 78 0 0 0 0 0 62 0 0 0 0 0
59 0 0 0 0 0 0 0 58 0 0 0 0 0 0 57 0 0 61 0
0 0 0 0 11 0 0 0 0 0 0 2 0 44 0 0 39 0 80 0
