74 0 0 0 0 0 18 0 0 0 0 0 1 0 0 0 0 0 69 0
0 0 66 0 0 0 0 18 0 0 0 0 13 0 0 24 0 0 0 99
0 0 0 0 0 0 0 0 82 0 0 48 36 0 0 0 0 54 38 93
0 0 0 48 0 3 0 0 0 0 0 11 64 0 0 0 52 0 0 26
0 67 0 0 0 23 76 0 0 0 0 5 0 0 0 39 63 0 0 0
0 0 0 46 0 0 0 99 0 65 81 81 52 0 0 28 20 0 80 0
51 83 0 0 0 26 73 65 0 0 0 0 1 2 0 0 0 85 0 0
0 0 0 58 0 23 0 0 48 0 0 0 0 0 0 0 0 0 22 0
27 0 96 0 87 97 0 0 0 0 0 0 33 0 0 0 0 30 0 50
63 0 0 57 47 0 0 0 0 0 0 46 0 0 0 0 0 0 52 1
0 0 2 22 0 0 2 97 0 37 0 0 0 0 36 6 45 0 0 0
39 37 72 0 76 93 0 0 84 0 46 0 0 0 0 0 9 0 0 0
22 0 0 0 57 86 7 96 0 0 65 83 0 0 0 0 0 0 0 55
0 0 87 49 0 0 91 0 28 38 87 44 41 0 44 0 0 0 0 0
0 0 0 0 0 0 0 8 0 0 17 55 0 0 0 34 48 0 0 31
0 0 0 0 21 0 0 0 0 0 28 0 0 0 99 18 72 0 0 0
0 43 0 0 0 27 1 0 74 28 13 26 55 0 36 38 0 0 0 0
0 29 0 59 0 0 0 0 0 0 0 76 0 0 0 0 0 72 0 41
0 0 0 0 0 0 0 0 0 0 0 0 32 43 31 0 0 0 0 0
60 0 59 9 96 0 35 0 0 0 0 69 0 0 47 52 50 0 61 18
