0 0 0 0 0 0 0 0 0 0 46 0 0 0 0 0 0 0 0 0
0 0 1 0 0 0 0 0 0 0 0 0 0 0 0 70 0 0 0 0
0 0 0 0 0 0 0 0 0 55 0 0 0 0 0 0 0 0 0 0
0 0 0 0 0 21 0 0 0 0 0 88 0 0 0 76 0 0 0 81
0 2 35 0 0 0 0 75 0 0 0 0 79 21 43 0 0 0 0 0
0 32 0 29 0 0 0 35 63 0 0 0 30 0 0 0 0 66 72 0
0 98 0 0 0 65 0 2 0 95 0 62 0 0 0 0 0 0 0 0
0 0 0 0 0 0 31 0 0 0 36 0 0 0 0 0 0 0 0 0
0 0 0 0 0 0 0 0 73 0 0 0 0 0 99 94 0 0 0 52
75 0 52 0 0 0 0 0 45 0 0 6 0 0 41 0 0 38 0 0
0 0 0 26 0 0 0 0 0 0 0 0 0 0 0 0 0 0 33 0
0 0 0 95 78 0 51 0 0 0 0 0 0 0 0 0 0 0 77 0
0 30 18 0 45 0 0 0 0 0 0 0 0 0 0 0 0 0 0 0
32 0 0 3 0 0 0 0 0 0 0 0 0 0 0 0 0 0 3 0
0 0 0 78 0 0 0 0 0 0 0 73 0 0 0 20 0 0 0 0
0 0 0 84 0 0 0 0 0 0 0 0 0 0 50 48 0 0 0 0
0 0 0 0 0 0 0 0 30 83 91 0 0 68 0 0 0 83 97 0
0 0 0 0 0 32 0 0 0 0 0 0 86 1 0 70 0 0 0 0
0 0 65 0 0 0 48 0 0 0 60 0 0 8 8 0 0 0 0 0
0 0 22 0 0 28 0 0 0 0 0 0 6 0 15 0 0 0 0 0
0 0 0 0 0 0 0 0 42 0 55 0 0 0 0 0 0 0 0 0
0 0 58 0 0 0 0 0 0 0 0 38 0 25 0 0 0 0 0 0
0 0 0 0 0 0 0 0 0 0 17 0 0 18 0 0 0 0 0 0
0 0 0 0 72 0 0 0 0 0 68 0 0 0 0 0 0 0 0 4
0 0 0 0 0 0 0 0 0 25 0 32 0 0 12 1 0 0 0 0
42 0 0 0 0 0 0 0 0 0 0 0 0 0 0 0 0 0 0 0
23 69 5 31 0 0 0 0 66 74 0 9 0 0 99 76 0 0 0 0
0 60 0 0 0 50 95 26 0 98 25 0 0 17 0 0 0 0 0 0
0 0 0 0 74 69 0 32 0 0 0 0 0 0 0 0 83 51 38 0
7 0 0 0 23 0 0 0 0 0 0 0 0 0 0 0 0 0 0 0
0 0 15 0 38 0 0 37 4 0 46 0 6 0 0 64 0 0 0 0
0 0 0 0 0 0 0 0 0 0 0 0 0 0 0 0 0 60 0 0
0 0 0 0 0 0 0 0 0 0 97 0 22 0 0 0 0 0 0 0
0 0 0 0 0 0 94 0 0 0 68 0 84 0 0 4 0 37 0 0
60 0 0 0 0 0 0 0 4 61 41 0 0 0 6 0 68 0 0 0
44 0 94 0 0 96 0 11 0 28 55 0 0 0 14 0 0 0 0 0
0 0 0 0 0 0 0 0 0 0 0 0 0 0 0 0 41 0 58 69
0 18 0 0 0 0 0 26 0 0 30 0 57 0 0 0 0 55 0 0
0 54 87 0 0 87 0 0 49 0 0 0 0 0 0 31 0 0 0 0
0 0 0 63 0 0 0 0 7 0 0 0 0 0 0 0 0 0 27 0
