43 0 0 0 0 0 0 0 0 0
0 98 0 0 27 67 50 0 0 0
0 0 0 11 0 0 0 0 0 0
0 0 0 14 0 12 0 0 0 0
0 0 0 78 0 0 0 0 0 0
0 0 0 0 0 35 76 17 0 95
0 0 0 0 0 96 56 0 0 0
0 0 18 31 0 0 81 0 0 77
0 3 26 0 0 0 0 0 7 35
0 0 59 0 0 16 0 0 84 0
0 0 57 0 0 0 0 0 0 0
0 0 18 0 0 0 0 0 0 0
0 0 95 0 0 46 0 77 0 0
0 86 0 61 0 0 0 0 0 0
0 99 0 0 0 0 0 0 99 93
92 78 0 37 0 0 0 0 46 43
0 0 0 0 0 75 0 0 0 0
0 58 0 0 0 0 0 0 0 0
0 0 0 0 36 0 0 0 0 86
0 0 0 0 0 0 0 92 0 53
0 0 0 0 0 0 0 0 0 0
0 0 0 0 0 45 0 26 64 0
71 0 63 99 0 0 0 0 0 0
29 0 0 67 0 51 23 0 0 0
0 0 0 0 0 0 0 63 63 97
0 68 42 0 0 75 0 0 0 0
0 0 0 0 74 65 0 0 0 0
0 0 0 0 0 0 0 0 0 0
0 76 0 0 0 0 6 0 48 62
57 0 67 0 0 9 0 0 46 0
