0 0 0 34 34 79 77 0 0 61 0 0 0 96 0 60 0 74 0 74 0 86 0 0 0 45 0 0 0 0
0 0 0 0 21 95 29 0 0 0 95 0 0 0 0 77 47 20 0 68 0 81 0 0 0 35 0 0 60 0
0 13 0 0 57 0 0 0 65 27 75 5 15 0 71 85 0 0 0 58 0 0 0 0 37 18 0 85 0 0
4 0 0 0 0 80 0 0 0 0 0 35 25 44 0 0 0 0 0 0 0 0 0 0 18 2 99 0 46 54
0 0 0 0 12 0 0 0 0 54 34 0 0 0 0 0 96 57 0 0 2 0 62 0 0 97 87 77 0 50
50 0 3 0 0 0 79 0 74 0 0 0 0 43 0 0 0 0 26 0 0 0 12 93 88 0 0 24 0 52
81 18 0 0 0 0 59 0 0 0 76 0 0 0 8 0 0 0 0 0 77 0 53 3 0 0 72 7 98 55
0 0 0 57 0 14 0 0 65 0 74 0 0 90 0 43 55 0 0 84 0 0 58 0 97 0 0 0 0 0
0 13 0 0 0 0 0 0 0 40 8 0 0 0 21 74 0 57 91 0 0 0 0 0 0 61 0 0 74 0
27 0 0 96 0 0 17 0 0 0 0 0 0 0 0 0 0 0 0 0 0 0 0 25 0 4 65 0 0 0
0 36 0 0 0 0 0 66 42 0 0 0 0 90 0 0 0 81 0 0 28 42 93 1 0 0 29 0 0 0
0 0 0 0 0 0 0 75 0 0 39 0 93 13 0 4 0 13 0 0 17 0 41 66 14 0 61 88 0 0
44 0 0 0 0 0 0 0 0 0 0 0 0 0 63 0 0 0 0 0 0 75 0 0 0 39 0 0 0 0
39 89 0 66 24 0 0 0 60 0 0 0 0 0 0 41 0 0 22 0 0 0 0 95 98 0 53 60 77 0
0 0 0 16 98 0 0 0 35 0 40 13 0 11 51 0 0 71 0 0 0 86 0 37 84 0 2 0 6 37
0 0 50 0 0 0 9 0 0 0 3 0 0 0 0 0 0 85 0 9 0 0 57 53 0 56 0 0 37 0
26 0 0 54 0 83 0 0 27 97 87 0 0 0 0 0 0 0 0 0 0 0 0 0 0 50 0 0 0 0
0 66 0 88 54 0 98 0 55 0 0 0 0 0 19 0 0 0 0 5 0 0 0 23 0 0 0 0 0 0
0 0 0 0 0 83 0 87 0 0 0 0 32 0 84 0 0 0 0 0 0 0 0 0 0 34 0 37 84 0
8 0 34 6 0 0 37 78 0 0 0 66 93 0 0 48 0 0 22 0 65 0 0 97 0 11 0 0 0 0
