0 46 0 86 49 54 0 27 0 95 0 4 0 52 0 0 0 0 0 0 0 0 56 15 0 0 0 42 31 0 0 5 0 0 0 0 47 0 97 87
97 43 94 35 0 0 86 0 0 0 0 0 0 6 0 0 0 60 0 0 90 78 0 0 0 0 0 40 0 0 0 0 95 29 0 87 0 0 0 0
0 0 0 0 0 0 0 74 0 78 0 43 0 0 0 36 81 0 0 85 54 0 0 37 0 0 37 0 0 0 0 0 38 21 68 0 0 9 0 56
0 0 0 0 0 0 0 0 0 0 0 0 6 0 0 65 15 91 44 0 95 0 0 0 37 0 0 0 0 0 0 0 0 0 0 0 0 73 0 0
99 82 40 0 67 87 0 0 29 0 57 0 94 0 26 0 0 0 0 0 0 0 64 0 33 0 0 0 64 38 73 0 60 0 0 19 72 9 0 74
0 0 0 25 50 1 0 0 82 0 0 0 29 0 0 0 0 66 10 0 79 0 0 76 0 0 18 7 0 0 3 0 0 0 83 0 0 48 19 0
0 17 75 0 0 0 0 0 59 0 0 0 21 0 43 45 0 77 0 12 7 18 0 0 0 0 0 11 47 0 0 97 0 0 40 0 0 0 79 0
43 82 82 0 97 42 35 0 63 81 32 0 0 0 0 0 0 0 0 0 0 0 0 0 92 22 95 36 50 16 34 0 0 0 24 0 0 0 0 0
0 27 31 56 0 94 0 0 92 0 0 0 0 0 0 0 0 0 40 0 0 0 0 0 0 0 0 0 0 0 0 20 0 8 97 0 0 0 0 44
0 0 52 28 70 0 28 0 0 0 92 70 66 0 0 0 0 32 0 0 0 0 0 0 0 51 0 0 0 39 39 65 0 0 0 0 0 0 0 84
0 0 0 0 0 0 0 0 0 91 0 0 0 61 0 79 0 0 1 0 0 0 0 0 0 0 12 0 0 0 43 0 0 0 0 67 0 38 0 0
0 0 18 79 74 10 77 0 42 0 60 0 0 3 77 90 19 26 85 0 37 42 55 0 0 52 0 52 0 0 27 0 0 52 0 0 0 0 94 0
0 84 0 0 0 0 0 5 0 67 0 26 0 0 0 11 0 0 0 0 48 0 0 0 24 0 0 0 0 73 16 0 0 0 32 0 0 0 0 0
0 0 0 0 0 0 0 74 0 76 0 33 37 0 0 0 0 0 8 41 0 0 10 0 0 0 38 0 48 51 0 0 0 44 0 62 0 0 0 10
18 31 0 0 0 0 0 0 0 0 0 0 27 0 0 0 19 0 15 0 0 0 0 0 0 0 0 0 0 25 0 0 0 0 83 75 0 41 0 0
0 0 0 48 15 20 0 68 0 0 0 68 50 0 0 0 0 0 0 84 0 0 82 2 46 21 4 0 0 0 0 0 0 0 0 78 0 0 0 18
66 0 0 0 0 55 0 0 78 0 0 36 0 66 14 1 0 0 0 98 97 0 0 0 0 0 0 0 45 0 0 0 0 0 0 0 0 0 0 0
0 0 0 0 0 34 58 76 0 41 0 0 0 0 47 60 0 60 0 0 0 0 64 31 0 26 0 48 0 0 0 42 74 0 0 55 0 0 0 0
87 0 14 2 0 0 0 0 15 0 68 0 0 0 6 78 69 71 0 41 0 0 67 88 5 0 0 0 0 0 0 0 0 13 0 47 0 14 0 0
79 0 0 0 0 98 0 0 73 0 53 51 0 60 37 15 92 0 0 78 0 0 42 0 34 0 0 0 0 32 0 88 0 0 0 77 0 0 0 90
19 0 61 25 0 18 0 0 0 0 35 0 0 0 0 0 37 0 0 0 63 0 0 0 0 43 0 0 74 45 0 0 0 0 27 0 0 0 42 93
0 0 0 69 0 0 0 0 0 0 0 0 98 0 0 22 0 0 0 0 0 56 0 64 95 53 0 93 87 79 0 0 96 0 70 0 0 87 0 98
69 75 0 0 69 53 0 37 3 0 0 0 0 48 64 0 0 16 0 30 0 0 0 0 0 30 0 0 93 0 0 0 0 0 0 0 12 0 56 78
28 0 0 0 0 0 0 0 0 0 88 0 0 91 0 77 0 0 0 0 0 0 0 0 0 0 0 0 8 0 30 0 0 76 0 0 0 0 0 0
0 0 30 0 30 0 0 17 0 63 52 0 97 7 0 0 78 0 90 0 0 0 89 76 0 0 0 0 0 0 20 0 36 64 25 0 0 36 0 0
0 0 0 93 9 36 0 0 0 71 0 0 0 0 0 0 14 0 99 0 0 0 0 0 51 0 0 13 0 0 0 0 0 0 0 0 0 0 0 11
0 0 0 0 0 0 14 43 5 0 0 0 0 0 0 0 62 47 0 0 91 0 0 0 0 72 0 91 0 0 88 20 0 0 0 0 87 81 0 0
89 0 0 0 0 10 0 0 0 0 0 0 0 65 0 0 0 0 34 0 28 0 0 0 0 0 0 0 86 0 0 0 0 0 0 0 46 67 0 40
0 0 0 67 0 3 9 0 18 0 0 51 0 27 0 0 84 0 0 56 0 96 0 0 0 0 0 50 0 32 0 0 0 0 0 54 0 0 0 77
0 8 42 0 0 77 0 0 26 0 0 87 0 69 0 78 0 78 0 84 0 0 0 21 0 0 66 0 12 80 75 2 0 0 0 0 49 67 24 0
