0 68 0 44 46 0 72 75 0 6 0 0 0 22 0 0 0 0 0 95 0 32 0 0 81 0 0 0 0 78 0 39 0 0 0 72 35 0 0 0 55 0 0 0 0 0 29 0 0 0
0 0 0 0 62 0 0 0 19 0 11 0 0 66 93 0 31 0 0 0 0 0 79 85 0 0 0 0 0 0 0 27 0 67 28 0 0 0 0 0 0 0 20 0 0 0 0 0 0 0
14 0 0 0 0 85 0 0 5 55 0 0 0 0 87 0 0 0 0 0 0 0 4 96 0 0 0 54 0 14 82 0 0 0 0 79 0 28 0 0 0 73 0 0 56 48 20 0 0 0
0 0 0 85 80 0 0 59 0 0 0 66 2 21 0 69 0 0 0 0 0 97 0 0 0 0 0 0 0 0 0 0 81 0 0 0 0 0 0 0 0 0 91 18 0 0 0 0 65 83
0 0 0 0 0 0 0 0 0 0 32 0 0 0 0 75 3 0 0 0 43 58 13 25 21 0 40 61 0 0 0 0 0 0 56 0 0 0 0 0 0 0 0 40 0 0 0 0 0 14
0 0 0 0 0 0 0 0 71 0 31 0 0 94 0 0 55 0 0 0 5 0 22 0 3 45 0 0 0 0 0 69 0 77 0 0 0 56 0 0 0 0 0 3 14 0 93 58 13 0
0 0 0 0 0 0 0 56 0 0 0 0 0 0 4 0 0 0 0 0 0 0 0 0 0 0 0 19 0 0 89 0 0 36 95 0 45 0 0 99 0 0 0 0 0 57 0 0 0 19
22 91 0 0 0 0 0 94 99 0 0 0 0 13 0 0 73 0 0 0 0 0 0 0 0 0 77 0 0 0 49 0 0 0 13 0 0 0 0 0 0 0 0 0 0 0 0 0 0 0
0 0 0 0 0 0 0 66 0 0 8 0 0 37 0 0 11 0 95 0 71 0 0 0 0 0 0 0 0 79 0 0 0 0 0 0 0 63 39 28 0 0 0 0 0 0 0 0 0 0
0 0 31 68 32 0 0 0 0 0 0 8 0 0 0 0 50 0 33 0 0 0 12 0 0 0 0 0 0 0 0 0 4 0 0 0 0 0 65 0 0 0 0 0 0 0 0 0 0 0
