0 0 69 97 0 0 0 95 84 0 0 0 0 0 0 62 0 0 0 45
0 0 0 0 0 66 25 0 0 0 0 93 0 0 77 0 17 0 48 0
0 54 0 54 0 10 0 82 93 0 0 0 44 15 0 0 0 0 0 70
0 0 95 43 45 34 0 20 10 0 47 0 56 0 39 0 92 20 0 0
0 0 0 0 0 0 0 64 0 0 15 4 81 14 0 0 0 0 0 0
0 0 0 0 25 0 84 0 93 27 0 75 0 0 83 58 0 0 60 0
0 0 38 0 0 69 0 77 81 0 0 73 78 0 41 0 0 0 0 96
61 0 0 0 0 0 0 0 9 95 0 0 0 0 0 0 0 47 83 0
0 0 0 18 68 0 0 25 60 0 0 0 0 0 0 0 12 26 0 0
7 40 0 20 38 0 0 0 0 0 0 0 0 0 0 0 0 16 25 0
3 28 88 0 0 0 9 0 0 38 0 42 0 0 89 0 0 45 66 0
52 4 24 22 0 0 0 45 0 0 0 0 0 0 91 34 0 0 10 0
0 0 0 0 0 2 59 0 0 55 93 0 0 67 0 62 3 0 0 0
0 42 0 0 0 0 0 0 0 0 0 0 0 0 0 0 0 0 19 0
41 0 52 74 99 50 0 0 0 0 0 0 0 82 0 0 0 0 0 14
0 0 0 89 0 0 53 0 0 0 66 76 24 38 0 0 0 0 5 54
0 0 0 5 0 0 87 0 0 68 0 0 95 0 0 0 48 0 0 0
0 53 0 0 0 48 14 0 0 0 0 0 0 0 0 28 0 0 0 0
0 0 0 0 59 0 0 88 45 0 33 61 0 57 0 0 0 0 0 0
0 92 69 0 96 2 0 15 0 41 0 0 0 0 35 0 0 0 23 20
