0 0 0 0 0 7 0 21 76 7
0 39 5 0 0 0 0 0 0 0
0 89 69 31 68 0 0 0 0 25
0 62 0 0 0 0 72 84 0 86
0 0 0 24 0 84 87 12 0 6
0 28 0 0 0 0 0 0 0 0
0 0 0 19 0 0 78 9 83 94
0 0 0 25 28 0 0 0 0 0
58 0 0 0 0 0 0 0 0 82
0 92 0 95 60 52 0 0 48 0
0 0 0 50 0 0 0 67 73 0
3 0 0 0 0 0 0 0 0 65
0 9 77 9 93 0 0 0 0 89
0 0 0 0 82 0 18 0 62 0
0 0 0 47 12 0 0 0 0 0
0 60 0 0 0 16 4 0 0 0
0 62 0 0 63 0 53 0 0 0
0 0 59 11 86 28 0 0 0 0
0 98 0 0 0 0 91 0 0 0
0 72 0 0 53 0 19 76 48 63
99 16 0 0 0 0 0 0 0 0
0 6 0 0 0 0 0 0 0 0
0 0 0 0 95 57 0 0 79 0
0 28 34 17 0 51 83 0 0 0
96 0 0 88 0 0 0 0 0 82
83 0 0 0 0 46 0 33 0 0
62 17 0 65 0 0 75 0 0 0
0 0 0 25 0 0 94 0 0 65
0 97 0 44 0 0 88 0 52 76
0 46 0 0 0 0 24 0 0 0
0 0 0 0 0 64 0 60 0 21
0 0 59 0 0 0 0 0 0 0
0 0 0 0 0 0 0 0 1 0
0 55 0 97 0 0 89 0 0 0
0 0 0 52 0 0 0 0 0 0
0 46 0 0 93 42 0 0 0 84
0 0 22 0 61 15 0 0 20 5
0 0 0 59 40 0 32 0 8 0
31 0 51 0 0 0 0 96 0 41
0 0 0 23 0 8 0 0 0 0
0 0 0 0 0 0 24 19 76 0
0 51 33 0 47 0 86 0 98 0
0 0 0 92 70 10 0 86 0 13
0 64 0 0 95 0 89 32 95 0
0 0 0 0 0 0 0 0 0 0
48 0 76 0 33 0 0 64 34 0
0 0 0 13 0 0 0 21 0 0
0 0 0 0 72 35 46 0 0 38
47 0 34 0 0 0 71 0 0 50
14 9 0 0 13 0 6 0 0 77
