0 37 81 0 0 74 0 0 0 84 54 0 0 0 0 75 0 0 0 42 0 0 0 0 0 0 0 0 94 0 0 0 43 0 0 99 0 0 0 0
0 0 74 0 80 0 0 0 0 0 0 0 0 0 0 0 83 0 1 0 0 0 0 0 0 0 41 0 35 0 0 0 0 0 0 0 0 71 0 77
0 0 30 0 0 0 0 2 54 0 0 0 0 0 0 0 0 0 0 0 0 0 0 0 0 0 0 0 0 0 60 0 0 0 0 0 0 0 0 0
25 0 0 0 0 89 0 0 0 0 0 0 0 0 0 94 0 0 0 0 0 0 0 0 0 0 0 0 0 0 0 93 0 0 0 0 0 0 0 0
0 0 0 40 0 0 0 32 0 0 0 0 0 0 0 0 0 0 0 0 81 0 0 0 0 0 20 0 98 0 0 0 41 0 0 0 0 14 0 0
0 0 46 0 75 0 0 73 0 0 37 0 0 0 0 87 0 0 0 0 0 31 0 0 11 25 62 0 15 0 0 0 0 46 0 48 0 0 96 0
30 0 95 0 0 0 0 0 0 0 0 0 0 0 0 0 86 0 0 0 0 0 65 0 34 0 0 0 94 0 0 0 0 0 0 0 0 0 0 0
0 0 0 0 64 0 8 0 0 72 0 0 0 63 0 0 0 0 0 0 0 87 92 51 86 0 0 0 57 0 0 30 0 0 0 86 0 0 0 0
0 0 0 0 0 0 0 0 0 92 0 0 20 0 31 0 0 0 32 0 77 0 0 0 0 0 95 0 0 0 0 26 0 0 0 0 0 44 0 0
41 0 77 61 0 0 18 0 0 86 0 0 0 0 0 85 0 47 45 0 0 0 99 0 37 0 0 0 0 0 92 0 0 0 0 10 0 0 0 0
0 63 0 0 71 57 87 0 15 3 0 0 0 0 0 80 0 0 71 0 0 0 0 0 0 0 0 0 0 38 0 0 0 0 95 32 0 0 0 0
0 75 0 0 0 0 0 72 68 0 0 0 0 0 0 6 0 0 0 69 0 0 0 0 0 0 0 90 89 0 0 0 0 0 71 0 0 0 0 68
0 0 42 0 0 0 0 0 0 0 0 90 0 0 0 0 0 0 0 0 16 0 81 0 28 0 27 0 62 25 0 38 0 0 0 0 0 78 36 30
0 0 77 0 0 0 0 25 0 0 81 0 0 83 0 0 0 29 50 0 0 0 0 0 0 0 0 0 0 3 26 0 30 0 0 0 29 0 0 0
0 93 36 0 72 0 0 0 46 21 0 0 3 72 0 0 0 14 0 0 0 79 0 0 0 0 0 0 0 0 60 0 0 0 0 0 0 0 0 0
0 12 78 0 0 0 0 0 0 71 0 78 0 0 0 20 0 0 0 0 0 0 0 0 0 0 0 0 0 0 0 0 0 0 0 0 0 45 0 0
0 0 0 0 0 40 0 0 0 0 0 0 0 0 0 0 0 0 0 0 0 0 14 0 0 0 0 60 0 0 0 0 73 79 0 0 0 0 0 94
64 0 0 85 12 0 0 34 0 0 0 0 48 0 0 0 0 0 0 0 0 0 0 0 0 54 0 0 0 0 0 0 4 0 0 36 0 0 0 0
0 0 0 0 0 0 0 0 0 0 63 0 43 0 0 0 0 0 70 0 0 0 0 66 0 0 0 0 0 0 0 0 0 0 0 0 60 0 0 0
79 0 16 0 0 50 0 0 0 79 0 0 0 0 0 0 0 0 0 0 0 0 0 0 0 0 0 0 0 0 0 0 0 0 0 0 0 0 0 0
0 0 0 0 0 0 0 0 0 0 0 0 66 55 0 0 0 0 0 0 0 0 0 11 0 0 53 0 0 0 1 0 0 0 32 0 0 0 0 0
0 0 0 13 0 0 57 0 0 0 0 75 0 0 78 0 0 8 5 0 0 0 0 0 0 0 30 0 0 45 0 0 79 0 40 16 0 0 66 0
0 0 0 0 0 26 0 0 29 0 70 0 0 0 0 0 72 0 10 0 0 29 0 0 0 0 31 0 0 0 0 0 0 0 0 0 0 0 0 0
0 0 0 0 0 0 53 94 75 0 0 0 0 0 0 0 0 0 65 0 0 0 0 0 0 0 0 0 0 0 0 0 0 0 0 0 0 0 0 0
0 27 0 0 0 0 0 0 71 0 0 0 0 0 0 0 0 0 65 0 0 0 0 0 31 74 0 0 0 91 0 0 0 75 0 0 0 0 0 72
0 0 49 0 0 0 0 0 23 0 0 0 0 0 0 0 0 0 0 0 54 0 0 0 0 0 0 0 0 0 0 0 0 9 0 0 0 0 0 0
0 0 0 0 0 0 88 0 0 95 80 0 0 0 74 13 0 59 0 0 0 12 0 44 0 0 0 0 27 0 65 0 0 0 0 0 48 0 74 8
26 0 65 27 0 0 0 0 44 0 0 0 0 0 0 0 0 0 0 0 0 0 38 0 0 0 0 0 0 0 0 0 0 87 0 0 0 0 20 0
0 0 0 0 0 0 0 0 0 0 0 0 0 42 13 0 0 0 76 0 67 84 0 0 0 0 0 0 0 44 0 0 0 0 0 0 19 50 0 0
0 0 0 0 0 0 0 0 0 80 0 0 0 0 60 60 0 0 2 0 0 0 0 0 0 0 0 0 0 0 0 36 0 79 0 0 0 0 0 0
47 0 0 0 0 0 0 0 0 4 0 0 0 0 18 0 0 0 0 0 0 0 0 0 0 0 66 0 65 0 0 0 0 0 93 0 96 0 0 0
0 0 0 52 10 0 0 0 0 0 28 0 0 0 0 0 16 0 65 66 0 0 0 0 0 0 0 13 66 0 0 11 0 0 0 0 0 0 0 0
9 0 65 0 0 25 0 0 0 0 0 0 4 0 0 76 0 0 67 0 0 0 0 38 0 0 43 0 0 23 0 0 0 0 0 0 0 0 69 0
0 0 0 0 0 51 0 6 0 0 0 0 0 45 0 0 0 0 0 0 0 0 0 0 0 0 48 0 55 0 0 0 0 82 0 0 0 80 0 0
0 0 0 0 27 52 0 0 0 0 0 0 28 0 0 0 52 0 0 0 0 73 0 0 22 0 0 0 0 0 0 0 0 0 82 0 97 0 0 0
0 0 0 0 0 0 0 0 40 0 0 0 0 0 0 0 84 62 92 0 0 0 0 0 0 0 0 0 0 0 0 0 0 0 0 0 38 0 0 6
0 0 0 0 0 0 0 0 0 0 0 0 0 0 0 0 0 0 0 0 45 0 0 0 0 0 0 0 3 0 0 0 0 0 0 0 0 0 0 75
0 0 2 0 13 0 0 0 0 32 44 0 0 0 0 20 0 51 0 0 24 0 0 0 0 0 44 0 0 0 22 0 0 0 0 0 0 0 56 0
0 0 0 0 0 0 0 0 72 0 0 0 0 0 0 0 0 68 29 0 0 0 25 0 3 0 27 0 91 0 0 0 0 2 0 13 11 0 0 0
0 41 0 0 0 0 5 0 0 0 34 0 0 0 0 48 0 35 0 0 0 0 0 0 0 0 0 91 72 94 0 0 43 0 0 0 0 0 0 0
