0 0 0 0 0 0 0 0 0 0 0 0 0 0 0 0 0 0 1 60 0 0 81 0 0 0 0 81 0 0 0 0 0 0 87 0 0 0 34 0 0 0 0 0 0 0 0 0 0 43
0 0 53 0 0 0 0 0 99 0 0 0 0 0 0 0 0 0 0 0 0 0 46 68 29 0 0 0 0 20 44 0 0 0 72 15 0 0 18 0 0 0 0 0 15 0 0 0 0 53
0 0 4 0 78 0 0 0 0 0 0 0 74 2 0 0 0 0 18 0 0 80 0 0 0 0 0 0 0 95 73 72 0 0 43 0 0 0 0 0 0 0 61 0 0 0 0 0 0 0
0 22 0 0 0 0 79 0 0 0 0 75 0 0 0 0 0 30 0 0 0 94 0 0 62 0 0 0 0 15 0 0 62 11 0 32 3 0 0 73 0 0 0 0 11 82 0 0 0 0
0 0 94 84 0 0 0 92 0 5 0 0 48 0 0 0 0 15 73 0 0 83 0 0 0 0 0 0 0 24 0 0 0 0 0 0 0 0 0 0 0 0 0 0 0 0 20 47 0 0
0 57 0 65 0 0 0 0 42 0 0 0 0 0 0 0 0 0 0 0 0 0 0 0 0 0 0 0 22 55 0 27 0 0 0 0 0 0 29 0 59 0 0 0 0 0 0 0 0 0
0 0 0 0 0 0 0 0 0 0 0 0 0 0 0 0 31 0 70 29 0 84 0 0 0 0 0 0 0 0 0 0 0 0 0 0 0 12 54 0 49 0 0 0 0 0 0 65 0 0
0 0 0 24 0 0 3 0 0 0 0 0 48 0 0 0 0 0 0 0 0 0 82 0 0 0 0 0 0 0 0 16 0 0 0 0 0 0 0 67 19 0 0 0 0 6 0 0 0 0
0 0 0 0 0 0 0 0 0 0 0 0 27 0 0 0 0 0 0 0 97 0 0 19 69 0 0 0 0 0 0 0 0 18 0 0 0 0 0 0 0 0 0 0 0 0 0 67 50 0
72 89 0 0 0 0 0 0 17 81 0 67 0 0 17 0 0 0 46 0 0 0 0 53 0 0 0 0 0 20 0 0 0 0 0 49 0 0 0 0 0 0 0 0 0 0 46 69 0 0
