0 0 0 0 29 51 0 0 0 0
86 0 0 21 0 0 0 66 0 0
0 45 51 0 0 95 0 0 0 0
0 0 0 64 56 0 0 34 68 0
0 0 4 0 0 0 0 0 0 0
0 0 1 0 0 0 0 0 0 0
0 0 83 0 0 0 18 0 0 0
41 0 4 0 0 0 0 0 0 17
42 0 0 0 0 93 0 0 0 0
0 0 63 0 0 58 38 0 0 92
0 0 0 0 0 0 0 0 0 0
0 0 64 53 0 0 5 0 0 0
0 0 0 0 0 0 0 0 0 0
0 15 0 0 0 0 0 0 0 0
0 95 0 0 0 0 0 0 16 0
0 0 0 0 0 0 0 0 0 83
19 0 2 0 0 0 0 0 0 0
0 0 0 0 0 0 72 0 0 0
28 55 0 0 0 0 46 0 0 0
0 0 0 0 0 0 35 0 81 0
0 0 0 0 0 0 77 0 69 81
0 0 0 0 0 0 0 0 0 0
0 64 0 0 82 0 0 0 89 0
88 70 94 8 0 0 0 0 0 0
0 0 0 48 0 7 0 0 0 0
62 0 0 22 77 0 0 4 0 0
0 0 0 0 0 0 0 0 0 0
0 0 0 0 0 0 0 0 0 19
0 0 0 0 0 0 0 0 0 0
0 0 0 0 0 0 0 43 0 79
53 0 0 60 97 0 0 0 88 77
0 0 0 0 0 0 0 0 0 11
76 0 90 0 0 0 0 55 0 0
0 0 0 0 0 0 0 0 0 0
0 0 0 0 0 0 94 87 0 0
0 0 0 0 0 0 0 0 0 0
0 0 0 0 0 0 0 0 0 0
16 0 0 0 0 0 0 0 0 0
31 0 0 25 0 0 1 0 0 0
0 0 0 0 0 54 11 61 0 57
0 0 0 0 0 31 0 0 0 40
0 0 16 0 0 6 0 0 0 0
10 0 50 48 0 28 0 0 0 0
0 0 96 83 0 0 0 0 0 96
0 77 0 0 77 0 0 0 0 0
57 0 0 0 58 0 0 0 0 0
0 0 0 63 0 0 0 0 42 84
0 0 7 0 0 0 0 0 0 0
0 0 0 0 0 17 0 0 2 0
0 0 11 0 0 0 0 0 0 0
