0 0 19 0 0 0 0 0 0 0 12 47 0 0 66 0 0 0 0 0 0 0 0 0 85 0 0 97 0 0
0 0 0 0 10 0 82 0 0 12 0 0 0 0 0 0 0 0 0 29 0 99 0 0 42 80 0 99 0 0
0 0 0 0 0 0 0 0 0 0 0 0 0 0 10 0 0 47 0 89 0 75 0 97 0 0 17 0 0 0
0 54 0 0 0 0 0 0 0 0 0 26 0 0 0 86 0 0 0 0 0 0 0 0 0 0 15 0 55 76
47 78 0 0 0 0 0 0 0 0 0 0 0 0 2 0 21 0 0 49 0 0 60 0 0 91 21 0 0 0
34 32 85 61 0 0 0 0 0 0 0 0 64 0 0 0 0 0 34 78 0 15 88 0 0 0 0 0 69 66
0 0 0 0 0 0 6 75 16 0 0 0 13 0 0 0 0 0 0 0 0 0 43 0 0 0 0 22 85 0
29 0 0 0 11 0 0 0 0 0 0 74 0 31 0 0 0 0 0 73 0 27 85 0 0 0 9 0 0 0
48 0 0 0 0 0 43 0 44 0 0 75 0 0 0 0 0 0 96 33 0 0 0 85 0 0 0 0 0 0
0 0 0 0 0 98 16 19 0 49 0 0 97 0 0 0 0 0 1 0 0 0 49 0 0 0 0 55 0 87
0 69 0 0 0 41 0 59 0 0 0 0 0 0 0 0 0 0 0 0 92 0 0 0 0 0 0 0 99 0
0 97 46 87 0 0 0 0 74 37 0 0 96 0 60 51 3 0 80 68 0 0 65 0 0 17 0 98 0 83
33 7 0 0 0 72 0 0 0 0 0 0 0 0 0 0 0 0 0 0 0 0 0 0 0 0 0 11 0 0
73 0 0 0 0 0 0 0 0 0 0 0 0 0 0 0 0 0 0 0 0 0 0 0 0 71 0 0 0 0
0 0 0 0 77 0 45 0 0 0 0 0 83 0 17 89 0 0 0 0 0 0 0 0 51 61 0 11 0 0
0 2 0 0 0 32 0 95 85 0 0 0 0 0 39 0 0 63 0 0 0 0 85 0 19 0 0 51 0 65
0 0 0 0 0 0 60 0 0 0 0 0 0 0 74 0 0 0 0 83 0 0 0 0 40 0 0 0 0 61
0 91 0 0 0 0 59 47 0 0 0 0 95 64 0 0 0 0 30 0 0 0 82 0 0 0 0 75 11 0
0 0 10 56 0 0 17 0 0 0 17 0 0 0 0 0 0 48 15 0 94 0 0 0 0 0 0 58 0 98
0 0 0 0 0 0 0 0 0 8 0 0 0 0 0 98 0 0 0 0 56 0 0 89 0 0 0 0 0 0
66 0 0 0 0 0 0 0 90 0 0 0 0 0 0 0 0 0 0 69 0 0 79 0 0 0 0 54 62 0
0 0 0 0 0 38 59 0 0 0 86 0 0 93 0 0 0 0 0 0 0 0 28 0 0 25 0 0 28 99
23 0 0 0 46 0 29 22 92 0 0 0 0 0 87 30 0 0 0 0 0 0 0 0 30 28 57 0 0 0
66 59 16 0 0 0 15 0 0 0 98 0 28 85 0 0 31 0 0 0 0 0 99 80 72 0 0 92 0 0
0 0 44 0 0 0 0 0 0 0 58 0 0 0 0 0 0 0 0 0 0 61 10 0 0 0 0 0 29 0
0 95 0 0 0 66 0 0 0 0 0 0 0 0 0 0 0 0 0 0 0 0 0 57 0 23 0 0 0 0
0 67 0 0 0 51 0 0 0 52 38 77 1 0 0 0 44 74 0 69 48 86 0 0 0 0 0 15 0 0
0 0 96 0 51 0 90 26 0 6 0 0 0 0 0 2 0 19 32 0 0 0 0 49 0 0 0 0 0 0
0 0 0 0 0 0 0 0 0 31 12 0 0 0 0 0 0 0 54 82 0 0 0 41 0 55 0 0 62 0
0 0 0 0 0 0 0 0 69 72 0 0 0 0 0 0 0 0 0 42 57 0 0 0 0 0 0 9 0 0
23 0 75 0 0 0 0 67 30 21 0 0 0 0 38 0 0 52 18 0 0 0 0 0 0 0 0 0 0 0
0 39 0 45 0 0 0 0 21 0 0 33 0 0 62 0 0 80 0 0 81 0 18 0 0 0 0 0 0 0
0 0 0 37 0 87 51 0 0 0 0 0 29 55 0 93 0 0 0 0 39 0 97 47 0 0 0 0 0 0
0 0 0 64 0 0 0 0 0 0 23 54 0 0 0 0 0 0 0 0 0 0 16 0 87 0 0 0 0 0
0 0 0 0 0 0 0 0 0 0 0 0 0 0 0 74 78 0 0 78 0 0 0 25 65 0 0 5 0 0
96 0 8 0 0 0 89 0 0 0 0 69 0 0 0 5 0 0 0 0 0 0 0 5 0 0 20 0 0 0
12 0 0 0 0 0 0 0 0 0 0 0 0 0 0 0 53 0 0 62 0 0 0 0 21 0 0 67 0 0
0 0 0 0 0 0 61 0 0 0 13 90 55 81 0 0 90 0 45 57 67 18 34 0 0 0 0 0 0 0
0 0 36 68 0 0 74 0 82 0 0 0 0 0 0 0 0 0 0 3 0 10 0 0 0 0 0 0 0 0
37 0 0 0 0 0 0 0 75 0 61 44 0 78 0 0 0 0 0 0 0 38 0 89 0 0 0 0 0 0
