0 0 13 0 0 6 57 0 0 0 0 0 4 0 0 78 0 18 0 0 0 0 0 0 0 0 27 0 91 0 0 0 0 0 0 0 40 0 0 0 0 0 0 0 0 26 23 64 33 0
0 0 0 0 56 0 0 0 68 83 58 0 20 0 0 21 0 0 28 82 0 0 0 0 24 0 0 0 83 93 72 0 0 67 0 0 0 0 0 9 0 70 0 0 39 9 0 7 0 0
0 93 0 0 36 0 22 0 0 0 0 0 0 0 0 0 0 0 68 0 0 0 0 7 0 0 0 0 88 0 0 0 0 0 0 47 79 57 0 0 0 0 0 0 0 0 86 0 0 33
0 96 0 0 0 0 0 42 0 14 26 79 63 51 0 0 27 0 0 0 0 69 0 10 0 0 0 0 0 0 45 98 0 0 0 0 0 10 18 19 0 0 0 0 0 22 32 0 0 0
0 0 80 0 40 0 16 0 51 50 0 0 0 0 0 0 0 0 54 40 94 44 0 0 0 0 0 0 0 0 0 0 0 0 0 63 0 0 0 0 0 0 0 0 0 87 0 79 0 0
0 0 0 0 0 0 63 0 27 0 7 0 0 0 28 0 0 0 0 0 0 0 0 0 0 0 0 0 0 3 6 0 12 34 0 0 0 0 0 27 0 0 0 90 90 0 0 0 0 0
0 92 14 0 0 0 0 0 0 11 0 64 0 85 0 0 0 0 73 78 0 0 0 0 0 0 0 0 0 0 0 0 0 43 60 0 0 0 0 0 89 0 0 0 0 0 0 18 0 0
21 0 0 0 0 0 0 0 0 0 0 59 0 0 0 0 0 93 0 0 54 0 0 0 0 0 0 0 0 0 0 0 0 63 0 51 7 0 63 16 90 0 0 0 0 88 72 0 0 0
0 0 0 13 27 0 0 0 26 0 0 0 0 0 0 0 13 60 0 0 0 56 0 0 0 0 0 0 0 0 76 0 0 0 0 0 0 82 0 0 0 0 77 0 23 0 11 0 0 9
0 80 0 0 71 61 0 0 0 0 0 0 0 0 0 0 26 0 0 40 0 0 0 0 0 96 65 37 22 7 36 0 0 0 81 58 0 0 8 67 0 0 0 0 0 0 0 0 0 0
0 0 0 0 0 0 0 0 0 0 0 0 78 87 0 61 0 0 21 0 63 0 0 0 0 0 0 0 0 0 0 15 0 0 0 1 0 0 0 0 0 0 0 0 0 25 0 0 0 0
0 0 0 80 0 0 0 0 1 0 62 38 0 0 74 0 0 38 0 75 0 0 0 7 74 0 0 23 0 0 0 97 0 0 0 0 0 29 0 0 92 0 0 0 0 0 0 66 0 77
0 97 0 0 0 0 0 0 0 0 0 0 0 47 16 0 57 0 0 0 0 0 0 83 0 0 15 0 0 49 19 0 0 0 0 0 15 0 0 97 0 62 0 0 9 0 14 0 51 0
0 0 41 0 0 0 0 0 0 0 0 0 0 0 63 0 0 44 0 0 0 0 67 0 0 0 42 0 0 93 0 0 0 0 0 0 0 0 96 0 0 0 25 0 0 0 0 51 0 40
0 0 0 66 70 0 0 0 45 0 3 1 0 0 88 0 0 0 0 0 43 0 4 0 0 0 0 0 0 37 0 0 0 2 0 0 64 0 0 0 0 0 0 0 53 22 0 0 5 63
0 95 0 0 0 0 0 36 29 0 46 50 0 0 92 0 0 0 0 0 0 0 0 0 52 0 0 0 0 0 0 88 67 52 0 0 0 73 0 0 0 0 0 0 0 0 0 95 0 0
0 0 0 70 0 0 13 17 63 93 0 85 85 0 26 0 80 0 0 0 0 38 0 0 0 0 67 85 0 32 0 0 0 0 0 0 0 0 0 0 0 0 0 0 0 0 0 3 55 27
34 76 0 0 0 0 0 0 0 50 0 0 0 0 0 0 0 0 0 0 0 0 0 0 0 0 90 0 0 47 0 0 0 7 7 4 0 0 70 0 87 0 0 0 0 0 0 0 0 0
0 0 0 0 99 0 0 0 0 0 0 0 61 84 0 0 0 0 0 0 0 0 0 0 0 0 73 0 0 48 0 0 17 0 0 0 0 0 0 0 68 0 0 0 3 0 0 0 0 0
0 0 0 93 0 0 0 0 0 0 0 0 0 0 34 0 0 73 1 0 0 0 0 85 0 0 0 5 0 0 11 3 0 0 16 0 0 0 36 0 0 0 0 0 0 0 29 0 0 66
49 0 0 0 0 44 0 0 0 0 72 0 0 0 0 7 11 0 0 0 52 0 54 0 0 48 0 0 0 0 0 0 24 0 0 0 0 0 0 0 0 51 50 0 0 0 0 0 51 0
0 0 0 16 0 57 0 0 0 0 40 50 0 85 0 0 98 0 0 0 0 50 0 0 0 0 0 0 0 0 0 0 0 75 0 0 0 0 0 0 0 0 0 0 11 53 0 0 0 72
0 0 0 0 0 0 56 0 0 0 0 0 0 0 0 0 0 67 20 0 0 0 80 25 89 0 0 2 0 0 0 0 78 0 0 0 0 3 0 0 0 0 0 0 0 0 40 11 0 23
0 0 0 0 82 0 0 0 0 0 0 0 0 0 0 0 0 64 0 2 0 0 0 0 43 0 0 0 73 95 0 0 0 0 0 0 93 0 88 0 0 27 41 0 0 0 0 0 0 60
0 0 0 0 0 0 35 33 0 0 0 89 0 29 5 0 0 0 0 0 0 0 0 0 0 0 0 0 0 0 91 0 95 0 55 0 0 40 0 12 0 0 0 0 0 28 30 41 12 0
0 0 0 0 0 4 0 0 0 6 0 0 47 0 0 34 99 0 37 0 0 0 0 0 73 0 0 16 0 0 72 0 0 85 0 0 0 0 0 77 0 0 0 0 0 0 0 0 56 0
23 0 0 0 35 60 0 0 0 0 0 0 0 0 0 0 0 0 0 0 6 2 0 0 0 0 0 0 0 8 0 0 49 0 25 0 87 0 0 0 0 75 0 0 0 0 0 0 0 0
0 3 0 0 0 0 58 0 35 0 51 0 0 39 9 0 0 0 0 84 12 0 0 0 0 0 0 0 0 0 0 0 0 0 0 0 30 0 0 0 99 0 53 92 88 0 87 0 0 0
0 57 0 0 0 0 0 0 0 0 0 0 84 9 0 0 0 0 3 0 0 0 10 0 0 0 40 0 0 0 0 0 22 0 29 0 0 0 34 0 0 0 77 0 0 0 71 0 0 0
0 0 0 0 35 0 52 0 0 0 0 22 0 0 0 48 19 46 98 90 0 0 0 0 6 0 17 0 0 0 0 53 0 0 0 0 67 0 0 0 0 0 0 0 0 0 0 0 0 59
0 0 0 0 72 0 0 24 0 0 0 14 0 0 51 0 58 0 0 0 0 0 0 0 0 65 0 0 0 0 0 0 0 0 0 34 0 27 0 0 0 0 20 0 0 0 98 61 0 0
0 60 0 0 0 0 0 0 4 57 0 0 0 0 0 0 13 0 0 0 0 54 0 0 0 0 16 0 0 93 0 0 0 0 0 0 0 89 0 23 2 0 0 30 92 0 59 0 0 0
79 0 61 71 0 0 0 0 0 0 0 0 0 0 0 0 17 61 58 0 0 0 0 0 32 0 50 0 0 39 0 0 0 0 0 0 49 0 78 0 0 0 0 0 0 0 0 0 0 99
0 0 0 59 0 49 0 0 0 0 0 0 0 0 46 0 0 0 0 0 0 0 0 0 0 10 0 19 0 0 0 59 0 0 38 0 0 0 0 8 0 28 44 0 0 0 0 0 0 68
0 0 0 90 0 0 0 0 0 0 1 0 0 0 0 0 74 0 81 5 16 0 0 0 85 0 0 0 95 0 0 0 0 0 34 40 0 0 0 0 37 95 0 0 0 0 0 2 0 0
0 84 0 0 0 0 0 0 0 0 0 0 0 59 0 87 0 0 0 0 0 72 0 0 36 0 0 0 0 83 0 0 0 0 0 92 0 0 0 0 0 0 0 0 7 31 0 0 83 0
0 0 0 0 0 0 95 0 44 0 0 0 0 0 0 99 73 0 0 0 0 21 51 0 0 0 0 89 98 0 0 0 0 0 0 0 0 0 0 0 89 0 0 95 40 0 0 0 0 0
63 5 72 0 0 0 0 0 34 0 0 0 29 13 0 0 0 0 0 0 0 0 0 0 0 68 0 2 0 0 81 0 0 14 0 10 37 0 0 7 0 0 0 0 39 0 0 0 0 0
22 51 0 0 0 59 0 26 0 0 19 0 0 0 51 0 0 0 0 11 0 0 0 0 0 0 22 0 0 81 0 0 0 0 0 0 0 0 0 0 89 16 0 0 81 56 9 0 99 0
0 28 26 0 56 0 0 0 0 32 0 0 0 78 33 70 0 80 28 0 0 0 0 0 0 0 0 0 0 0 0 0 0 0 15 0 0 73 0 0 0 0 87 0 0 28 54 58 0 0
