0 0 56 0 0 0 10 0 0 0 0 0 0 0 23 37 0 0 34 0 0 0 0 0 0 0 94 87 0 0
20 0 0 60 0 0 0 0 0 0 24 0 48 17 0 0 0 0 60 0 0 90 0 61 66 15 96 0 0 0
0 0 62 0 0 0 0 0 0 0 0 0 0 73 0 0 35 0 0 0 97 0 0 85 48 52 49 0 0 0
0 0 0 0 0 0 49 0 99 0 0 0 0 0 0 0 0 0 64 86 0 85 0 68 0 0 0 78 42 0
0 0 99 64 0 0 0 82 0 91 0 0 32 93 0 0 0 0 90 0 0 0 0 0 64 89 0 58 0 0
55 0 0 0 0 30 0 0 0 0 44 0 0 0 92 0 92 95 0 0 0 0 0 0 71 0 0 2 39 0
16 47 0 0 28 82 0 0 7 41 0 59 0 0 0 0 0 0 0 0 0 0 0 0 0 44 96 0 0 82
0 0 0 0 0 0 64 0 0 76 26 0 21 55 0 37 0 0 62 0 92 0 0 0 54 70 0 89 0 61
0 0 0 0 9 0 59 0 93 0 0 0 0 0 0 0 67 0 0 0 0 0 78 18 73 32 0 0 46 0
0 0 0 99 0 0 0 33 0 0 73 0 0 0 0 0 0 0 0 43 0 0 0 95 0 0 0 0 76 0
0 0 0 65 8 93 67 0 72 0 0 17 0 0 10 48 0 89 0 50 0 35 0 0 0 0 0 0 71 0
0 0 36 0 0 0 0 73 0 0 0 0 0 0 0 97 0 0 0 0 83 53 0 0 0 0 8 0 0 0
78 13 57 0 43 3 23 0 46 0 0 0 0 60 0 0 0 74 55 39 0 0 0 0 0 92 0 33 75 0
0 0 69 0 64 66 0 0 0 0 0 0 0 99 0 28 21 20 0 0 0 15 0 0 0 46 0 0 0 0
0 8 0 0 13 0 0 0 0 48 0 0 0 89 26 0 3 0 0 0 0 39 0 0 0 0 0 0 0 0
74 27 0 77 92 89 0 0 3 0 38 0 0 0 0 0 0 0 70 0 0 0 0 0 0 0 49 0 0 0
0 0 0 8 0 0 0 0 36 81 21 27 0 45 28 22 0 0 58 0 0 0 0 0 0 0 0 0 0 0
0 75 0 0 68 8 0 0 0 0 91 44 12 0 58 41 40 12 0 0 0 0 0 0 0 0 0 5 0 0
0 0 17 0 79 0 0 47 71 39 52 28 0 0 29 99 87 65 0 49 0 41 0 0 77 7 20 29 0 0
0 0 34 0 62 0 0 0 0 0 30 0 24 17 60 72 0 0 90 0 0 41 29 32 15 63 0 92 3 0
