60 0 0 0 92 0 0 0 0 0 0 96 0 0 0 0 0 0 0 0 0 62 0 86 0 0 0 0 8 0 50 0 0 35 0 0 0 0 0 0 0 0 0 0 0 0 0 0 0 52
0 0 34 85 0 0 0 18 99 24 45 0 0 12 0 0 0 0 0 0 0 81 0 25 44 0 0 62 0 0 0 0 0 0 0 37 70 0 32 0 0 0 0 0 52 64 0 0 0 0
0 0 0 0 0 0 64 0 0 0 70 0 0 0 0 0 13 0 0 0 0 31 0 8 0 0 0 0 0 0 0 0 42 94 3 0 73 0 0 32 68 0 0 0 0 16 0 0 0 0
0 27 0 0 0 0 0 0 77 0 42 0 0 45 0 42 18 0 80 0 0 0 0 39 0 0 0 0 0 0 0 0 0 0 79 0 0 0 31 30 0 0 0 0 96 0 84 44 0 0
79 0 11 0 0 0 0 0 54 0 0 0 0 0 0 28 24 0 78 79 0 0 0 0 28 0 0 0 0 0 0 0 54 0 0 0 0 0 47 0 0 0 23 0 0 0 16 20 0 0
0 53 0 0 0 0 0 78 0 0 0 0 0 0 43 0 0 0 74 59 30 15 0 0 0 64 0 0 0 0 0 0 0 0 0 0 0 32 0 0 0 0 0 16 0 0 0 0 60 0
0 0 0 0 0 92 0 0 0 82 0 0 19 0 0 0 89 0 0 0 72 84 52 0 0 20 0 0 0 0 0 0 0 5 0 0 25 0 0 0 0 20 0 0 0 0 0 0 0 70
0 0 0 0 0 0 0 0 0 42 0 0 0 0 44 0 0 0 0 0 85 0 0 0 0 82 0 13 0 0 0 0 43 4 51 0 0 0 83 0 0 0 42 0 0 0 85 0 0 0
14 0 0 34 0 0 0 0 0 0 28 0 1 0 0 15 0 0 0 0 78 0 0 43 0 0 0 0 0 38 0 0 0 0 0 0 0 92 0 0 0 0 0 0 24 60 87 0 68 0
93 0 0 0 15 0 0 0 0 0 0 0 0 0 84 0 37 14 0 0 0 0 0 0 42 0 0 0 0 0 0 0 0 26 24 0 0 0 0 11 0 0 0 0 84 0 43 0 0 0
0 0 0 0 0 0 0 0 0 0 0 0 0 85 0 0 47 0 0 0 0 0 0 0 26 97 0 71 0 12 0 2 94 0 0 94 61 0 0 0 0 6 0 0 0 59 0 0 72 0
0 0 0 68 22 0 0 0 22 0 0 0 0 0 0 0 0 11 63 0 0 0 0 0 0 0 0 0 0 51 0 0 0 0 0 52 0 0 0 0 0 0 0 0 0 0 0 0 0 0
0 0 0 0 0 0 0 0 18 0 0 0 0 89 16 42 0 0 0 53 0 0 0 52 0 0 0 0 0 37 0 0 0 0 0 0 0 0 0 0 0 30 0 0 0 18 65 0 0 0
0 0 0 30 0 0 61 35 59 0 0 0 0 40 0 0 0 96 0 0 0 48 0 0 32 0 54 0 0 0 0 19 96 0 0 52 0 0 0 42 0 0 0 0 0 72 25 84 0 0
0 0 0 0 19 0 0 0 0 0 0 0 0 0 0 0 0 36 0 0 0 0 0 72 81 0 0 0 88 31 83 13 0 36 0 0 28 0 0 0 77 0 30 0 0 0 96 0 0 87
0 0 54 0 0 0 0 0 98 0 0 0 0 0 0 0 0 0 24 0 0 0 0 69 0 0 84 0 0 0 0 0 0 0 0 0 0 0 0 0 81 0 55 0 97 0 27 0 0 0
67 0 0 0 0 0 0 0 0 32 0 0 0 22 5 0 0 16 0 0 31 0 0 0 0 0 0 0 0 56 62 36 0 0 52 0 0 0 0 52 0 0 0 0 0 13 0 0 0 0
72 0 84 0 0 0 76 55 0 0 0 0 0 0 0 0 0 0 0 0 0 5 38 0 0 0 51 0 0 0 0 47 0 0 0 0 0 0 0 22 0 0 0 0 0 0 0 0 0 0
95 0 14 0 0 0 0 46 0 0 0 0 0 0 97 0 0 0 0 0 0 0 72 66 38 0 0 79 72 0 33 0 58 0 0 0 0 60 0 0 0 0 0 0 0 0 65 0 0 0
0 0 91 0 0 0 0 0 0 0 0 0 82 31 0 0 0 0 0 0 0 69 50 0 0 0 0 1 90 98 0 50 0 0 4 0 0 0 39 0 0 0 0 0 0 0 0 0 0 0
0 0 88 0 0 0 6 3 0 13 0 0 0 21 0 99 0 95 0 0 0 0 1 0 0 0 64 0 70 9 63 0 0 0 0 0 0 0 0 0 0 0 40 0 0 6 96 71 30 95
0 0 0 0 73 0 0 1 0 0 0 0 88 0 0 53 3 0 0 0 0 61 90 0 0 0 0 0 0 0 0 0 96 0 0 95 0 0 0 0 82 0 0 0 0 47 99 0 86 0
0 0 0 0 0 67 0 0 48 0 0 0 0 0 0 59 0 0 30 0 0 0 0 0 90 0 0 0 46 0 0 0 0 62 0 0 0 0 0 0 0 0 7 0 86 0 78 0 12 0
0 0 0 0 0 0 0 0 0 0 8 26 0 0 0 0 0 62 0 0 0 0 0 0 78 0 86 40 0 0 1 49 0 0 34 0 74 0 0 0 62 0 51 0 0 0 0 0 0 0
0 0 0 0 0 0 23 0 0 0 0 0 0 0 0 0 0 0 0 0 0 0 0 22 0 0 0 0 88 0 0 0 83 0 0 0 0 25 0 0 0 33 22 0 0 92 0 0 67 0
0 0 0 28 0 0 0 0 0 0 0 0 0 35 63 0 0 86 0 0 0 68 0 0 24 0 0 0 31 29 60 0 0 27 24 0 0 0 0 0 66 0 0 42 0 0 0 43 0 0
78 0 0 0 0 0 0 0 0 0 26 0 41 0 0 0 0 0 0 0 0 0 50 0 0 20 0 32 0 42 59 0 0 69 0 0 83 53 0 0 0 0 40 0 0 5 0 0 0 92
19 0 0 48 58 0 0 0 0 0 42 44 0 0 0 0 0 0 75 0 0 0 0 0 0 0 21 0 0 0 0 0 0 14 0 0 0 22 0 0 0 0 0 0 0 0 0 22 0 0
0 0 69 0 0 0 0 0 7 0 0 60 60 0 0 93 0 26 0 0 0 0 0 0 16 0 0 0 31 0 0 0 0 0 0 0 30 0 59 68 24 0 0 0 0 0 67 0 53 0
0 86 0 0 0 0 0 85 34 0 0 0 0 0 0 0 87 0 0 30 0 49 0 0 0 54 0 0 0 0 0 82 0 52 0 23 0 55 0 0 0 0 66 0 3 0 0 45 0 0
0 41 0 88 0 33 19 0 0 71 0 0 14 0 0 10 0 77 0 99 0 0 78 0 0 0 0 98 53 88 0 0 0 25 0 45 0 0 0 0 0 0 0 60 0 0 31 0 7 0
0 0 92 0 0 0 43 0 0 0 98 2 0 0 0 68 0 57 0 57 0 21 0 0 45 0 0 77 0 6 0 0 0 47 0 61 1 0 98 0 0 0 0 0 0 15 26 0 0 0
0 52 0 0 0 43 0 0 65 0 0 1 17 0 0 73 31 87 55 0 0 0 20 0 0 0 65 46 0 41 65 0 0 0 0 0 44 28 0 0 42 0 0 0 0 99 50 29 0 0
0 0 0 0 0 0 0 0 0 0 0 0 0 0 0 0 0 22 0 0 0 0 0 0 58 0 0 0 0 63 0 0 8 0 0 67 84 5 0 0 0 0 0 0 0 0 0 0 0 53
0 0 0 0 0 73 75 15 83 0 0 83 0 0 0 47 0 0 0 0 0 0 31 0 0 0 0 50 0 85 26 0 19 0 0 0 0 0 0 0 0 0 0 0 0 0 0 84 41 0
0 23 0 76 0 0 0 31 55 6 0 0 0 22 48 0 0 0 0 40 50 0 44 0 0 0 0 0 68 0 17 0 0 10 0 0 0 0 0 22 0 0 32 84 0 0 0 0 0 0
18 0 77 0 0 3 0 0 0 0 0 0 0 2 6 99 0 37 0 0 58 56 0 0 0 0 25 31 61 0 0 0 42 0 0 70 0 58 0 0 0 0 0 38 48 0 0 0 0 73
0 0 57 0 0 12 0 0 93 0 0 56 0 0 0 0 43 0 0 0 0 32 0 19 46 0 0 0 0 0 0 0 0 0 0 95 0 0 17 0 0 83 0 0 0 0 77 0 0 45
0 0 0 0 0 0 0 18 86 1 43 60 10 0 0 0 0 57 0 0 58 0 28 0 0 0 0 0 0 67 0 0 0 0 0 0 0 0 0 0 0 0 0 0 0 0 91 0 27 0
0 0 0 0 25 0 16 83 0 0 40 0 55 0 0 0 0 36 0 37 0 0 10 0 0 4 51 0 0 0 0 0 92 50 61 0 0 0 0 92 0 77 11 0 43 0 0 3 0 0
52 0 0 0 0 0 0 29 0 0 0 0 0 63 2 0 34 0 0 0 0 40 0 0 0 0 0 0 0 0 0 80 0 13 0 0 0 0 0 0 0 0 0 80 0 0 0 0 0 0
0 0 0 84 0 0 0 0 0 0 67 35 0 74 0 0 0 0 39 0 4 0 0 72 0 0 0 83 97 0 78 3 41 0 0 0 2 0 0 98 0 0 48 0 0 0 93 0 0 0
0 0 81 0 0 0 0 0 0 0 0 40 0 82 0 0 0 0 0 0 0 80 0 0 96 97 0 0 24 0 0 0 0 64 52 71 0 0 0 0 0 0 0 23 0 0 0 0 0 0
0 0 11 0 0 0 0 0 0 0 0 76 0 35 0 0 0 9 25 3 0 0 0 0 0 0 0 0 0 0 32 0 0 0 0 0 61 23 0 0 0 0 3 0 0 0 20 0 0 0
0 0 0 17 0 0 0 90 0 0 0 0 60 0 0 0 0 31 0 0 0 0 87 0 57 0 0 0 0 0 0 0 0 0 0 0 79 0 0 0 0 24 0 0 0 61 0 0 0 12
18 0 0 60 0 0 48 0 0 0 39 74 0 21 44 0 22 0 0 0 0 0 0 0 0 0 0 0 0 0 0 0 0 0 0 0 0 0 0 0 0 0 0 0 0 0 0 0 0 0
0 49 0 92 67 0 0 0 0 0 0 0 0 89 0 0 16 0 0 0 0 78 0 0 0 0 0 0 0 0 0 0 0 91 0 91 0 0 0 0 0 0 0 86 0 0 0 16 0 0
0 0 14 0 0 0 0 0 0 42 0 0 0 0 0 0 0 0 0 80 0 25 18 0 0 0 0 0 0 0 0 0 0 0 0 0 0 0 0 0 0 66 0 84 0 0 18 0 0 0
90 0 0 47 63 80 0 0 93 0 0 68 0 0 0 0 0 0 96 0 6 0 0 0 52 0 0 0 0 0 78 0 65 0 0 52 0 0 9 0 0 0 43 0 0 0 0 0 0 0
0 0 0 0 0 0 0 0 0 0 0 0 0 0 56 0 0 0 0 0 0 0 0 0 0 0 88 0 25 0 0 0 0 0 85 0 0 0 0 29 0 63 0 0 0 0 0 0 0 0
