0 0 0 0 68 0 4 26 0 87 32 0 0 0 0 0 0 81 0 0 23 61 0 0 0 0 0 0 29 1
0 57 0 0 96 0 0 0 0 0 0 0 0 0 0 0 87 0 0 0 90 75 0 0 34 95 0 0 0 0
0 93 63 0 67 86 29 0 0 0 41 0 0 0 89 15 73 0 0 0 0 0 0 10 0 0 0 0 50 20
3 0 70 0 86 0 53 0 52 21 5 0 0 73 0 88 0 0 0 28 0 0 0 0 0 0 0 35 0 0
0 0 24 0 9 0 0 36 20 0 0 7 0 0 0 0 0 0 44 0 60 0 0 44 64 0 36 0 0 57
39 0 0 61 93 0 0 0 0 0 0 99 0 61 48 0 37 0 0 19 0 95 0 13 0 0 92 0 0 3
0 0 0 31 84 0 0 0 0 0 0 0 0 0 0 0 29 0 0 0 0 0 0 60 0 0 14 75 0 1
0 87 0 87 0 8 33 66 0 0 0 0 0 52 0 54 0 0 0 0 39 0 0 0 3 0 60 0 17 0
89 0 6 0 0 33 0 0 0 0 0 0 50 0 72 0 0 0 76 0 86 0 15 0 0 0 0 88 0 0
93 0 0 63 52 67 77 0 56 0 0 0 58 0 81 0 0 13 38 74 50 0 0 0 0 32 0 0 0 0
0 17 0 76 59 54 67 0 48 0 64 21 22 0 0 0 0 2 0 98 0 0 79 0 0 0 11 0 0 0
62 0 0 41 0 96 91 0 34 0 0 0 0 70 10 0 0 0 12 79 0 0 8 95 50 0 92 0 0 0
63 0 0 0 79 0 0 0 0 0 1 87 76 0 60 0 0 0 0 11 35 0 0 0 0 59 0 0 99 0
0 55 0 0 0 0 49 0 0 48 74 0 98 17 0 98 0 11 0 0 14 0 0 0 0 51 0 0 0 53
0 22 34 0 0 0 0 0 0 90 0 0 0 0 0 0 0 61 0 0 32 0 0 0 40 0 62 40 0 0
0 0 0 0 36 45 67 0 1 30 52 91 0 0 0 0 37 0 54 0 0 0 0 0 0 96 1 11 32 0
0 0 0 0 0 76 0 0 77 0 0 0 0 0 0 0 0 0 0 0 0 0 29 0 0 0 0 0 0 9
0 66 60 0 14 0 0 0 0 0 37 0 0 98 0 25 0 0 0 23 86 0 25 0 0 0 0 0 35 0
0 0 0 53 0 0 0 0 17 0 0 0 0 46 91 0 0 0 0 0 0 0 0 0 0 61 0 0 19 0
0 0 0 82 0 75 74 99 0 0 29 0 78 0 92 67 0 0 27 0 0 0 46 0 0 86 6 0 0 0
0 0 0 0 0 64 0 0 0 85 76 92 74 89 0 33 34 0 57 0 0 94 33 97 0 0 74 32 0 57
62 0 42 0 0 0 0 64 0 0 11 0 0 0 17 0 3 0 77 0 11 0 0 0 91 88 0 0 0 64
0 0 54 0 0 56 10 84 0 0 0 0 0 0 6 0 0 26 10 0 0 0 0 54 40 0 0 60 0 0
0 0 0 0 0 12 0 0 0 0 0 0 56 99 91 99 0 0 0 0 0 33 96 0 0 0 60 0 0 0
0 0 80 0 0 0 30 0 0 8 56 0 50 19 0 0 0 0 0 79 70 0 63 0 6 0 23 0 0 11
0 19 0 8 0 0 64 0 0 0 41 0 0 70 0 0 0 0 0 0 0 0 0 0 69 0 0 0 5 0
0 23 0 61 0 0 38 0 0 0 0 70 0 0 0 0 0 0 0 0 0 25 52 0 0 0 0 51 63 82
0 0 0 0 0 0 0 71 0 86 66 0 71 89 49 0 40 0 0 0 0 25 22 25 0 75 75 0 0 0
0 68 0 88 0 64 0 0 48 0 0 60 91 0 0 0 0 0 86 0 0 36 34 0 11 43 0 40 0 0
98 73 0 0 0 0 0 0 0 0 47 90 33 0 0 14 0 0 0 84 0 38 50 72 0 0 0 0 0 0
0 0 80 94 38 1 0 0 74 0 0 0 0 0 5 0 0 5 0 0 9 0 13 0 0 0 0 0 22 17
0 0 16 80 0 70 0 0 0 0 0 0 26 0 0 3 69 0 45 25 0 0 75 0 0 0 0 0 0 0
0 0 0 0 0 0 0 0 0 0 0 0 0 0 0 0 97 0 0 0 71 73 2 0 0 0 37 0 0 0
0 0 0 0 0 59 0 0 0 0 0 0 24 0 0 0 0 0 0 0 93 0 64 52 67 0 13 30 63 0
0 96 60 0 0 0 0 53 0 24 56 2 0 0 0 0 0 0 36 25 0 0 0 0 0 0 0 0 10 0
42 0 52 0 0 63 50 0 0 0 82 0 0 70 0 57 0 0 2 1 0 0 0 34 0 0 0 0 93 0
0 70 0 0 0 0 0 0 72 43 85 76 48 0 0 0 0 0 0 0 0 28 0 0 0 0 0 0 49 0
0 0 18 0 0 0 0 0 17 0 0 34 0 0 0 0 19 55 0 0 0 0 0 0 0 0 2 0 0 0
50 0 0 0 0 0 0 0 0 0 69 65 0 32 0 0 0 0 0 0 0 0 0 0 0 0 0 67 0 0
0 0 71 0 0 23 0 0 0 3 9 0 0 0 0 0 25 0 55 0 0 37 0 90 0 88 0 0 0 17
0 22 68 84 60 0 0 0 48 0 0 0 0 0 0 0 0 31 0 0 0 0 0 63 0 51 0 0 85 88
0 0 0 14 64 0 2 0 0 67 0 0 28 91 0 54 92 3 92 29 35 24 21 93 0 0 4 64 60 0
0 0 0 0 16 0 47 0 0 1 41 0 0 30 0 0 0 0 81 0 0 12 68 0 0 81 0 0 0 0
0 0 0 66 0 0 0 55 0 0 0 0 0 0 0 0 95 0 0 0 55 0 40 0 29 0 75 0 0 29
0 0 0 0 72 0 0 2 0 96 0 0 10 0 0 0 0 0 96 0 0 0 0 0 0 0 42 0 1 54
22 0 87 90 55 0 88 0 85 0 0 83 0 0 0 0 0 0 0 0 0 0 51 0 0 77 0 0 0 0
92 26 0 0 0 12 7 0 0 76 0 0 79 12 52 0 0 0 0 0 0 0 0 0 0 0 0 98 72 0
0 0 0 0 0 0 0 0 0 36 0 0 0 0 0 0 30 48 0 0 83 0 0 0 81 0 88 0 0 87
0 64 71 0 0 50 0 23 0 0 10 0 62 2 0 0 57 0 0 0 0 0 0 0 51 21 22 0 59 77
0 0 0 23 0 0 0 0 20 0 0 25 71 46 87 0 0 0 0 0 87 0 0 0 33 0 7 0 51 0
