60 0 26 0 0 0 0 0 0 0 0 82 0 63 21 0 0 0 0 14 0 0 0 0 0 0 93 0 0 0
0 0 0 0 0 0 4 0 0 69 78 0 0 0 0 0 0 29 0 0 16 0 0 0 0 0 25 0 0 0
0 0 69 0 0 0 0 15 0 0 0 0 0 0 0 0 0 0 0 0 98 0 0 0 90 0 0 73 0 0
0 0 0 26 0 0 22 70 6 0 0 0 0 73 79 0 0 6 0 0 0 0 0 74 18 0 0 0 0 0
0 0 0 0 0 0 0 0 0 0 1 0 0 0 39 16 0 0 0 0 0 0 86 16 0 59 0 0 84 0
0 92 51 0 0 0 59 0 0 0 0 0 0 0 0 0 0 0 71 33 0 0 0 0 0 0 0 23 0 0
0 0 0 0 0 90 74 28 0 40 0 0 0 0 91 35 0 0 0 0 0 82 0 0 0 0 0 48 0 0
17 0 0 0 0 35 0 0 0 0 0 0 0 0 0 0 0 0 0 28 0 0 0 0 0 0 33 0 0 0
0 0 0 0 59 0 0 0 0 79 18 60 29 0 48 83 0 0 0 0 0 0 46 0 84 0 51 0 0 0
0 0 0 41 52 0 0 0 0 0 0 0 0 0 0 34 0 0 0 0 0 0 0 0 0 24 0 14 49 0
0 0 0 0 0 0 0 0 0 0 0 0 30 41 0 0 0 0 0 25 0 0 18 2 0 0 0 76 0 0
55 0 12 58 0 0 0 0 0 10 0 85 0 0 0 0 0 66 0 0 0 0 42 0 67 0 0 0 0 0
0 0 39 0 55 0 0 0 0 38 0 0 0 0 40 0 0 0 0 0 0 0 0 0 76 0 0 0 0 31
0 0 84 54 0 0 0 0 76 0 31 96 0 0 0 0 0 0 0 0 0 0 0 0 0 0 18 19 0 0
0 0 0 0 0 0 0 73 0 0 0 0 0 0 0 0 0 97 0 0 0 0 0 0 0 0 0 66 45 0
0 0 39 31 0 0 0 55 0 0 0 0 0 57 0 0 0 0 0 0 0 0 0 0 0 39 20 0 68 0
84 9 0 0 0 0 0 59 0 0 0 0 0 0 0 0 0 0 0 0 0 0 0 12 32 0 19 0 0 0
0 0 37 0 61 0 90 66 0 0 57 0 0 0 0 0 82 0 0 0 0 0 38 0 86 0 0 0 0 0
0 0 0 0 92 0 29 0 0 0 0 62 0 0 0 0 0 0 0 87 0 0 0 0 0 76 68 0 0 93
0 0 0 0 0 0 0 0 69 0 0 15 0 97 0 25 0 99 0 0 0 0 0 0 0 0 0 0 0 0
99 0 45 0 0 0 0 8 33 0 19 0 0 2 0 0 0 0 0 0 48 74 0 77 0 0 0 53 0 0
0 0 0 0 0 0 0 0 0 9 0 0 0 0 0 60 0 0 0 0 0 0 0 0 0 0 34 0 0 0
0 0 0 0 0 0 0 0 99 0 0 4 0 36 0 95 0 0 92 0 82 54 0 0 23 4 0 77 0 16
0 0 0 0 0 10 38 0 0 0 0 0 0 0 0 22 37 0 0 95 0 0 0 0 85 87 0 0 43 0
32 59 0 0 52 0 0 23 0 0 0 96 0 86 0 0 0 0 0 95 0 0 0 0 19 0 68 0 0 0
98 0 4 0 0 0 0 0 0 29 0 0 71 14 43 62 63 0 0 0 0 88 0 0 0 0 0 7 0 0
0 32 0 0 0 0 0 44 0 0 0 0 0 0 0 0 0 0 0 0 0 0 0 0 0 0 21 0 0 4
0 0 0 0 25 0 0 0 0 0 93 0 0 0 0 0 0 0 0 0 0 0 85 8 18 0 0 26 0 0
1 0 0 0 99 0 91 0 0 0 0 0 0 0 0 0 0 95 0 0 0 0 0 0 0 74 0 23 0 0
0 0 98 55 0 0 0 0 0 0 0 0 0 0 0 0 0 0 0 0 0 98 0 5 0 25 71 0 7 46
0 0 0 0 80 0 41 0 0 0 0 0 16 0 0 97 69 0 0 0 64 0 72 95 0 0 0 0 19 86
0 54 0 0 0 0 0 0 0 0 0 0 0 0 0 0 0 0 0 0 0 0 0 0 0 0 0 0 0 0
62 0 0 75 0 13 0 0 0 0 0 0 0 0 0 0 0 0 0 0 0 29 0 57 73 0 84 0 0 0
0 0 0 0 0 0 34 0 14 0 0 52 0 0 11 44 0 0 0 0 0 0 0 0 0 0 0 0 76 91
0 0 0 0 0 0 0 0 65 0 0 47 0 44 0 0 0 0 0 0 0 99 22 0 0 0 0 56 0 49
44 0 0 0 53 0 0 0 17 0 0 0 0 0 0 0 0 93 0 0 0 59 58 0 0 41 0 2 90 56
91 0 0 0 0 0 0 0 90 0 91 0 0 0 0 29 0 9 23 0 76 0 0 0 0 0 0 0 0 80
0 0 0 0 0 0 59 0 0 78 0 0 0 0 0 0 5 56 0 21 0 0 51 0 0 0 80 0 42 0
71 0 18 0 0 0 0 0 0 0 63 30 0 26 0 0 67 30 70 16 0 37 0 63 0 14 0 0 0 45
2 10 0 0 0 0 0 0 0 0 73 0 0 0 0 0 0 0 0 0 0 0 0 0 0 81 0 0 0 72
33 0 40 0 99 0 0 0 0 0 76 0 94 0 0 0 0 0 27 0 0 0 0 0 34 0 0 0 66 0
0 0 0 0 0 0 0 6 0 80 26 0 0 0 0 0 0 0 0 0 13 0 0 0 0 0 65 0 0 90
26 0 34 0 22 0 0 0 79 0 60 53 0 0 0 0 0 0 0 34 0 0 0 0 0 0 0 0 0 0
0 0 65 0 63 0 0 0 0 2 0 8 0 9 0 0 0 0 26 92 0 0 0 57 84 0 0 0 0 0
0 0 92 0 0 60 0 0 0 0 0 0 0 0 0 0 0 0 0 77 50 0 0 0 0 23 64 0 46 0
0 0 0 0 90 0 63 60 0 0 0 76 0 0 14 0 0 77 0 0 0 96 86 18 58 0 0 0 73 0
0 25 49 0 0 26 0 0 0 67 0 0 0 0 0 19 88 0 43 0 0 66 0 0 0 66 0 93 0 0
0 0 38 0 0 0 0 0 0 0 0 0 93 0 0 0 0 0 52 44 0 0 82 0 0 0 0 23 78 0
16 0 0 0 0 0 36 0 55 0 0 0 0 6 0 15 0 0 0 0 59 13 72 99 0 29 79 0 90 0
0 81 40 0 0 69 0 0 0 0 1 0 19 0 28 0 0 0 0 37 0 0 91 42 0 0 0 0 0 0
