0 0 50 0 0 0 0 0 0 0 0 0 0 0 80 62 82 0 0 0 81 16 0 0 0 0 0 0 0 0 87 0 0 50 0 73 62 0 0 0 0 0 95 61 0 0 29 72 0 7
0 95 5 32 0 0 0 0 0 0 0 0 0 0 44 0 0 25 81 0 0 0 0 39 0 0 0 0 0 73 62 14 0 0 0 0 0 0 0 15 46 0 76 0 0 0 0 0 48 95
89 63 0 0 30 0 0 80 82 50 72 0 0 0 65 0 54 8 0 0 8 0 0 81 0 53 0 0 0 0 84 0 0 0 0 94 0 94 0 0 0 0 0 0 33 0 52 0 0 0
0 0 74 0 0 0 75 79 92 12 90 0 0 0 0 44 29 0 37 0 0 0 0 0 0 0 28 0 68 99 0 0 0 0 58 0 0 0 0 30 31 0 0 0 0 98 31 89 0 89
16 4 0 0 43 0 41 14 0 0 0 52 0 0 0 91 0 69 72 0 0 0 0 0 0 0 44 0 0 48 60 57 32 10 0 0 0 0 32 0 0 69 0 0 22 70 0 0 0 0
0 0 0 12 0 0 30 29 92 0 0 0 0 0 0 98 0 0 11 0 0 0 77 0 64 0 0 0 0 15 46 35 0 0 0 0 84 0 0 0 85 53 95 0 0 0 0 0 52 0
0 13 62 0 89 0 39 40 0 0 0 17 25 0 0 0 0 0 0 48 0 0 0 0 0 7 0 70 0 0 63 0 0 0 0 0 0 37 0 80 0 0 20 14 0 99 9 0 0 78
0 78 0 0 0 0 0 0 0 0 79 0 0 40 0 20 7 0 0 3 0 0 0 0 13 0 0 15 95 0 77 0 0 93 20 0 69 0 0 0 0 0 20 90 0 0 0 0 91 0
0 0 0 36 82 79 0 0 96 0 0 34 0 0 0 45 0 0 33 42 0 40 33 0 0 0 0 0 31 0 92 10 24 0 38 0 0 43 0 0 0 0 0 0 0 0 44 0 0 0
52 21 0 0 0 0 20 75 0 49 0 71 0 0 0 89 77 0 0 77 26 0 0 9 0 0 0 0 44 0 0 31 68 40 0 0 20 87 0 0 3 0 0 0 27 46 0 56 0 0
0 28 0 0 26 0 0 0 0 15 73 0 0 0 66 58 42 0 79 0 0 56 0 0 0 62 0 0 0 0 0 0 0 79 0 46 0 48 0 16 0 0 5 0 0 16 36 0 0 0
37 0 48 0 11 80 91 0 39 0 5 0 0 86 0 0 0 0 0 0 0 72 0 94 84 0 17 71 0 85 0 0 0 0 0 0 0 0 42 13 83 0 0 58 0 0 0 0 0 0
44 50 0 0 0 0 0 46 0 76 0 0 0 0 0 0 0 0 31 0 0 0 0 84 0 0 0 0 0 0 0 42 0 0 95 0 0 0 0 0 5 70 0 27 0 0 0 0 92 0
0 0 67 41 0 0 0 0 59 0 0 0 0 0 14 20 7 72 0 56 3 0 0 0 0 0 2 0 0 0 32 0 0 0 20 0 0 0 0 89 0 20 98 81 0 0 0 0 0 10
0 28 26 0 44 92 0 0 0 0 56 0 29 0 90 0 0 0 0 0 0 0 0 0 19 0 66 0 61 0 16 0 0 32 0 16 0 0 0 0 0 42 0 0 0 80 0 0 36 0
0 69 42 81 0 0 69 0 84 9 0 0 4 51 23 0 0 0 18 0 0 0 0 0 0 0 18 69 0 87 0 87 0 68 26 0 0 44 20 0 8 0 28 0 0 0 0 0 0 0
0 0 86 0 70 0 0 0 48 0 0 0 26 50 1 0 0 39 43 0 0 0 0 0 14 25 0 0 0 69 50 40 0 0 0 72 0 98 0 0 93 0 53 0 38 0 0 0 62 70
98 73 0 0 0 0 0 0 0 0 0 40 0 0 94 0 18 56 0 93 34 0 4 0 0 42 38 0 43 0 0 0 0 0 15 0 82 98 0 0 0 0 0 78 0 0 0 6 0 2
0 0 0 0 70 0 0 78 0 0 0 0 0 0 0 4 49 0 0 0 0 96 0 0 0 0 0 60 0 69 66 0 0 0 14 0 0 0 0 0 0 17 0 40 91 0 59 0 0 0
0 0 0 83 0 0 0 0 47 98 0 0 0 0 0 43 0 0 0 0 0 0 0 0 0 0 5 0 49 0 0 0 63 99 55 0 0 0 0 0 48 77 0 0 0 57 0 67 0 0
0 0 37 0 34 42 0 64 0 0 0 0 88 29 40 16 0 0 0 46 0 94 0 46 0 0 23 0 0 99 0 0 0 0 0 0 0 94 8 0 90 0 39 54 0 6 28 0 0 0
45 0 17 48 0 44 0 0 0 0 0 29 41 0 0 0 0 0 97 0 0 0 0 0 55 72 0 0 0 0 2 41 0 0 0 0 88 48 90 0 0 79 0 0 0 0 88 0 0 76
0 0 0 0 0 75 0 0 0 0 0 19 0 0 0 18 26 0 0 0 0 0 61 0 0 0 0 29 0 0 53 0 64 0 0 88 0 0 0 0 0 0 0 0 0 0 0 0 92 69
0 51 41 0 42 0 90 0 0 0 0 0 33 12 38 67 32 0 0 0 0 0 0 0 91 0 0 0 0 81 0 0 0 0 0 0 0 0 0 0 62 0 0 58 0 0 13 0 91 0
0 0 68 0 0 0 31 0 0 41 0 0 0 45 0 0 0 84 0 0 20 51 36 0 0 89 0 90 0 0 0 0 31 6 0 50 0 0 29 0 45 0 0 0 0 0 58 53 0 0
0 0 0 0 0 0 91 0 0 0 0 99 0 75 0 51 0 0 54 67 0 0 0 0 0 0 0 0 0 0 0 0 0 66 0 0 0 0 0 0 39 0 0 0 0 0 0 73 0 0
86 0 0 0 0 0 26 74 0 0 27 46 10 0 0 30 71 74 18 0 0 41 69 0 91 34 0 0 0 17 0 0 0 66 0 0 0 0 0 0 16 0 0 0 0 0 87 0 0 0
55 0 0 0 0 0 42 0 98 0 0 14 0 0 0 21 11 0 0 13 0 0 25 0 30 0 0 0 0 0 0 54 0 8 0 37 14 0 0 0 0 5 0 82 0 0 0 0 25 0
0 0 55 50 0 0 33 10 0 0 99 39 0 0 54 0 0 52 97 28 0 75 26 0 0 56 0 0 0 29 0 0 0 0 0 0 6 0 0 0 0 0 0 0 0 54 0 0 0 18
0 98 0 0 0 78 0 0 0 0 0 53 0 0 0 93 0 2 0 73 8 43 0 0 0 38 76 0 0 0 0 0 0 0 0 15 0 73 59 71 0 0 0 0 42 88 0 0 41 42
0 86 31 0 70 88 0 0 0 0 94 0 0 0 0 0 0 46 0 95 0 0 0 0 51 19 0 0 0 15 0 0 62 0 0 0 63 0 0 0 0 63 76 0 0 0 0 84 11 0
2 0 28 0 0 0 0 0 0 0 0 0 0 56 87 0 68 0 0 0 0 86 0 0 0 54 0 54 19 0 0 0 0 0 0 0 30 42 0 20 0 95 68 0 0 0 2 0 0 0
91 0 0 0 55 0 49 16 0 37 75 0 43 0 0 0 55 0 46 0 0 56 0 0 0 90 0 0 0 6 70 0 0 0 95 56 0 45 0 0 0 0 31 0 0 0 0 0 0 0
0 0 0 0 0 32 0 0 0 56 0 0 0 0 0 0 0 0 0 0 0 9 38 0 0 0 0 0 0 78 0 42 0 0 0 6 0 0 0 0 0 0 0 20 33 0 0 0 0 38
46 24 86 0 0 0 0 36 0 0 16 0 0 5 96 23 0 58 28 1 0 0 9 53 12 76 0 8 0 0 0 0 0 70 0 0 0 0 0 8 65 13 0 0 0 87 0 19 0 0
28 77 41 34 44 0 37 0 0 0 7 0 0 0 0 0 0 0 0 90 0 72 27 0 0 20 0 92 0 8 0 0 45 86 0 0 0 0 0 0 0 0 0 79 0 0 52 0 77 95
0 0 47 0 0 29 0 0 99 0 0 54 21 6 0 0 0 22 0 21 0 0 24 86 0 0 82 55 61 0 50 0 15 0 0 89 74 0 0 0 0 0 0 6 0 95 0 46 24 80
0 0 0 66 0 0 96 0 6 0 0 0 0 0 0 94 45 61 0 0 0 64 50 0 0 20 0 36 93 0 0 0 0 32 0 0 0 46 47 0 0 0 0 0 0 0 0 80 0 0
9 98 0 0 37 0 0 39 0 0 0 0 44 0 0 84 3 0 40 0 0 0 23 0 54 0 12 37 0 0 0 0 95 0 93 73 0 0 0 0 0 37 0 37 0 0 0 34 0 0
23 0 0 0 0 0 0 6 0 0 0 0 0 45 0 0 0 0 83 98 0 0 0 0 0 94 0 9 0 0 84 0 58 0 0 14 4 97 0 0 0 0 0 0 0 0 0 0 0 0
