18 0 79 0 0 0 0 0 0 0 0 0 0 0 15 22 0 0 0 4 0 0 0 0 50 65 58 0 0 0
0 0 54 44 0 0 24 0 0 0 0 0 0 0 0 0 0 0 0 33 0 0 0 26 0 0 0 0 0 0
93 0 0 0 10 24 0 0 0 0 73 0 0 0 0 15 0 65 0 0 0 0 49 0 0 0 0 2 0 0
64 0 27 0 0 63 0 0 0 27 0 0 0 0 85 0 0 0 0 0 0 96 0 0 0 22 0 0 0 37
0 70 0 0 0 0 0 0 0 0 63 0 0 0 0 0 0 0 18 0 80 97 0 0 0 0 0 0 0 0
0 0 0 0 0 0 0 0 0 0 0 44 0 0 0 0 0 0 54 0 0 0 0 0 0 0 0 0 0 0
0 0 1 0 0 0 0 9 0 0 0 23 0 0 0 0 0 0 0 0 0 0 0 0 10 0 0 0 0 0
0 0 0 0 0 50 0 0 53 0 0 0 0 0 0 0 0 13 79 0 0 0 0 0 13 0 0 0 0 0
0 0 0 0 0 0 0 7 0 0 0 86 0 0 0 0 0 0 0 0 0 93 0 0 0 0 73 0 0 0
46 0 63 0 77 0 0 0 0 0 0 0 0 0 0 0 0 0 0 0 0 0 0 0 0 0 0 64 0 0
55 0 27 0 0 0 0 0 0 3 0 0 70 40 0 84 0 0 0 0 0 24 0 0 0 0 0 0 0 0
0 0 0 0 0 0 0 0 0 93 0 0 0 0 0 0 0 34 0 0 0 0 0 44 0 0 0 0 73 0
0 0 35 23 0 0 0 0 0 0 43 0 0 0 0 0 0 0 0 0 23 0 0 0 0 54 97 0 0 65
0 0 0 0 82 64 63 0 0 96 0 0 0 0 0 0 0 0 11 0 0 0 35 0 0 0 0 7 0 28
0 0 0 98 0 0 0 0 0 0 0 0 0 0 78 0 14 0 0 0 11 0 0 0 0 0 0 0 0 41
0 7 0 0 0 0 0 0 0 0 0 0 0 0 0 0 0 0 0 0 0 0 0 91 0 0 0 0 11 0
0 0 0 0 0 0 0 0 0 23 0 0 0 78 0 63 0 59 32 40 0 0 0 0 0 0 0 0 0 0
0 13 0 0 0 60 34 0 89 0 37 0 40 0 0 0 0 84 0 0 0 0 0 0 0 0 0 0 95 0
0 60 0 37 0 0 0 0 92 0 0 0 0 0 0 0 0 96 0 68 0 0 0 0 0 0 0 0 0 0
68 2 0 0 0 0 0 0 0 85 8 0 41 8 0 0 0 0 0 0 88 10 0 0 0 97 90 0 0 0
93 0 0 55 0 0 0 0 0 0 63 0 0 0 48 0 0 17 0 0 0 0 0 19 0 0 15 0 0 85
0 83 25 0 0 0 0 0 0 0 37 0 78 0 0 0 0 0 6 0 0 0 0 0 0 2 0 0 0 0
32 0 0 0 0 0 0 0 0 0 0 0 93 0 0 44 0 4 50 0 0 0 0 0 0 0 0 0 0 0
0 0 97 0 0 34 0 0 15 0 0 0 0 92 0 0 0 0 0 0 64 0 0 0 0 0 0 0 0 0
0 0 0 0 67 0 0 0 54 0 91 0 35 66 0 0 0 67 0 0 0 0 0 0 0 0 0 0 0 0
0 0 0 0 0 0 45 0 41 0 0 88 0 0 65 0 0 0 0 0 0 17 93 46 0 0 67 0 0 0
0 0 0 0 37 0 0 0 61 95 0 62 73 55 0 0 0 0 0 42 21 0 0 0 0 0 6 0 0 0
0 0 0 58 0 0 0 57 0 80 0 0 0 0 0 1 0 25 0 18 0 0 40 8 0 0 32 0 0 0
0 0 0 0 0 0 0 0 0 0 0 0 0 20 0 0 0 80 89 0 0 0 97 0 0 0 0 0 40 0
0 0 0 0 16 0 0 56 0 0 0 0 0 0 85 0 0 0 0 0 0 0 0 0 85 0 87 23 84 0
27 0 47 0 0 0 91 0 0 0 0 0 0 0 0 63 93 42 0 0 0 0 0 0 36 80 0 0 0 0
0 0 0 0 0 0 0 0 0 0 0 0 42 0 27 0 0 0 0 98 0 0 0 0 0 0 0 84 88 0
15 0 11 0 56 0 0 0 0 0 0 66 0 0 13 0 0 0 0 0 0 0 0 0 0 0 0 0 0 0
0 84 0 0 0 0 0 59 0 0 0 98 0 0 15 0 53 42 0 0 0 98 21 0 0 0 97 0 0 0
0 0 0 0 0 72 0 0 0 0 0 0 21 0 0 0 34 0 0 91 0 0 0 0 0 0 53 0 0 0
0 0 0 85 0 0 0 0 0 0 0 0 0 0 0 61 0 0 0 0 0 0 23 0 0 0 0 0 0 0
0 0 0 0 0 0 0 0 35 0 35 0 0 97 0 0 65 0 99 0 86 0 1 0 0 0 0 0 94 0
70 0 0 0 0 0 4 0 0 0 0 0 0 0 0 0 0 0 0 30 0 0 0 0 0 0 0 0 0 60
0 0 19 0 0 0 0 79 0 0 0 0 0 92 21 27 41 79 0 0 0 0 77 0 0 0 0 0 0 0
0 0 0 0 0 0 0 0 0 0 0 0 0 0 0 0 0 0 0 0 0 0 0 0 86 0 30 60 0 0
0 0 0 0 0 0 0 0 0 0 42 0 0 0 0 0 0 0 0 0 0 12 14 0 0 0 0 0 99 47
37 0 0 0 0 73 0 0 0 61 0 0 0 0 0 0 0 0 0 0 0 98 0 0 0 0 0 0 0 0
0 0 32 0 0 0 0 0 0 19 54 0 0 40 0 0 0 0 0 63 0 0 0 0 0 0 0 0 0 0
0 0 0 62 0 10 0 0 0 0 0 0 80 0 0 0 0 74 0 37 0 0 0 88 0 0 0 0 0 19
0 0 60 0 0 0 34 0 8 50 0 0 0 37 0 0 0 0 0 0 86 0 0 0 0 0 0 0 0 0
0 0 0 0 0 0 94 0 0 0 0 0 0 0 0 0 0 0 0 0 0 0 99 0 0 0 0 0 72 0
0 85 0 0 0 52 58 0 77 0 0 0 77 94 0 0 0 0 0 0 0 0 0 0 0 0 0 0 10 0
0 0 0 40 66 84 0 0 54 0 0 0 0 0 62 0 0 0 32 0 0 0 0 47 0 0 0 43 0 0
0 10 0 0 0 55 97 0 0 0 0 0 0 0 47 0 0 0 0 42 0 0 10 0 0 0 52 0 0 70
0 0 0 0 0 0 0 0 92 0 0 0 0 0 0 0 0 0 17 0 0 0 0 0 0 0 2 0 64 0
