0 0 21 62 0 39 0 0 0 0 0 0 0 22 0 0 0 0 0 0 0 21 36 0 0 0 0 0 5 0
0 0 81 7 95 0 0 0 0 0 0 67 0 0 0 0 63 0 0 0 0 0 10 0 0 24 0 0 0 0
0 0 33 0 0 15 0 0 95 0 0 0 0 0 0 0 0 97 0 0 58 0 0 0 0 0 75 69 95 0
0 0 0 57 0 21 76 0 54 4 0 0 86 0 0 0 0 0 32 1 26 25 68 0 0 66 49 83 0 0
56 0 0 0 0 59 27 43 36 0 0 22 99 82 32 0 0 0 0 56 76 0 0 0 65 1 0 0 79 19
0 0 0 90 44 0 0 0 0 0 0 32 0 0 0 0 99 26 12 0 0 0 94 0 0 0 0 95 0 0
0 98 65 18 0 41 0 0 0 0 0 0 0 78 96 42 0 78 0 10 0 19 82 0 57 0 0 13 0 63
30 0 0 0 0 98 0 36 22 0 0 15 95 1 0 80 0 0 18 0 0 0 72 0 0 87 6 0 57 0
0 0 0 0 28 0 0 53 0 0 0 0 0 0 0 0 0 37 63 0 49 5 0 33 78 25 0 23 0 34
0 80 0 0 8 59 0 0 0 0 82 80 64 0 0 0 0 46 2 0 0 19 0 0 0 0 0 92 0 0
0 51 0 2 0 0 0 17 0 0 98 0 0 0 14 85 0 0 0 0 0 0 21 5 0 9 0 0 0 0
0 23 0 0 0 0 20 0 90 0 9 0 0 0 55 0 0 50 0 0 92 34 0 0 78 0 0 0 0 41
0 82 0 0 0 0 91 0 0 0 0 0 23 62 0 0 82 0 25 0 8 0 28 37 0 70 80 0 0 0
0 0 8 56 0 68 0 0 0 0 0 0 0 0 0 0 36 50 31 0 43 0 63 0 31 83 0 0 0 16
0 41 0 14 39 25 0 3 0 0 0 87 0 63 0 0 0 37 0 0 0 0 0 0 18 0 0 0 60 0
0 0 54 0 0 0 85 0 88 34 0 0 0 0 0 7 0 0 0 0 0 0 0 0 39 85 0 0 71 0
19 57 0 10 0 50 0 0 0 0 0 51 0 0 21 70 0 0 48 0 0 49 87 0 0 77 67 0 0 81
53 0 0 22 13 0 38 0 0 0 0 34 57 0 0 39 0 85 0 0 57 2 77 57 0 34 0 0 0 0
0 0 0 0 0 0 66 75 0 0 7 0 0 0 0 0 0 53 0 0 0 0 43 79 0 11 0 0 0 0
26 0 37 0 69 97 72 0 0 0 0 43 23 0 26 0 36 0 0 0 0 0 0 0 0 1 0 28 0 26
0 0 0 99 0 0 0 0 0 0 0 0 0 0 0 0 0 0 0 0 0 19 85 57 89 0 50 85 17 17
0 61 0 0 0 29 0 0 0 0 0 0 0 0 0 0 0 0 0 66 0 18 0 38 0 0 0 27 0 0
0 0 0 0 0 0 48 85 0 0 66 0 81 0 71 0 38 0 0 0 36 0 0 54 0 0 0 0 33 0
66 0 0 91 0 0 0 26 0 0 8 71 99 10 0 0 0 5 9 0 0 66 0 97 0 0 0 0 80 86
0 63 0 0 0 0 36 0 0 0 0 0 0 0 0 58 0 0 0 0 0 0 0 0 99 0 0 0 0 0
34 0 0 0 7 0 0 0 0 0 0 64 29 0 0 0 6 0 0 0 0 0 0 87 0 0 0 87 0 38
0 0 0 0 92 15 54 0 0 0 0 0 0 0 0 0 93 0 0 35 8 0 0 0 40 0 48 10 0 0
4 77 0 0 0 19 0 0 0 0 0 61 0 0 0 90 0 94 0 0 0 11 86 19 96 64 51 0 50 0
40 0 0 0 0 0 0 0 62 86 0 0 39 92 0 0 0 0 0 0 43 0 0 68 0 0 0 0 7 0
93 0 0 0 68 5 0 25 0 0 0 0 0 73 0 0 0 0 0 20 47 0 0 0 0 0 0 89 0 0
