79 0 0 50 0 52 2 0 0 42 0 0 0 0 0 0 0 0 0 0 23 69 0 0 0 0 49 14 54 0 0 97 0 0 0 0 0 0 94 0 0 31 0 0 0 0 0 14 0 0
0 75 0 0 11 0 84 86 0 0 0 36 0 84 0 0 0 0 37 0 0 40 0 0 0 0 0 30 0 0 0 0 0 96 0 0 0 0 41 0 12 0 0 76 13 0 0 0 77 0
26 0 0 69 0 0 0 0 0 0 0 10 46 69 11 9 0 0 0 66 0 56 3 13 0 0 71 5 2 0 0 29 0 0 1 4 12 0 0 51 0 0 0 0 0 0 0 0 49 82
0 44 0 6 0 66 0 0 76 0 4 34 0 61 32 9 0 92 0 0 54 0 0 0 11 0 0 0 0 0 58 0 0 42 0 0 0 0 97 0 0 44 53 0 0 0 0 0 0 0
0 0 0 0 0 0 0 0 0 15 0 0 0 0 20 0 0 46 0 0 0 0 81 0 0 0 46 0 17 7 0 0 0 0 95 0 80 0 97 19 35 0 0 58 28 0 93 0 10 13
0 0 0 0 0 0 0 0 52 53 0 79 0 0 48 16 71 0 0 0 15 93 0 80 0 0 0 32 51 0 0 0 0 10 49 0 0 0 59 0 0 0 32 0 56 55 68 0 32 56
0 28 0 0 0 0 0 0 0 0 0 49 0 7 0 0 95 0 51 0 0 0 0 38 0 0 0 51 0 0 80 0 18 35 1 82 0 0 19 0 69 0 0 0 0 58 0 0 0 9
31 43 0 0 0 4 0 63 37 0 30 0 85 88 6 0 0 0 0 0 0 0 0 0 0 0 0 16 0 0 0 0 92 0 0 0 0 92 79 0 4 0 0 0 98 0 67 37 0 0
0 60 90 0 0 80 2 0 0 0 65 0 0 46 94 1 0 0 0 0 0 0 40 0 0 0 0 40 17 0 0 17 0 0 18 87 84 52 55 0 0 0 0 6 0 0 0 0 0 0
82 49 8 0 0 0 0 25 0 0 91 35 51 0 0 0 0 0 0 96 50 0 0 0 0 93 0 0 0 0 4 0 0 0 0 0 26 0 29 0 73 0 0 0 0 63 0 0 0 0
62 0 26 0 0 0 0 0 0 0 0 0 0 41 91 17 0 0 0 24 17 0 0 0 0 0 0 0 41 41 0 0 0 0 0 0 75 0 89 0 0 0 0 0 0 88 0 56 55 0
0 0 0 0 5 0 0 0 40 34 0 57 0 0 0 13 71 56 0 0 0 81 93 0 0 0 0 0 0 0 0 49 56 0 82 0 0 0 0 0 0 23 0 0 0 0 0 79 0 89
0 31 0 44 0 37 0 0 0 0 65 0 0 0 0 56 58 64 34 27 58 95 0 45 0 0 0 0 0 0 20 0 99 0 0 88 96 0 0 0 0 0 0 0 0 0 0 0 0 81
0 0 0 0 0 0 0 7 71 0 29 0 0 0 39 0 0 0 53 0 0 33 0 95 4 0 0 0 0 97 0 0 0 0 0 0 57 0 0 0 33 0 0 79 55 60 80 91 0 0
1 0 93 0 32 84 36 0 0 0 0 0 0 0 0 0 0 0 0 0 0 7 0 0 0 25 6 0 80 74 99 0 0 0 31 0 0 78 0 0 60 0 0 0 98 0 90 0 25 92
0 0 0 0 0 0 0 0 9 0 0 0 0 0 0 13 0 0 0 94 87 27 0 0 0 0 0 84 0 0 0 0 81 0 54 0 0 0 0 0 0 0 0 0 0 0 0 0 65 0
0 93 0 14 0 68 25 0 0 0 82 0 1 0 0 29 2 0 86 0 40 0 28 0 96 0 52 92 0 65 0 0 0 0 0 30 17 0 89 0 0 0 31 0 0 93 43 0 5 27
51 0 0 0 0 0 0 11 21 26 0 0 12 4 86 68 0 37 14 0 4 0 0 0 0 0 0 0 14 0 0 0 0 0 0 64 0 85 0 0 0 0 0 0 0 52 0 66 0 66
0 0 0 0 0 0 0 0 0 0 0 99 2 0 0 83 65 32 8 0 0 0 0 0 0 0 42 0 0 0 0 82 0 0 0 90 0 0 0 72 0 0 11 65 0 88 28 0 0 92
21 73 0 0 0 0 0 0 93 0 0 36 0 0 0 0 0 21 0 0 0 0 10 0 0 0 0 44 0 0 59 0 0 0 13 56 63 0 49 0 0 74 85 57 89 0 18 28 79 24
0 0 57 0 85 0 0 0 0 0 0 0 0 0 0 0 35 28 0 37 36 0 0 67 0 0 53 55 0 0 66 0 46 83 0 0 0 0 0 40 0 0 66 36 0 0 0 53 0 0
0 0 38 12 0 0 0 0 0 21 29 86 0 0 0 65 0 0 0 0 0 0 0 0 0 0 0 0 0 0 0 0 0 0 0 59 22 0 16 74 0 0 0 88 0 41 73 0 0 12
33 0 0 0 0 0 0 0 24 0 80 2 0 45 0 0 4 0 0 0 0 0 0 35 45 1 0 16 0 43 0 0 39 0 0 0 75 0 0 18 89 0 24 34 55 0 0 0 40 0
93 0 0 0 0 34 47 0 0 86 0 0 0 0 0 0 0 0 0 0 0 15 36 46 73 21 19 2 0 67 1 11 0 46 19 0 0 0 45 0 0 0 0 0 76 0 0 0 0 0
0 10 8 0 0 0 83 1 17 86 44 0 90 61 0 0 0 3 0 0 0 97 0 0 0 0 43 0 0 0 0 59 0 0 0 81 0 0 0 0 0 0 0 0 0 51 0 3 11 0
0 0 0 0 0 0 39 41 70 62 65 0 68 0 0 0 0 29 0 47 0 0 0 23 0 35 11 0 0 0 46 34 0 0 33 0 0 0 88 0 0 0 1 0 0 0 0 0 0 0
0 30 44 0 36 0 0 0 77 0 0 0 0 0 0 32 0 0 2 0 0 0 0 0 0 97 0 0 0 0 9 0 0 0 20 0 65 0 2 0 0 5 76 72 0 73 0 96 0 0
0 0 0 0 0 0 0 0 52 0 0 0 37 0 0 0 0 0 0 34 0 27 0 59 0 14 46 3 86 0 60 18 57 90 0 16 0 0 0 0 75 0 0 0 0 0 0 0 0 0
32 0 0 0 71 0 0 0 6 0 89 0 0 0 0 0 0 0 45 0 96 72 80 0 0 0 75 0 76 0 0 0 0 62 0 62 0 0 0 0 0 0 0 0 64 78 0 10 0 0
8 0 70 0 95 0 0 0 0 0 0 0 0 59 0 0 0 0 6 43 40 0 85 64 0 66 15 65 0 0 38 84 0 0 9 0 0 0 92 0 0 0 0 41 0 0 0 0 0 0
0 0 0 0 87 22 0 0 0 0 46 0 0 0 98 96 0 0 60 0 0 37 91 0 37 0 0 92 6 0 87 89 0 0 0 0 92 0 0 81 0 3 41 93 0 0 0 0 0 0
0 0 0 0 58 0 0 46 0 0 0 0 7 14 0 0 0 49 0 19 0 0 14 0 0 68 88 0 0 24 0 32 13 18 0 30 0 0 0 0 0 0 0 0 0 0 0 0 0 0
0 0 0 0 0 0 0 0 18 15 0 0 0 36 27 87 0 0 21 12 0 83 0 0 60 0 83 0 67 0 0 0 0 23 0 0 0 0 0 0 0 0 0 84 0 66 48 0 0 0
0 28 67 0 0 84 56 0 50 0 55 0 0 0 44 0 0 0 0 40 0 0 0 0 0 78 0 53 35 0 0 0 64 0 0 7 0 0 0 0 0 0 71 94 0 0 0 0 3 0
0 69 0 0 0 0 0 53 0 0 0 0 0 0 74 0 52 0 34 0 0 28 7 60 0 79 0 44 0 91 0 0 0 32 0 10 0 0 0 92 0 0 0 83 38 0 0 40 0 0
0 35 0 0 0 0 0 83 0 49 0 0 0 0 66 29 3 68 0 2 0 0 22 20 0 66 0 0 0 0 0 0 74 0 0 0 0 39 0 89 0 43 0 0 0 77 47 0 0 0
0 54 67 0 0 0 0 0 54 0 0 4 0 0 0 60 0 0 55 0 0 78 0 0 0 97 42 0 94 0 0 0 0 0 0 0 42 0 43 18 0 0 20 45 0 34 43 0 0 0
0 0 0 0 0 0 0 4 0 38 11 0 0 0 0 0 0 0 98 0 35 0 37 0 11 83 67 0 0 0 0 33 0 0 0 0 90 0 0 0 0 0 0 0 0 0 0 98 77 0
0 2 0 0 3 0 0 0 0 0 0 0 0 51 0 0 0 0 0 0 0 0 14 0 0 0 0 0 0 37 0 0 0 40 73 0 0 21 0 0 0 0 66 0 0 0 89 0 16 0
0 16 0 0 29 14 0 0 77 62 0 37 4 34 46 0 78 0 88 97 21 0 98 64 55 0 0 0 81 26 0 34 58 0 0 47 0 0 0 0 0 73 0 0 0 27 87 0 0 0
