0 76 79 0 0 0 99 0 0 0
0 0 11 0 0 86 0 0 0 0
78 10 0 0 0 0 90 0 0 0
0 0 0 0 0 0 0 0 0 0
0 49 4 0 0 0 0 80 0 0
0 0 0 0 0 0 0 0 0 0
0 0 0 0 0 81 0 0 0 83
0 0 0 0 0 0 79 0 0 0
0 53 18 0 38 26 42 7 0 0
0 3 0 0 0 0 51 0 0 0
0 0 0 0 0 0 86 0 87 83
32 0 0 0 0 0 0 51 0 0
0 80 0 51 0 0 0 0 0 0
0 6 0 0 0 0 0 0 0 0
63 0 0 84 0 0 17 68 0 0
54 0 0 44 5 0 0 19 0 0
0 13 0 0 0 0 0 0 0 0
18 0 0 42 0 0 0 0 0 0
5 80 0 0 27 0 0 0 0 8
0 0 12 0 0 88 0 0 0 0
0 62 0 0 55 0 0 58 56 4
0 67 30 0 0 0 45 26 0 47
0 0 0 0 0 20 0 0 0 0
0 32 0 22 0 0 72 0 0 0
0 0 0 96 0 59 0 0 12 0
57 0 0 0 0 0 0 25 61 74
0 7 0 0 0 82 0 0 0 0
0 0 0 0 23 0 0 0 73 0
54 0 0 0 62 0 0 0 0 0
0 0 84 0 38 0 22 0 37 0
0 57 49 0 0 0 0 0 0 0
6 0 0 0 0 0 0 0 0 0
35 0 0 98 0 0 0 0 0 0
0 0 0 0 0 0 0 53 0 0
0 0 0 0 0 0 0 0 0 96
4 0 84 0 52 0 76 0 0 0
0 0 61 72 0 0 0 0 36 0
0 0 24 0 0 0 0 0 84 0
7 0 0 0 55 0 61 45 0 0
0 0 0 0 0 0 0 0 0 45
