0 0 82 0 0 67 0 0 0 26 74 0 0 0 0 0 0 0 0 49 18 0 0 0 34 0 0 0 0 0 0 0 0 29 61 0 0 41 0 0
0 0 0 0 0 0 0 0 0 74 0 0 0 0 0 70 33 0 0 0 72 37 3 0 0 0 70 0 0 42 71 0 0 0 28 0 89 28 0 0
75 0 46 0 0 0 0 85 0 0 0 0 0 0 0 0 26 96 0 0 13 0 0 0 82 3 0 45 0 0 0 0 0 0 86 17 0 70 0 0
42 0 0 82 46 0 0 0 0 0 69 0 0 0 0 0 0 0 54 0 0 76 68 0 7 0 0 0 0 0 0 26 78 0 0 0 4 0 0 0
0 0 47 0 0 43 0 0 77 56 0 59 0 0 23 20 95 0 0 2 54 0 29 0 0 0 20 8 0 71 54 0 6 32 0 0 89 0 0 96
0 0 71 33 0 0 45 0 0 0 22 0 0 0 0 0 53 82 60 0 0 0 9 45 0 0 53 56 93 89 0 0 0 0 0 0 0 9 0 0
0 0 0 0 0 0 0 0 98 0 0 39 0 0 86 0 0 16 0 0 0 0 0 31 88 0 0 0 0 6 48 94 0 0 0 0 0 0 0 76
56 0 0 0 0 0 0 35 66 56 0 0 0 0 0 0 66 0 42 0 0 68 0 0 0 0 0 14 0 53 0 0 54 83 0 0 0 0 0 20
0 0 0 0 0 0 0 0 88 11 0 11 0 0 0 86 0 0 11 80 0 0 0 30 0 64 84 59 87 15 60 71 0 70 0 0 0 0 0 49
0 98 0 66 0 51 0 0 0 23 0 0 0 89 0 0 81 0 47 0 0 0 0 26 49 3 0 31 0 42 6 11 0 0 0 0 0 0 17 0
0 22 0 0 0 0 0 0 5 0 0 0 0 45 0 88 90 14 99 0 65 51 97 3 0 0 0 0 78 0 0 99 0 0 66 0 0 0 0 0
61 0 69 0 41 0 0 0 55 0 0 0 0 0 0 0 0 0 0 62 0 11 0 0 64 0 0 0 0 0 13 0 0 66 0 0 0 87 0 0
16 62 40 82 0 0 91 61 0 0 23 0 0 0 27 75 0 0 0 0 98 0 99 0 0 0 81 0 0 72 8 51 0 0 0 0 0 0 47 0
0 19 14 52 0 0 28 75 0 0 0 58 0 0 0 84 0 0 54 0 0 0 0 0 17 0 63 0 0 0 25 16 56 16 63 0 0 0 62 13
0 98 0 0 97 0 8 0 0 0 0 0 0 0 0 99 87 0 0 0 0 0 0 0 0 0 0 0 0 0 34 88 0 0 3 0 0 0 0 0
0 52 0 0 4 91 0 0 0 31 0 0 97 71 72 71 0 0 0 0 0 0 0 0 0 0 60 0 70 72 0 0 0 0 0 0 0 69 0 0
0 0 0 41 0 15 2 0 88 0 0 66 39 44 71 29 0 35 5 0 0 0 0 0 0 0 44 80 0 0 0 0 94 0 0 32 0 0 0 0
0 48 0 0 0 0 0 0 76 0 0 0 0 0 7 0 0 0 56 0 0 0 0 0 85 0 0 4 0 0 0 0 0 0 0 0 0 11 0 0
0 36 25 0 0 0 0 0 24 0 25 0 0 0 0 7 0 0 0 0 64 0 0 58 0 8 0 6 0 0 0 0 0 22 0 0 0 0 0 60
0 0 0 32 0 0 0 0 93 0 0 80 18 45 22 0 21 0 58 0 0 0 0 98 58 0 0 0 59 0 0 0 0 0 0 0 0 0 7 0
0 0 0 55 0 0 47 71 0 0 0 0 0 41 0 99 21 34 0 0 0 0 0 84 0 0 0 37 53 41 0 0 0 0 0 0 0 79 0 45
68 31 70 0 0 23 0 0 0 15 0 0 0 0 27 31 20 85 0 55 99 68 0 0 0 0 0 0 67 66 34 96 82 0 0 0 0 0 63 0
0 0 35 0 71 0 0 0 0 12 0 2 0 0 0 0 0 0 75 0 0 0 88 0 0 0 82 0 38 57 0 0 0 0 0 0 0 0 0 0
0 0 5 74 0 0 0 81 0 0 0 7 0 0 49 0 76 0 73 0 0 78 0 0 0 95 0 39 0 0 0 12 0 25 61 0 0 6 96 0
0 0 0 0 0 0 51 64 0 0 38 0 0 0 65 0 84 0 0 0 93 0 0 6 0 0 20 0 15 0 0 0 0 0 0 48 82 0 0 0
57 44 0 0 70 0 78 0 0 0 0 72 59 0 10 63 0 0 0 0 0 94 0 4 24 42 47 0 80 59 0 0 0 0 0 0 0 0 0 0
58 4 0 0 0 0 0 97 18 37 0 0 0 0 0 56 0 75 0 7 0 66 0 56 66 0 0 0 0 51 34 0 0 0 15 0 94 0 0 56
58 0 0 95 11 0 70 0 0 0 0 57 0 0 29 0 75 0 98 0 0 0 68 0 0 0 0 0 0 0 77 35 13 0 0 0 0 96 52 0
59 69 0 33 15 0 71 4 0 0 0 0 0 0 67 23 0 0 0 0 0 45 67 0 0 26 0 0 38 0 0 0 0 13 0 0 0 0 84 0
61 67 0 0 0 0 92 0 0 0 0 81 0 97 59 0 0 0 87 0 0 99 0 81 0 0 0 0 22 0 0 39 0 94 18 0 11 0 49 0
0 0 0 65 0 48 43 0 0 15 0 27 20 0 2 0 83 0 27 49 93 0 0 0 1 0 0 0 0 50 0 0 16 0 78 0 55 0 74 0
0 55 58 33 0 0 0 0 0 0 88 0 9 0 0 0 0 0 0 0 0 33 74 17 82 0 0 17 0 21 0 55 0 0 38 0 0 0 33 0
0 0 0 0 0 0 0 64 9 10 25 0 0 0 98 0 0 92 98 0 0 31 0 0 0 0 0 19 0 0 0 0 0 0 19 0 0 0 0 0
10 45 30 50 26 0 0 0 0 0 28 0 2 0 0 0 0 0 74 0 0 0 0 0 0 0 0 0 0 0 52 26 0 0 0 77 0 40 2 0
0 0 0 0 0 0 19 0 0 0 0 95 0 8 0 0 0 0 95 0 32 0 0 0 0 0 0 72 0 0 0 50 96 0 0 63 0 0 46 58
53 0 44 67 0 0 41 35 4 11 15 75 0 0 8 0 0 0 0 2 0 0 10 0 74 0 0 0 0 0 25 18 1 0 28 0 0 16 0 0
0 0 0 0 0 52 0 0 0 0 15 77 0 0 91 0 84 5 44 22 0 0 38 0 0 2 0 0 0 0 0 0 0 34 56 90 0 0 40 0
0 0 0 0 0 0 75 0 28 0 0 17 0 0 0 0 68 0 0 95 0 0 0 59 0 52 50 26 0 0 0 0 69 0 0 62 0 0 0 0
0 0 70 0 17 0 0 0 0 95 0 17 0 0 0 0 0 0 0 90 0 0 97 13 0 97 72 0 30 46 0 0 0 0 10 0 0 0 0 0
0 43 0 0 18 0 0 0 0 0 82 0 40 0 54 0 68 0 0 0 0 36 67 0 0 0 18 37 0 0 33 0 0 0 0 0 0 65 0 0
