0 42 7 0 21 18 0 43 0 0 0 0 0 0 0 0 0 0 0 0
0 4 0 56 0 0 0 0 39 0 94 0 0 0 0 0 0 0 0 0
0 18 14 0 91 0 0 49 0 0 0 54 0 0 6 0 0 0 0 14
0 44 0 0 0 0 0 22 36 0 0 0 0 73 0 0 0 18 36 0
0 0 70 0 0 0 0 0 0 30 0 54 21 82 0 26 47 0 0 0
0 0 71 25 30 0 0 0 0 0 72 0 44 0 0 0 0 0 0 86
0 94 0 1 0 0 6 0 66 0 0 2 0 0 0 0 0 22 0 0
10 0 0 0 0 0 0 0 98 0 0 50 0 0 0 57 0 13 0 0
0 0 0 0 74 25 0 9 0 76 20 0 52 0 0 89 0 0 0 24
0 18 9 0 4 60 60 0 0 0 0 25 0 0 0 0 0 95 0 0
5 0 6 51 0 0 0 0 0 0 63 0 46 0 0 0 0 88 39 0
0 0 46 27 0 0 0 0 0 0 26 0 81 88 42 0 0 0 0 0
0 0 0 0 0 79 0 0 0 80 0 97 45 48 0 19 91 0 0 55
0 0 19 1 0 0 0 11 0 19 0 93 0 68 88 0 75 0 51 0
78 0 0 0 67 0 5 36 0 48 0 0 0 0 50 0 50 34 0 93
9 0 64 0 0 0 0 0 0 0 0 31 0 80 0 53 28 0 63 0
0 98 0 92 6 0 0 0 29 0 0 0 0 0 0 0 0 0 12 0
0 70 0 55 0 61 33 0 0 0 31 0 0 52 0 61 0 71 0 0
41 0 0 96 0 0 0 3 66 55 84 49 0 0 14 0 0 0 55 0
0 0 27 18 26 0 15 0 0 0 92 29 0 0 0 39 0 0 0 0
15 0 0 0 0 0 48 0 75 48 0 0 0 0 0 0 0 76 0 0
0 0 0 0 0 0 0 0 50 0 0 31 26 0 0 34 96 48 90 70
6 0 0 0 59 35 0 33 0 0 0 21 84 0 10 0 61 10 73 98
0 0 0 0 0 0 0 17 0 0 0 0 0 0 0 0 0 0 0 0
86 92 0 28 0 0 0 0 0 0 52 0 0 0 45 35 0 13 0 0
0 48 0 0 0 65 0 0 0 81 37 0 12 0 0 0 0 0 0 0
0 0 0 12 0 0 41 70 0 0 0 0 66 73 0 0 0 87 0 0
0 0 0 72 0 94 41 0 73 0 0 0 0 0 0 0 0 0 0 87
6 0 0 22 0 0 0 0 0 20 10 0 0 0 0 50 0 0 97 0
0 37 0 77 0 4 0 0 87 2 0 0 0 0 0 20 0 0 12 0
0 8 0 0 0 0 0 0 0 15 66 0 31 0 0 35 0 0 0 0
0 0 0 0 0 0 0 0 0 0 62 0 54 0 74 0 0 42 0 0
0 0 64 0 91 0 0 49 0 0 0 0 0 0 0 0 0 0 0 0
0 0 10 0 26 18 0 0 93 0 63 2 0 72 29 61 82 0 42 0
0 0 31 0 36 12 0 28 0 0 0 29 54 76 24 0 0 31 48 0
0 0 0 0 0 0 0 6 0 0 98 76 14 0 0 0 45 0 0 0
0 0 0 9 0 0 0 0 23 19 88 64 90 0 0 0 40 34 34 26
0 0 0 0 75 0 4 0 0 0 2 0 11 0 0 0 0 0 87 14
52 0 0 0 0 0 0 0 0 0 0 0 0 14 0 58 0 0 0 76
73 82 54 0 0 41 0 0 0 30 12 55 12 0 29 13 6 0 0 0
