90 37 0 0 45 51 0 0 0 85 0 0 9 0 0 0 0 12 97 0 0 0 67 0 0 0 0 0 98 0
0 1 0 82 49 90 0 0 36 0 0 95 0 0 66 0 0 0 24 0 0 0 0 0 0 0 0 57 20 24
49 85 84 0 0 0 0 0 56 81 0 8 0 5 69 0 42 88 35 26 0 0 0 2 0 88 56 0 0 21
72 0 10 0 0 0 0 78 0 0 54 0 0 68 0 0 0 0 0 0 0 74 0 5 0 0 0 0 0 14
0 83 0 0 76 85 0 0 33 17 62 7 38 0 91 0 10 0 0 0 0 0 0 0 0 0 0 0 0 0
85 0 0 42 0 0 0 0 70 8 0 0 0 0 0 0 34 0 90 86 0 0 0 0 0 0 0 33 0 88
0 91 0 0 0 0 0 45 0 0 0 0 45 35 0 0 60 0 0 0 0 0 0 0 0 97 0 0 0 0
0 0 0 0 0 5 0 0 39 33 0 0 0 24 0 66 0 79 55 51 0 2 0 0 0 0 0 0 53 0
0 0 85 0 7 15 92 0 0 0 91 58 0 0 97 0 0 0 0 0 0 0 0 0 0 0 0 0 0 36
0 0 88 0 28 0 35 0 0 0 0 8 0 36 65 0 0 23 48 11 90 0 0 0 0 0 87 0 0 0
