0 14 3 0 0 0 9 0 0 99 0 0 0 72 0 0 0 0 0 0 0 0 0 0 0 0 0 0 0 0 11 65 0 0 0 0 0 0 84 0
0 0 0 0 0 0 71 50 0 0 0 0 0 0 0 0 0 0 38 0 0 0 0 0 0 44 0 87 0 0 0 0 0 0 0 0 0 0 0 0
0 0 64 0 0 0 0 0 29 0 37 0 0 0 0 0 0 0 0 12 0 0 0 0 0 0 69 0 0 0 74 77 99 19 0 0 56 0 0 0
0 0 73 7 0 0 0 0 21 0 0 98 0 52 0 0 0 0 0 0 26 0 72 0 0 0 0 0 0 5 0 73 0 0 0 0 0 0 0 0
0 0 0 0 0 0 0 68 9 0 0 3 92 0 0 0 0 0 33 0 0 0 0 39 99 0 28 0 58 0 0 44 0 0 0 0 0 0 0 36
96 0 0 0 0 0 0 0 4 0 0 0 0 0 0 3 0 0 33 0 51 57 80 69 19 30 26 0 0 0 0 29 17 50 0 0 0 0 0 82
0 0 0 0 0 0 0 0 0 29 0 0 0 0 28 0 0 0 0 21 0 0 86 0 0 0 0 0 0 0 0 0 0 90 0 11 91 0 56 61
3 0 0 0 40 29 0 0 55 0 58 0 0 42 21 88 75 0 0 0 0 0 0 39 0 0 0 0 0 0 0 86 0 0 0 0 33 0 0 0
67 48 0 19 0 0 56 15 0 0 0 72 24 0 24 0 0 0 0 0 87 69 0 0 0 0 77 0 43 93 0 0 0 0 92 0 0 0 31 0
0 0 0 0 55 0 75 0 0 85 87 0 79 0 23 88 0 72 0 0 1 67 59 0 0 0 0 6 1 0 0 0 0 0 0 0 0 46 0 0
0 0 0 0 37 0 8 0 94 2 10 0 0 0 0 88 88 0 0 0 0 0 93 0 67 0 0 0 0 0 0 8 0 0 0 0 0 0 0 0
49 0 0 0 0 0 0 0 0 65 0 0 0 0 0 0 0 0 75 48 65 36 0 0 0 0 0 0 0 16 70 0 12 22 0 2 57 0 0 0
0 0 76 0 0 7 0 0 0 0 0 0 0 0 68 0 71 0 12 0 0 1 0 0 0 0 82 0 0 0 24 0 0 0 0 0 0 0 0 0
0 0 0 23 0 0 0 0 0 0 0 0 0 0 0 0 0 3 52 0 76 0 0 0 0 0 0 9 0 0 0 0 0 0 0 43 0 37 51 0
0 47 94 75 51 0 0 0 0 0 0 2 69 0 0 0 0 0 0 0 0 0 0 62 0 0 60 0 0 0 0 0 0 0 0 0 0 0 0 0
0 0 0 0 0 0 0 0 0 0 29 0 51 0 0 0 0 0 0 0 4 0 0 0 0 0 0 0 68 0 0 41 0 0 0 41 0 0 0 59
0 0 0 0 0 14 0 0 0 0 0 0 49 0 0 0 0 0 0 0 0 0 0 32 71 67 0 0 89 0 0 0 0 99 6 0 99 0 0 0
0 0 69 43 0 0 0 0 0 0 9 0 0 0 0 86 0 0 82 55 0 0 0 0 0 45 0 4 64 0 0 0 0 20 0 0 30 0 0 0
0 0 0 0 0 0 0 0 0 62 0 66 0 0 0 0 0 0 0 0 0 0 0 0 0 0 0 54 0 0 68 9 0 0 0 0 98 0 0 0
0 34 0 0 0 98 0 0 0 0 0 0 0 0 0 36 0 0 21 0 86 0 27 0 0 0 0 0 0 0 0 0 0 67 0 0 0 0 0 0
0 0 0 0 0 0 0 28 61 0 0 34 78 13 85 0 0 0 0 0 0 0 62 0 0 0 23 0 32 13 96 0 0 63 0 0 0 0 0 74
0 0 0 0 30 0 0 0 0 0 93 46 0 0 0 0 83 0 0 0 0 0 95 0 0 0 0 0 0 0 0 0 32 0 0 43 0 0 73 0
9 0 0 0 0 0 0 0 0 0 66 0 0 0 91 0 0 84 0 19 24 0 0 0 54 0 52 79 0 0 0 0 61 0 68 0 0 28 0 0
0 0 0 38 0 0 0 0 0 19 87 0 65 0 0 0 69 0 0 0 0 0 0 0 56 0 0 0 0 0 63 0 44 0 0 0 0 0 0 25
0 0 0 3 0 56 76 0 0 0 0 0 0 0 0 0 0 0 46 0 0 0 0 0 0 0 0 14 0 0 0 28 0 0 0 0 0 0 0 1
76 0 0 0 0 24 0 0 0 40 1 0 0 0 0 0 0 3 0 0 82 0 0 0 0 0 0 79 0 0 0 0 0 0 14 39 0 0 18 0
0 96 0 0 0 0 26 0 0 0 0 0 0 38 0 89 0 0 0 0 0 0 76 27 0 0 0 0 21 0 0 0 0 0 0 0 0 68 0 0
0 0 96 0 0 0 0 0 17 0 0 0 0 0 97 87 12 0 0 0 0 79 22 10 0 98 0 0 0 0 0 0 69 0 0 0 0 0 0 89
70 0 0 13 0 0 0 97 0 0 0 0 0 53 89 0 20 28 41 0 26 13 0 0 0 60 0 24 0 90 0 0 0 0 0 0 0 20 0 36
95 0 0 55 0 0 0 0 0 0 0 56 0 74 0 0 77 0 0 0 0 0 0 45 0 0 0 0 0 0 0 10 9 0 34 0 2 0 0 0
