11 0 60 0 0 0 0 54 0 0 0 49 38 39 0 0 0 0 14 0
0 3 23 20 0 0 0 0 23 0 19 98 0 16 0 0 0 0 20 0
0 0 54 4 0 0 0 0 0 39 0 0 0 0 0 7 0 0 0 0
0 0 0 0 0 0 0 59 89 5 0 0 0 46 0 63 0 0 79 0
0 0 0 57 0 0 51 0 0 0 0 0 35 61 5 68 0 0 97 67
0 0 0 0 48 0 0 0 7 0 0 0 0 80 0 98 0 75 0 13
8 0 0 0 2 68 35 0 8 0 0 92 5 0 46 0 0 0 0 0
42 0 0 0 0 0 65 0 0 0 0 83 0 58 0 0 0 8 0 39
0 0 0 0 0 0 0 44 0 0 68 0 19 43 0 0 0 6 0 0
27 0 34 50 18 77 0 77 67 92 21 0 0 0 0 78 6 0 62 63
6 0 46 0 0 97 0 0 0 0 0 0 0 78 18 0 0 73 0 0
0 0 0 99 0 94 0 0 11 96 0 0 0 60 0 0 0 79 98 94
0 0 71 0 0 0 98 0 0 0 43 0 0 26 0 78 0 0 31 47
0 0 14 0 0 0 0 0 0 17 0 0 0 0 29 0 32 0 0 0
0 0 0 31 21 0 0 0 0 0 0 0 0 39 0 0 57 0 0 23
0 0 0 72 21 0 0 0 0 0 0 0 0 0 0 73 0 0 69 95
0 0 0 19 0 0 0 78 0 63 84 0 0 42 99 0 0 0 88 0
47 83 0 0 51 0 0 1 0 59 47 21 0 7 0 0 0 0 0 0
0 0 39 0 0 0 0 0 0 0 43 0 0 0 30 0 0 36 0 95
0 0 0 17 22 0 80 0 0 89 15 0 93 42 0 0 0 0 0 28
0 0 0 0 0 0 0 0 62 0 3 0 69 46 0 0 0 0 0 17
0 0 0 13 0 42 0 0 0 0 0 0 5 0 0 0 80 0 0 0
0 33 27 0 72 0 0 0 0 0 55 0 0 0 0 0 62 0 17 41
0 0 0 89 0 76 0 0 0 62 0 77 0 0 0 0 0 0 0 0
0 0 0 87 0 0 0 0 65 1 0 9 0 22 32 0 0 0 0 0
0 29 0 0 42 0 0 97 0 0 0 0 0 0 90 0 68 15 0 0
46 93 0 5 14 0 0 0 0 30 0 0 0 0 0 0 0 0 0 0
0 0 49 0 0 4 0 20 81 0 0 0 70 63 90 0 0 0 0 0
54 0 86 8 0 0 66 0 0 0 0 0 0 0 0 62 75 0 0 0
97 0 0 0 61 0 0 0 0 11 44 0 0 38 2 0 84 0 0 0
0 73 73 0 0 0 0 36 82 0 0 0 0 96 8 0 0 74 83 0
0 0 0 4 34 0 45 0 75 0 0 0 0 0 0 0 0 0 0 0
0 0 46 0 0 0 0 93 32 0 0 56 84 6 0 69 39 0 0 0
0 0 0 29 0 0 0 24 37 68 95 8 0 5 0 92 48 20 18 0
93 42 0 0 76 1 0 90 10 79 0 0 0 71 0 0 0 0 0 0
0 83 0 0 39 3 61 0 0 0 26 0 0 19 0 0 0 0 0 39
0 0 0 0 71 0 85 0 0 0 0 0 0 0 55 0 0 0 0 77
0 0 0 35 0 0 15 93 35 91 0 0 65 0 24 0 10 0 0 0
15 63 0 0 0 0 0 0 57 69 0 61 28 0 42 0 82 0 0 0
0 0 0 0 81 0 0 0 73 0 19 0 0 0 0 79 0 0 4 0
