0 65 0 0 39 0 0 14 0 32 0 0 0 0 0 47 96 0 0 15
0 0 0 0 0 10 0 0 0 0 0 47 0 0 0 0 0 0 0 0
16 77 0 0 0 0 49 0 0 0 65 0 0 0 95 0 0 0 0 25
0 95 0 19 0 0 54 57 0 0 0 0 0 0 0 0 0 0 0 0
0 37 0 0 15 43 0 46 0 0 63 84 98 0 82 50 0 0 0 0
0 0 0 0 0 0 95 77 0 64 0 57 75 0 0 9 0 0 4 0
66 87 0 48 0 17 0 0 0 6 0 42 0 0 0 0 0 0 0 36
0 85 0 0 0 86 0 0 0 59 0 0 38 0 0 41 71 0 18 0
0 0 64 26 0 88 0 0 0 65 0 0 0 57 0 0 0 0 0 0
0 0 0 0 89 0 47 0 0 0 0 0 50 53 0 0 0 0 0 0
0 9 0 11 0 0 0 70 47 0 29 32 0 8 0 0 0 0 0 0
0 0 0 0 34 0 0 0 70 81 0 35 0 0 24 0 0 0 10 20
88 0 0 0 70 0 0 0 0 63 0 0 0 0 0 0 0 0 0 0
0 0 31 0 0 82 91 0 0 71 0 22 0 20 46 0 0 0 38 0
0 41 82 0 20 0 97 0 0 0 92 0 0 0 26 0 0 46 0 0
0 0 0 9 66 0 0 0 0 60 11 28 95 0 0 0 0 37 97 48
24 0 42 0 95 0 0 0 0 0 80 34 18 0 69 0 0 0 0 0
0 0 22 0 0 59 0 0 0 31 92 1 0 0 64 94 47 23 24 0
95 0 96 0 0 0 11 0 0 0 58 2 0 85 0 0 0 0 0 0
53 0 0 73 0 63 58 5 0 44 9 3 45 35 0 14 0 0 0 0
