0 0 16 0 0 0 0 0 13 0 0 0 0 0 49 83 0 97 0 0 84 0 0 0 71 0 55 0 0 0
0 0 0 0 0 12 0 0 0 91 90 69 0 0 0 82 0 56 0 0 0 0 0 95 16 0 0 0 0 0
64 62 39 91 0 0 0 0 0 0 0 0 0 35 0 0 0 0 96 0 0 38 0 7 0 0 0 0 49 0
62 0 0 0 0 0 0 0 0 0 39 0 37 0 0 87 43 99 0 0 0 0 0 0 89 0 3 56 0 0
0 72 8 0 0 0 0 0 0 0 0 0 0 0 0 5 47 0 0 0 0 0 24 0 0 19 0 0 0 0
0 44 0 0 34 0 0 70 0 0 0 0 91 0 0 72 64 0 0 0 0 0 0 0 0 0 0 0 0 0
0 0 14 69 23 21 47 0 0 95 0 52 0 84 0 0 63 0 0 0 0 0 33 92 0 56 0 0 0 0
0 0 0 58 0 0 0 0 18 0 0 0 0 0 0 0 0 29 0 0 0 0 0 24 0 0 0 0 0 0
0 0 0 28 0 0 0 68 0 0 0 0 0 0 0 0 98 0 0 0 88 0 89 0 0 0 0 2 0 0
0 0 60 0 0 0 0 0 0 0 0 70 3 10 94 2 94 0 0 0 0 0 0 0 0 0 0 0 0 0
