0 0 0 0 94 0 0 0 0 48 0 0 0 0 0 0 0 0 97 0 0 0 0 0 0 0 25 0 77 0 86 2 88 69 45 0 9 0 0 0
0 0 50 0 0 6 0 9 0 0 0 0 0 10 0 0 0 0 0 0 0 0 0 0 0 0 0 0 0 0 0 21 53 0 0 0 0 83 0 0
0 92 50 49 0 0 0 0 0 0 0 0 0 0 34 11 0 0 0 0 0 0 0 40 0 32 4 0 76 0 0 0 47 77 11 0 0 0 0 0
0 0 33 0 0 0 0 0 0 0 28 0 0 0 89 0 0 92 16 0 0 0 0 16 0 0 0 0 0 0 0 70 0 0 39 64 0 0 0 83
0 0 4 0 0 0 0 0 0 0 98 22 0 0 0 33 0 0 0 0 15 0 0 0 29 0 15 0 0 32 11 0 0 0 0 0 0 22 36 0
0 0 0 0 0 42 85 0 85 0 0 0 0 0 0 90 38 65 77 0 0 0 0 8 0 0 0 0 0 0 12 0 19 0 0 0 0 51 60 25
3 6 24 0 54 0 0 0 0 0 0 70 0 0 0 0 0 0 0 35 0 0 0 0 0 0 0 87 0 0 88 0 0 35 0 0 0 0 0 0
0 85 0 0 0 7 0 58 13 14 60 0 0 0 0 49 0 0 41 0 0 0 13 14 49 4 0 0 0 0 0 0 0 13 46 0 95 0 0 2
0 0 0 13 0 0 0 0 0 64 59 0 0 0 0 0 66 0 0 0 0 0 0 0 0 93 0 0 0 0 0 0 0 0 0 0 0 0 0 0
0 0 64 0 0 0 0 0 0 0 0 0 1 0 72 0 1 0 44 0 0 0 0 0 0 0 95 66 0 0 0 0 0 0 0 0 39 69 1 55
0 0 0 0 0 0 0 0 0 0 28 0 0 0 0 0 0 0 0 0 0 48 49 0 0 0 0 0 0 0 30 80 0 0 0 2 0 0 22 0
0 0 0 2 0 65 65 0 0 0 0 0 68 53 0 0 33 95 0 0 44 0 55 0 0 86 0 82 0 0 34 0 0 34 0 0 90 0 0 0
57 0 0 55 0 0 0 0 0 0 0 0 0 0 57 0 0 0 0 79 79 0 28 0 0 87 0 0 2 0 0 0 0 0 21 0 24 0 0 99
23 84 0 79 29 63 0 33 0 10 0 0 0 63 0 0 0 0 0 8 45 0 0 96 0 0 0 0 0 84 0 0 0 22 0 0 56 0 0 33
0 0 0 0 0 0 0 0 0 0 88 0 0 0 0 0 0 51 22 0 0 0 53 0 0 0 14 39 0 0 0 0 0 0 87 0 0 72 92 0
0 46 0 0 0 44 0 0 0 0 0 0 0 45 0 0 0 0 0 0 0 0 53 0 0 69 67 34 0 0 0 0 93 0 0 95 0 32 0 0
0 0 0 0 0 0 94 0 0 0 0 71 0 0 0 36 0 0 0 0 0 0 0 0 62 78 0 92 35 0 59 0 21 24 0 44 49 0 0 2
65 71 0 81 0 64 35 17 0 54 0 79 0 0 87 0 0 0 0 0 0 0 14 0 75 0 31 0 0 4 73 9 0 0 0 38 0 0 0 0
68 0 0 0 94 0 52 0 0 0 28 0 0 21 87 0 0 48 0 0 0 0 0 0 0 0 94 0 54 0 0 0 0 0 33 66 0 52 0 0
0 0 0 0 0 0 0 0 0 0 0 24 0 0 62 51 0 0 0 0 0 0 0 0 0 0 0 60 0 0 91 0 23 0 0 81 46 0 0 0
0 0 39 12 58 0 0 31 97 0 0 0 0 13 0 0 0 0 47 0 0 0 0 0 0 0 0 55 0 0 0 0 0 0 0 0 0 0 0 0
87 0 0 0 39 0 0 17 0 91 0 0 0 0 0 0 0 0 0 81 59 42 0 0 0 0 0 0 0 0 0 0 0 0 0 0 10 85 0 50
0 0 0 0 38 0 80 0 23 0 10 0 39 0 0 0 0 0 0 0 0 0 0 0 0 0 0 0 0 43 0 43 0 0 0 0 0 0 0 0
0 0 0 0 0 0 0 0 89 0 0 0 99 0 0 0 0 0 0 0 59 0 70 0 0 0 0 0 0 83 0 0 61 18 45 0 0 0 0 0
0 0 0 0 0 0 41 34 42 0 0 0 0 0 0 0 0 0 0 0 0 64 94 0 0 0 0 0 0 0 29 0 0 0 33 0 0 0 0 0
0 25 43 73 0 0 0 0 0 0 63 87 0 0 0 0 58 0 83 0 0 0 0 0 0 0 0 0 0 0 0 8 0 22 0 0 0 52 0 0
0 0 0 0 0 0 0 0 0 64 92 0 0 56 72 23 0 45 0 68 0 96 0 0 0 9 72 0 8 34 0 0 0 0 0 0 31 0 0 0
0 0 81 2 46 72 0 98 0 0 0 0 0 0 0 0 22 0 0 0 58 0 0 0 0 75 36 29 96 43 0 0 31 0 0 0 0 0 0 0
0 54 0 58 0 0 0 0 0 0 0 0 0 0 0 17 0 0 0 0 0 41 0 2 0 0 0 0 0 0 0 0 0 0 0 0 11 0 0 49
0 0 0 83 0 0 0 0 0 0 0 0 52 0 0 43 0 0 0 0 83 72 0 0 0 0 80 9 0 0 0 0 0 0 0 0 0 0 86 0
0 0 52 0 0 0 0 0 0 0 0 0 51 0 0 0 66 0 6 0 0 0 0 0 0 71 31 0 0 42 0 0 45 0 0 0 0 0 20 0
0 0 82 81 99 0 0 41 0 0 0 0 96 0 38 0 0 0 0 0 0 40 92 0 0 0 0 0 35 54 0 58 0 73 0 0 0 72 33 0
0 0 28 0 0 51 0 87 0 81 0 0 6 89 0 0 0 0 94 0 27 0 0 0 0 0 0 0 0 0 41 0 0 0 0 0 0 0 0 0
0 0 0 0 0 0 1 0 0 0 0 41 0 12 1 0 80 88 25 81 27 0 0 6 0 0 0 0 0 0 0 0 0 0 61 0 0 0 0 24
58 0 41 0 0 18 0 71 0 0 0 0 97 0 18 0 0 0 2 0 0 0 89 0 0 50 0 0 0 0 0 0 0 0 0 0 0 0 95 0
0 0 0 0 28 0 0 0 38 0 45 0 97 19 95 0 0 0 0 33 35 76 75 0 0 72 0 55 0 0 54 0 0 19 0 0 0 0 26 0
0 0 0 0 0 0 19 0 0 0 0 0 44 0 0 0 73 0 0 0 82 21 0 0 0 13 0 0 0 0 0 0 68 0 0 0 48 11 27 0
0 0 0 0 0 23 28 0 0 0 0 0 0 18 2 0 0 0 0 0 0 42 0 11 0 0 0 0 0 0 73 0 82 0 21 0 0 0 0 0
0 6 0 0 0 0 0 45 0 0 0 58 76 0 0 0 79 71 0 0 0 13 39 8 0 0 29 0 0 0 99 0 0 0 0 51 85 0 0 96
0 0 7 0 72 0 0 0 0 0 0 0 0 0 0 0 0 0 0 0 0 0 0 0 0 29 0 0 0 0 0 0 0 0 0 0 0 0 0 0
96 0 43 0 80 0 0 0 0 0 0 0 0 89 0 0 33 0 82 0 0 0 0 84 0 0 10 58 0 0 0 0 0 0 45 0 0 0 0 0
0 16 0 0 0 0 0 0 69 0 71 46 0 0 0 0 49 0 0 0 0 0 0 0 0 71 0 0 0 0 0 30 0 0 0 0 0 0 35 83
77 0 0 0 0 0 0 48 44 0 0 0 0 32 0 0 48 0 21 0 0 0 72 0 0 0 0 0 0 55 30 0 0 6 0 0 0 0 6 0
0 0 0 0 53 0 0 0 0 0 0 0 0 0 99 0 99 0 0 0 0 90 0 0 0 0 0 0 0 0 0 49 35 39 0 26 0 0 36 0
0 67 0 0 16 0 0 0 0 0 0 0 81 76 0 52 0 7 0 16 0 0 0 0 0 0 0 0 0 0 0 0 0 0 0 0 0 85 0 0
2 0 0 0 0 0 0 0 0 0 67 95 0 0 0 0 0 0 24 0 87 0 0 0 0 0 8 0 0 0 0 0 0 0 79 0 0 0 0 76
0 71 58 0 0 0 0 0 0 68 0 0 0 0 0 88 0 25 0 0 0 0 0 0 0 0 57 73 0 0 0 0 64 0 0 50 0 0 0 0
0 0 0 0 0 0 0 0 0 0 0 0 0 0 18 0 0 93 0 0 0 0 0 0 0 0 0 0 0 0 29 0 0 0 0 0 0 0 0 0
62 0 0 0 0 0 0 98 0 89 0 0 0 0 46 0 5 0 0 0 0 0 0 0 90 0 0 0 0 0 0 0 0 0 19 0 0 0 0 0
0 0 0 33 0 0 37 0 0 0 0 0 0 97 0 0 0 0 0 0 0 0 0 32 0 0 0 0 0 0 0 42 0 0 0 0 0 0 0 0
