0 0 0 0 0 0 9 96 0 0 77 0 32 0 0 64 0 0 0 0 0 92 0 0 0 73 0 0 0 0 0 6 0 45 0 67 0 0 0 0
0 0 0 0 0 56 19 0 83 49 0 0 0 0 65 0 0 0 65 0 0 63 0 0 32 27 77 0 0 0 0 96 0 0 62 27 0 0 67 0
0 97 0 0 0 71 0 33 0 0 0 0 0 0 89 34 0 36 93 0 71 0 0 0 1 0 0 0 66 0 0 0 95 40 0 74 0 0 41 0
92 0 0 0 57 0 0 5 0 0 0 0 0 13 0 0 73 3 0 0 0 8 0 0 0 28 29 0 0 0 0 0 0 41 85 85 14 0 39 0
0 0 0 0 0 46 0 0 0 14 0 0 0 54 0 35 0 50 0 74 45 64 0 0 0 4 0 0 0 0 0 68 0 0 0 0 0 0 0 14
82 0 0 86 0 0 0 0 51 71 0 0 0 0 60 0 0 0 0 38 0 0 0 0 0 0 85 47 85 52 0 69 0 0 0 0 0 60 0 0
0 85 45 78 97 0 50 0 0 0 0 0 32 0 0 67 0 34 59 81 0 0 93 0 0 20 0 0 0 0 0 0 19 0 0 31 0 26 0 0
0 0 2 17 0 0 99 0 3 0 0 14 0 0 90 38 55 0 0 0 0 0 16 40 0 0 0 43 0 0 21 0 0 9 0 33 72 0 42 0
0 0 68 0 18 0 0 49 73 0 38 87 0 0 0 0 0 0 0 5 0 0 0 0 0 0 92 7 0 0 76 0 3 23 46 0 67 0 59 0
0 0 0 0 55 4 0 0 0 0 0 0 0 0 0 14 37 0 0 0 46 57 53 0 0 0 49 0 0 37 0 0 0 0 0 64 0 66 0 0
