0 0 91 0 46 0 0 0 0 0 0 50 7 0 0 0 78 0 39 0 0 79 0 70 0 0 0 0 0 0
0 63 0 0 0 0 0 0 0 0 0 0 99 0 0 0 0 0 0 0 0 0 0 27 34 0 0 94 0 0
77 0 74 0 0 0 0 46 65 0 0 0 0 86 0 0 0 52 0 89 0 0 43 0 0 0 51 0 0 0
0 25 0 0 0 0 0 0 29 0 0 0 0 0 0 0 0 0 0 0 0 0 0 0 69 0 0 0 0 0
0 12 0 0 0 0 0 0 0 0 73 0 0 0 0 0 0 0 0 70 56 26 0 12 15 55 0 59 15 0
0 0 0 0 29 54 84 15 80 38 34 0 96 0 0 0 0 0 0 0 0 0 0 0 0 0 38 71 0 0
0 0 0 0 0 0 0 75 0 45 15 0 0 39 0 0 30 0 0 0 0 66 0 0 0 0 0 0 74 0
0 0 0 0 55 0 0 0 0 0 9 0 42 0 0 41 0 0 16 79 32 0 0 0 0 0 0 0 0 0
0 0 0 0 18 0 0 0 32 81 0 0 64 0 0 0 79 0 0 0 0 24 0 0 0 0 0 0 0 0
0 0 93 0 0 20 0 99 0 0 0 40 91 0 0 25 59 0 0 0 50 0 0 0 70 0 68 0 0 0
