0 49 0 0 30 0 0 98 54 0
0 0 0 0 0 24 0 0 0 0
0 0 16 0 0 0 0 36 38 0
0 90 0 0 0 80 76 0 93 0
54 0 65 0 0 0 0 0 0 0
0 77 25 0 75 0 0 0 0 0
0 0 0 0 0 0 93 0 63 0
0 0 0 0 0 0 0 0 77 7
0 0 0 0 96 0 44 0 0 0
0 0 51 0 0 0 36 0 0 10
0 0 0 94 70 0 0 1 0 39
64 29 0 0 0 0 87 43 10 0
39 0 20 17 53 0 0 49 0 0
4 0 0 0 0 51 33 0 0 0
86 0 57 16 22 0 47 0 0 0
0 0 73 0 0 0 23 0 0 0
0 90 0 0 52 0 0 0 0 0
0 84 73 55 0 0 73 0 0 0
0 2 0 0 0 0 0 0 0 57
0 0 0 0 0 44 20 0 0 13
0 93 0 0 0 0 0 0 0 0
0 60 0 0 0 52 34 0 0 73
71 0 0 7 29 0 0 0 1 0
10 0 0 0 89 0 0 0 0 0
0 0 0 45 0 0 0 0 0 82
90 0 74 0 0 11 0 0 0 0
63 0 89 0 93 40 42 30 35 70
0 0 19 0 80 35 0 0 0 85
0 0 0 0 0 30 0 0 0 41
0 14 45 72 49 33 36 0 0 0
