66 21 0 0 0 0 0 0 71 0 0 0 0 0 0 0 60 0 0 0
0 0 0 96 11 0 0 35 0 0 0 0 0 0 0 0 0 0 0 0
0 0 0 89 0 0 0 0 0 0 0 0 0 92 0 0 53 0 0 0
44 48 40 77 0 0 0 2 0 46 0 62 0 0 45 0 47 0 0 0
0 0 0 0 0 0 0 98 0 0 0 0 0 0 0 0 0 0 0 0
0 0 0 0 0 0 68 0 0 31 0 0 24 0 0 42 0 4 0 0
0 12 0 76 0 1 0 0 19 0 0 0 63 0 0 0 50 0 0 79
0 44 89 0 0 0 0 0 0 0 0 47 0 0 0 88 0 0 0 0
0 0 0 14 0 0 0 45 89 0 0 0 0 0 49 0 0 0 0 40
0 0 0 0 0 0 0 0 0 6 0 33 0 0 0 0 47 0 0 47
0 0 0 0 0 0 37 46 43 0 0 24 0 0 0 0 0 0 0 35
69 0 4 11 0 0 0 8 0 0 0 0 0 0 0 70 0 0 14 92
0 0 0 82 0 97 0 20 0 0 0 0 0 26 0 0 0 0 0 85
0 35 0 0 56 0 37 0 0 0 0 0 84 0 0 0 0 0 0 0
0 0 0 0 0 67 0 0 0 0 0 0 0 0 43 0 47 0 0 0
0 0 0 0 0 0 59 0 0 0 0 0 8 0 0 0 67 0 0 0
15 0 0 0 56 43 79 0 0 0 90 0 0 0 0 0 0 0 0 0
0 66 0 0 0 0 0 0 0 38 0 0 0 0 0 0 0 0 0 0
0 0 0 0 0 0 0 0 0 0 0 0 0 0 0 0 0 0 90 0
0 0 0 0 80 21 0 0 0 0 0 0 53 0 0 0 0 0 0 0
0 0 0 0 0 0 0 0 0 0 0 0 25 0 0 0 0 17 0 0
0 0 0 0 0 0 0 0 0 0 0 0 0 37 0 0 0 0 0 0
0 0 0 0 0 71 0 0 0 0 27 0 0 0 0 0 0 35 0 72
0 0 0 47 0 0 0 76 77 0 0 0 49 0 45 0 0 23 0 0
0 20 0 60 0 52 0 25 0 0 0 0 0 0 0 0 85 0 0 0
0 0 0 0 93 0 0 93 0 0 0 0 0 0 0 0 0 0 0 0
77 88 0 0 0 0 0 0 71 37 89 0 10 0 0 0 55 0 0 0
0 0 0 0 0 0 0 0 0 0 0 0 0 80 0 0 39 85 0 0
0 0 0 0 0 0 0 34 0 97 14 33 0 0 0 0 0 7 0 0
0 0 0 0 0 0 0 0 0 0 0 0 0 0 77 0 0 0 0 0
