63 0 0 0 61 0 0 0 0 2 0 88 0 0 0 0 0 0 0 0 87 0 0 10 24 88 0 0 0 85 0 0 0 0 0 99 0 0 51 0 0 3 0 16 55 0 0 0 0 69
0 76 0 0 84 30 0 0 0 0 4 0 0 0 29 0 80 21 40 42 0 0 0 0 0 20 32 0 0 0 0 0 0 0 26 54 0 0 0 0 7 0 62 0 0 60 0 0 0 0
0 0 75 0 68 0 0 31 0 76 0 0 0 0 0 7 0 0 0 0 0 0 0 0 0 0 0 0 34 0 0 45 0 0 0 78 0 0 70 0 0 0 0 86 0 0 0 6 0 0
24 24 0 0 0 0 0 0 0 0 0 0 0 0 2 0 37 0 0 0 0 0 0 0 0 86 0 3 94 0 0 94 0 0 82 0 0 48 0 0 16 73 0 0 0 0 0 0 0 0
0 0 0 69 0 0 0 35 0 0 0 0 9 0 38 0 65 0 0 0 0 0 1 96 0 0 93 0 51 0 59 0 0 0 0 0 0 0 0 0 5 0 0 0 0 0 0 18 0 0
0 0 0 0 0 0 0 0 0 0 91 0 0 0 0 0 0 0 0 0 0 50 0 0 0 0 0 48 0 24 95 47 0 0 0 0 0 81 0 0 0 0 97 0 0 0 0 39 0 0
0 0 0 0 0 0 0 0 0 86 0 11 0 0 0 63 0 0 0 0 0 79 0 0 0 0 0 77 0 0 0 0 0 94 0 0 36 0 0 0 84 0 0 0 34 0 0 28 0 0
0 0 0 0 0 0 0 0 0 0 0 0 0 0 5 0 0 8 0 0 0 43 0 44 26 93 0 61 0 36 0 0 0 0 85 12 41 0 0 0 0 24 0 0 7 0 38 0 17 0
34 3 0 1 0 0 0 0 0 72 94 0 0 0 21 0 0 0 0 43 0 0 0 0 0 0 0 0 0 0 0 0 0 0 97 45 0 0 0 0 95 0 0 0 66 0 0 0 0 0
80 88 87 0 74 18 0 0 23 0 35 0 0 50 46 0 0 0 0 0 0 0 61 0 0 0 0 0 0 0 0 0 0 0 0 0 0 0 0 38 0 0 0 0 0 0 85 13 0 0
0 0 0 71 0 0 27 0 0 0 0 60 0 0 47 0 88 0 0 0 0 0 0 0 0 0 0 0 0 0 0 0 0 0 33 95 0 0 35 0 26 0 0 0 0 0 0 0 0 69
0 0 60 0 68 0 0 85 10 0 0 0 0 0 0 0 0 36 0 0 85 0 0 9 26 0 71 0 0 0 0 0 0 0 0 0 0 0 59 0 0 91 11 0 0 0 43 0 42 0
0 0 0 87 0 16 0 0 0 0 0 0 0 0 0 0 0 0 0 0 0 0 0 0 0 0 0 0 0 0 0 0 0 0 0 0 0 0 0 0 86 37 0 0 1 0 66 0 0 20
0 0 37 0 0 0 36 14 0 0 0 0 0 25 48 0 45 16 83 33 0 0 0 0 0 0 0 0 0 0 0 0 0 0 97 28 0 0 0 0 0 0 75 0 0 0 0 53 0 78
0 0 0 84 40 60 0 71 0 45 0 28 0 0 0 39 98 56 0 0 35 0 69 0 0 0 0 0 0 0 0 0 79 0 0 78 0 59 0 0 0 0 0 0 48 0 14 0 0 0
0 0 0 0 0 1 0 0 0 0 17 47 0 0 16 62 0 0 0 0 0 0 43 0 0 0 0 0 0 0 0 0 65 45 26 95 0 0 0 0 0 60 0 0 76 70 30 47 0 0
0 0 46 0 0 96 0 0 0 0 0 0 29 0 0 0 0 0 66 0 0 0 0 0 0 0 0 0 0 0 0 0 0 0 0 0 0 0 0 0 0 0 0 0 0 0 0 77 0 0
0 0 0 0 59 0 0 93 91 0 24 0 0 0 0 0 0 0 0 0 0 0 0 0 0 26 0 0 0 0 0 0 0 0 0 0 0 0 0 0 43 0 0 75 0 0 0 66 8 0
0 0 0 0 0 0 0 39 7 0 0 0 4 0 0 68 56 0 84 97 0 0 0 0 25 0 0 0 0 34 35 0 0 0 0 85 68 4 0 0 0 0 80 0 0 0 0 2 0 0
0 54 0 0 0 0 0 0 58 0 0 0 0 0 0 0 0 0 0 56 0 0 0 0 0 2 0 0 0 70 0 36 0 0 0 0 0 0 0 0 0 0 0 46 45 0 0 0 0 0
0 0 0 48 0 0 0 0 0 0 0 2 5 0 0 39 86 0 0 0 28 0 0 2 0 0 0 0 0 0 0 0 0 0 0 0 0 58 55 5 76 0 0 0 0 0 54 0 0 0
0 0 0 0 43 0 99 78 0 85 0 0 0 0 81 38 0 0 0 0 0 0 0 0 0 0 0 0 57 0 68 0 0 92 0 19 0 79 0 24 0 0 33 88 0 0 44 0 85 0
0 0 0 0 0 13 0 0 0 0 0 24 0 94 59 0 0 0 0 0 69 0 0 0 0 6 6 0 39 35 0 0 0 0 93 0 0 0 0 0 78 0 0 20 85 0 0 77 17 0
0 0 0 0 69 0 0 0 0 0 0 0 0 0 0 0 51 0 0 0 52 0 0 11 28 0 0 0 0 65 23 9 0 0 15 89 22 0 0 55 0 69 0 0 0 0 0 0 0 0
10 0 0 64 0 0 1 16 52 73 0 0 0 0 0 0 0 89 0 0 0 0 0 0 0 0 0 60 0 0 0 0 0 0 0 42 9 0 0 0 0 0 30 0 0 0 0 67 0 0
0 0 0 0 17 0 37 0 81 0 93 0 0 21 0 0 0 0 0 2 0 86 0 0 0 0 13 0 0 0 0 0 0 99 0 0 0 0 0 0 13 0 0 0 0 0 7 89 0 0
0 0 0 5 19 0 25 0 0 0 0 14 83 28 0 0 0 63 6 0 0 0 0 55 19 0 0 0 0 0 0 27 0 65 49 0 0 0 0 0 0 0 0 0 0 0 0 0 71 0
0 0 0 0 0 0 0 0 79 0 0 98 0 92 0 0 78 0 0 0 0 91 0 0 94 0 0 7 43 0 0 0 0 0 35 0 0 0 0 0 0 69 0 71 0 20 0 0 0 67
20 0 12 29 76 49 97 0 52 0 0 0 0 0 62 0 0 0 0 0 0 0 0 0 0 0 0 0 0 0 0 0 30 34 0 0 0 0 19 0 0 0 0 79 0 47 17 58 0 0
80 0 0 39 93 0 51 0 0 0 0 0 54 0 0 0 0 0 0 44 0 56 0 43 0 0 0 0 0 0 0 0 49 0 59 0 0 0 0 0 0 0 0 0 0 0 0 0 42 0
