0 0 0 0 0 0 56 0 0 0 57 0 0 0 16 0 0 0 0 0 0 0 92 0 0 0 23 0 0 0 0 18 77 0 0 0 0 0 0 0 43 97 0 0 46 0 0 0 0 91
0 47 0 0 0 0 19 84 0 95 0 0 87 0 0 0 86 0 0 0 0 98 0 95 47 38 72 93 0 0 0 76 0 0 0 0 0 24 0 29 0 57 0 0 0 55 57 0 14 19
0 69 0 0 0 0 0 0 27 42 0 40 0 0 72 0 0 0 0 69 45 0 35 90 0 0 0 0 31 34 0 75 0 0 33 90 0 0 51 0 90 56 0 0 97 3 83 0 0 70
0 34 0 64 2 0 0 72 0 0 0 22 0 0 0 0 77 0 0 0 36 0 0 0 0 0 96 0 32 0 53 97 63 84 0 14 0 83 32 87 0 21 0 0 66 0 27 0 22 94
0 0 20 0 9 3 0 74 0 0 0 0 0 26 89 0 0 0 0 0 0 0 31 0 14 30 0 79 0 0 67 0 0 40 0 0 0 0 61 78 0 0 69 0 1 0 65 0 43 0
0 0 0 28 70 0 0 0 34 55 54 0 0 0 56 0 0 0 74 0 88 26 49 0 0 0 0 54 0 0 0 0 0 0 0 0 58 0 0 66 0 0 0 0 0 0 52 5 0 0
0 0 0 0 0 0 0 0 0 0 0 16 0 0 0 0 0 3 88 0 0 66 0 21 0 0 0 0 0 0 0 77 17 16 0 91 0 0 0 0 48 0 19 75 0 0 85 77 72 29
0 6 0 15 0 0 0 0 0 43 33 82 0 0 0 0 0 0 12 92 0 0 0 0 93 0 0 0 0 0 0 7 61 79 0 0 13 0 0 0 0 0 0 0 58 0 1 76 63 0
31 92 41 0 0 0 0 0 0 57 0 0 83 20 0 0 0 0 0 0 0 0 0 63 0 0 0 0 0 0 55 0 43 0 0 0 0 99 0 30 0 0 72 0 0 0 0 0 95 0
94 0 0 0 0 0 42 0 40 0 6 40 99 0 13 0 80 0 0 0 0 71 0 54 0 6 0 73 0 94 0 0 0 98 0 0 0 0 90 0 0 0 0 2 28 0 0 0 26 0
98 0 0 0 52 0 0 0 0 0 0 0 89 0 0 0 0 0 29 83 0 0 77 97 0 96 0 0 0 0 32 0 0 0 20 72 0 0 13 0 0 93 0 0 0 0 0 45 0 0
80 0 0 0 0 91 0 0 0 0 0 0 80 0 0 0 0 55 78 0 97 0 0 0 0 2 4 33 0 0 0 0 0 5 84 0 0 0 0 56 0 0 0 0 0 0 0 0 60 0
85 0 0 6 75 32 0 57 97 0 0 0 0 55 0 0 0 62 0 0 0 0 0 0 0 5 0 0 0 20 0 0 99 67 0 84 0 0 26 0 0 81 0 0 0 19 75 0 59 47
0 0 99 45 0 0 0 0 71 0 13 0 0 9 86 0 85 0 0 39 54 0 0 0 34 0 47 33 0 0 27 0 0 0 0 0 0 0 0 0 0 5 0 0 0 50 0 3 0 0
0 0 0 0 0 0 74 0 0 23 0 0 42 0 85 66 16 0 0 0 0 0 0 0 0 76 0 0 0 0 0 0 0 0 53 0 0 46 60 0 0 0 0 0 0 0 0 90 0 0
3 0 96 0 0 0 0 0 0 0 0 0 0 0 19 0 44 0 0 3 46 0 0 54 0 74 0 0 0 0 0 0 74 51 0 83 0 89 0 0 0 0 0 0 58 12 0 0 0 0
50 32 0 80 0 0 0 60 0 0 0 0 0 0 0 0 0 0 0 9 0 91 0 0 0 0 0 64 34 0 0 68 0 80 3 0 0 0 0 0 0 48 0 59 0 0 0 0 0 32
0 0 17 0 0 0 0 20 47 74 0 90 0 0 0 0 0 0 61 8 37 0 0 0 0 0 48 0 5 0 0 0 0 0 0 0 0 0 0 0 3 0 87 0 24 0 0 77 84 50
21 0 0 0 0 0 0 97 0 98 0 36 5 0 87 65 0 29 0 0 38 0 0 0 0 28 0 20 0 19 7 0 0 0 0 0 82 75 0 0 0 0 89 37 67 0 0 0 11 74
0 0 62 79 0 0 0 0 85 0 0 0 0 0 0 61 0 0 0 3 38 0 0 0 0 0 0 0 70 0 0 0 0 52 69 0 84 0 0 0 0 0 0 0 0 49 28 25 0 0
77 0 0 0 16 48 72 0 4 4 16 0 0 90 0 0 0 73 28 13 0 0 0 2 0 60 5 44 0 0 0 20 0 0 0 0 44 0 0 78 0 0 0 0 0 0 0 0 21 0
0 9 0 41 0 50 65 0 0 0 0 0 0 97 0 5 90 0 0 0 0 74 0 94 69 0 0 0 41 70 0 0 0 58 97 0 0 0 92 0 0 0 0 0 0 7 0 0 0 26
0 44 0 0 91 0 90 88 0 25 0 0 10 0 0 0 0 61 0 44 0 77 0 15 52 15 62 45 0 0 0 60 0 0 0 0 0 19 0 0 0 41 0 44 0 0 90 0 0 0
0 0 0 0 2 0 0 0 39 95 0 0 0 74 93 0 0 36 0 3 0 0 86 61 0 5 0 0 0 50 0 0 0 42 0 0 0 0 58 0 0 0 20 9 1 0 0 0 0 0
0 0 0 0 0 0 42 0 31 27 79 0 0 37 0 0 15 0 46 0 81 0 22 0 50 0 0 48 0 0 0 0 0 0 0 0 0 61 17 0 0 11 0 0 0 0 0 0 0 61
17 36 0 55 79 0 0 1 0 81 0 0 91 69 0 0 0 0 0 23 65 0 0 87 53 97 0 62 80 14 0 0 0 41 0 0 0 0 0 36 31 95 0 0 0 0 50 0 68 14
0 0 0 0 66 0 0 0 0 0 0 0 0 69 24 0 0 0 39 89 46 0 0 0 0 0 0 0 0 36 0 5 0 0 80 50 0 0 0 0 12 86 0 0 0 0 0 0 0 0
0 0 65 80 0 0 0 0 0 0 39 0 22 0 0 61 93 6 10 0 46 0 0 0 0 0 0 8 0 0 77 0 0 0 0 0 0 0 0 7 0 0 40 0 79 0 0 0 39 0
0 0 0 32 0 0 0 0 0 2 0 14 11 0 66 0 94 0 31 17 16 0 14 0 0 0 51 48 0 0 25 0 0 0 26 88 0 13 0 0 78 95 0 0 0 0 0 0 0 0
0 86 0 0 17 0 0 0 28 0 0 0 0 0 0 0 0 68 91 0 31 0 2 0 0 0 0 97 0 0 0 0 0 0 85 0 0 0 18 0 0 0 0 0 0 0 0 11 0 0
0 0 0 14 0 0 23 73 0 0 0 0 0 43 0 0 0 0 0 90 0 93 51 77 42 0 82 34 0 0 61 0 93 0 0 75 0 54 51 10 0 0 0 0 0 0 63 0 89 0
85 50 70 0 0 95 0 0 98 48 52 0 0 0 0 0 0 56 0 90 0 0 0 5 97 0 0 0 0 0 42 0 0 0 8 0 1 0 50 0 72 0 0 0 0 37 64 0 0 0
75 15 0 0 0 5 0 99 37 0 0 0 0 0 58 33 49 0 0 0 0 89 0 95 0 0 48 0 0 74 28 0 0 0 0 54 0 10 0 0 0 45 5 0 0 0 0 0 0 72
0 0 52 78 0 0 0 36 78 91 3 0 0 0 0 0 62 0 0 0 0 0 41 0 3 57 0 0 0 0 0 0 0 58 8 0 96 0 0 0 30 0 70 99 0 0 0 49 0 0
0 0 6 41 0 0 81 73 0 0 0 0 43 0 38 14 0 0 0 28 0 19 95 11 29 0 0 0 66 0 0 0 0 0 14 0 73 42 0 0 0 0 0 28 0 80 0 0 49 46
0 0 63 0 0 0 0 0 27 0 0 72 0 55 0 0 0 0 0 0 81 55 0 97 46 0 0 0 0 0 0 0 89 4 50 0 89 32 0 22 0 11 0 30 82 0 0 0 79 0
0 0 0 11 0 64 0 0 0 0 94 0 28 10 0 64 0 0 0 0 98 0 98 2 0 0 0 0 53 0 0 0 0 0 0 0 43 0 9 71 81 76 0 98 24 0 0 0 0 0
87 0 0 0 61 0 0 0 73 19 0 58 0 0 0 60 0 0 0 0 0 0 0 0 0 0 0 3 0 11 95 0 0 0 0 1 0 0 70 0 0 0 0 76 7 65 0 0 0 0
0 50 43 0 0 0 0 0 0 79 0 0 0 27 0 0 0 33 0 0 86 0 0 18 0 0 21 0 12 47 0 30 0 0 1 0 29 0 0 0 84 86 0 0 71 0 0 0 47 46
7 0 0 30 8 0 0 0 0 0 0 0 0 0 77 22 0 14 0 39 0 0 0 0 0 37 0 20 85 0 0 49 0 0 0 83 0 0 0 0 0 0 0 0 0 0 0 0 80 8
