0 0 0 0 0 85 19 0 0 0 0 0 0 0 0 0 0 0 36 90 0 77 0 89 0 0 0 0 0 0 0 0 0 0 11 0 0 0 0 0 0 0 0 0 0 0 0 0 0 0
0 5 88 0 0 79 0 0 0 60 51 0 33 0 59 78 0 70 61 7 0 0 0 0 0 41 0 57 9 0 0 0 6 19 0 14 0 38 0 85 89 20 0 0 66 0 0 94 0 0
0 0 0 68 0 0 0 33 0 92 0 24 0 0 0 50 0 0 0 0 0 0 37 99 0 0 0 0 0 92 0 0 0 56 95 56 0 0 0 84 37 0 4 0 17 0 0 11 0 0
0 0 99 24 0 0 0 0 0 0 24 0 7 0 0 21 0 66 83 0 96 17 0 0 0 0 0 47 35 0 0 0 0 0 36 0 0 0 0 13 0 69 0 0 0 0 31 0 0 33
32 0 0 0 84 0 0 0 0 0 0 0 0 16 0 0 0 0 34 0 72 0 0 70 0 0 45 0 0 45 0 9 99 0 94 84 0 79 0 0 40 0 0 0 0 3 41 0 91 0
62 0 56 80 0 0 0 0 0 0 10 0 0 90 0 0 0 0 45 50 0 0 0 44 60 0 0 0 82 0 92 0 80 0 17 0 0 39 0 28 0 0 65 36 0 39 0 0 31 0
15 0 0 0 89 0 19 0 0 0 0 95 16 79 0 35 0 0 0 0 15 78 0 58 60 38 0 0 0 22 0 0 0 35 0 0 24 25 83 0 0 0 48 95 0 60 0 70 2 59
57 78 0 0 79 0 0 0 0 40 0 10 1 0 84 0 13 0 0 0 0 24 0 4 67 58 0 0 0 68 0 45 0 0 0 0 0 0 0 0 0 0 0 39 0 0 40 72 0 0
31 0 90 0 0 20 0 47 0 61 9 0 0 0 30 12 0 0 40 31 0 0 0 26 0 0 93 0 0 0 0 0 75 0 0 0 62 75 0 0 0 0 0 0 17 0 0 0 0 71
70 59 27 0 0 0 0 0 5 0 0 0 0 0 28 0 0 0 67 25 68 0 0 0 0 0 0 0 15 45 34 69 0 0 61 0 0 62 0 0 0 95 0 0 0 0 90 48 0 0
0 0 0 0 0 69 0 0 0 0 0 0 79 49 0 66 43 0 0 0 0 68 0 0 0 57 33 0 70 0 0 28 12 0 0 0 0 0 0 31 0 83 0 0 0 85 0 20 0 93
0 0 6 0 0 0 76 0 51 0 0 0 0 0 0 0 39 96 83 0 33 30 96 0 0 24 0 0 0 0 63 0 59 12 0 0 70 0 0 0 0 0 7 0 95 0 0 0 71 0
35 17 0 0 0 9 31 0 26 0 33 0 74 70 0 0 0 0 0 0 0 0 0 66 0 0 0 20 43 0 0 0 86 0 0 0 0 0 92 0 65 99 0 0 0 0 2 0 0 62
35 12 0 39 0 0 71 33 71 0 66 55 0 76 33 8 1 66 45 0 0 0 0 0 0 0 0 0 0 11 0 45 22 39 0 0 91 0 0 0 67 0 74 0 0 42 0 0 0 0
88 78 31 0 0 0 66 0 41 0 0 0 0 0 0 0 0 0 0 0 0 0 72 0 0 82 0 28 30 0 94 12 0 97 0 80 0 0 93 79 0 0 0 0 43 38 38 0 0 72
0 0 0 0 0 0 0 17 0 10 91 0 45 67 0 0 90 0 0 42 0 0 87 0 0 0 76 0 36 0 79 0 27 71 0 0 0 68 0 0 54 0 0 93 0 88 0 99 11 0
0 0 0 0 0 84 0 0 0 0 0 79 0 53 0 0 4 0 0 0 40 19 0 0 98 0 54 0 0 0 23 0 0 0 0 0 99 0 17 0 0 13 99 0 6 0 98 61 0 0
0 32 4 0 7 0 17 51 0 99 0 0 0 0 0 0 0 0 0 64 0 18 11 0 0 79 72 0 90 56 0 0 56 36 0 0 0 76 0 0 0 83 0 0 20 84 0 0 0 0
0 25 64 0 0 0 0 0 0 20 76 25 29 74 0 87 0 87 0 93 0 24 0 45 0 0 0 0 0 36 0 0 0 92 17 0 0 0 0 0 0 0 0 0 25 0 0 58 0 8
0 0 0 0 0 0 0 0 0 0 92 0 0 0 0 0 0 40 2 0 0 0 0 0 87 60 0 0 0 11 47 63 17 58 0 22 51 0 0 0 45 0 0 0 46 0 0 0 51 0
79 44 0 28 0 0 0 0 0 0 0 0 66 0 0 0 0 0 0 0 53 0 0 0 0 0 0 0 20 0 0 0 0 0 86 0 82 0 0 0 0 0 0 0 72 0 56 65 0 0
0 0 40 0 0 72 0 0 0 0 46 46 0 0 0 0 22 0 0 0 0 17 0 33 13 31 0 0 72 11 0 0 0 0 93 54 0 0 67 0 0 65 0 0 1 65 0 0 0 80
27 0 0 0 0 50 47 10 0 0 0 0 0 0 36 0 0 31 0 0 32 0 0 95 0 65 0 75 98 85 0 66 0 0 77 0 0 82 0 54 0 0 0 0 0 0 98 0 0 0
0 0 0 89 0 0 0 0 0 0 0 61 0 0 0 0 4 0 15 0 0 0 0 0 14 0 0 92 0 13 65 42 0 0 3 0 0 61 0 0 0 0 66 0 0 0 0 0 63 88
0 0 0 0 0 0 14 36 0 0 0 0 0 83 0 0 0 0 0 0 9 13 0 0 0 0 0 0 62 0 8 0 4 0 41 0 0 66 0 0 0 0 67 0 0 0 99 65 0 0
51 85 0 0 43 0 0 60 0 0 0 50 0 18 57 0 42 0 59 0 0 0 0 0 0 0 0 0 0 0 0 0 0 0 95 59 32 0 0 12 24 0 0 0 0 38 0 58 85 0
0 0 0 86 0 0 0 0 39 89 0 0 0 3 99 13 13 0 0 0 0 0 5 0 0 0 0 0 0 85 5 12 0 26 65 0 2 0 0 0 0 0 0 0 0 0 0 0 0 0
21 34 0 1 0 0 0 0 20 0 0 45 0 22 0 0 0 0 0 0 0 0 0 0 0 76 49 47 74 0 0 0 0 54 45 0 54 0 0 0 0 0 0 11 51 0 0 0 49 0
0 0 0 0 0 0 0 84 87 48 0 16 0 98 15 35 0 0 0 0 0 0 97 0 0 0 0 54 0 0 0 0 0 96 19 6 26 31 0 91 0 0 86 0 17 0 0 77 0 0
0 0 0 50 44 0 8 40 31 0 0 0 0 0 0 23 0 0 0 64 0 0 0 69 88 98 78 28 0 0 0 39 0 4 0 0 40 0 0 77 0 0 0 0 63 0 0 0 60 0
0 69 0 0 0 0 16 17 0 0 0 0 21 77 0 19 0 0 0 0 0 0 97 11 83 0 0 0 0 0 0 0 65 0 45 0 0 0 92 0 0 0 99 0 0 0 45 48 12 46
50 0 93 21 39 0 51 0 0 39 0 0 0 0 0 0 1 0 0 29 0 0 66 0 0 0 0 77 99 0 0 0 0 63 0 0 0 41 0 0 85 0 0 0 0 0 0 0 0 0
1 97 0 0 0 0 0 0 0 0 0 9 0 0 0 0 0 0 0 53 0 0 98 0 0 0 14 0 0 0 58 0 23 0 20 0 0 50 42 0 0 0 0 0 0 0 0 0 0 1
0 69 69 0 21 0 2 0 55 0 0 0 0 0 57 0 0 39 0 0 0 97 87 34 0 0 0 0 38 0 43 0 47 0 74 48 50 0 0 0 0 59 0 0 0 26 5 0 0 0
0 0 0 0 0 34 72 75 25 0 0 0 0 0 0 0 0 0 59 0 0 12 0 0 0 0 0 0 0 0 0 0 0 0 12 73 0 5 0 0 0 96 0 75 87 0 0 0 0 24
56 20 0 0 0 0 9 54 0 0 0 0 0 0 0 0 95 0 0 0 0 49 0 0 0 0 0 99 65 0 79 79 2 0 42 0 0 0 45 0 0 0 0 0 0 0 0 30 0 0
0 0 0 0 50 0 0 0 0 67 0 0 57 33 0 0 0 0 35 60 98 0 0 20 63 38 0 0 0 0 0 26 75 0 0 0 0 89 0 0 0 84 16 0 0 35 0 0 2 46
72 0 0 0 0 0 0 0 28 61 0 0 2 0 0 0 42 0 0 8 0 0 0 0 47 0 0 0 0 0 0 88 0 0 5 0 0 0 70 10 41 39 0 19 0 0 29 0 0 63
75 61 23 0 76 0 0 0 0 0 0 0 0 89 0 96 37 0 0 0 0 0 74 0 0 0 0 1 0 0 97 0 0 0 6 94 0 0 96 0 0 71 47 31 12 0 11 52 0 0
0 0 7 0 0 80 0 0 0 0 0 0 0 35 0 0 11 0 0 0 55 0 0 0 84 0 0 0 0 0 0 92 0 55 24 25 0 0 74 0 0 83 0 0 0 0 78 0 0 0
