0 0 0 0 0 0 0 0 0 0 0 57 29 0 0 0 0 62 0 0 0 63 0 0 0 0 0 0 0 0
0 0 62 17 0 0 0 0 0 0 92 0 0 0 0 0 0 0 0 0 0 0 85 0 0 0 0 98 0 6
4 0 0 0 0 0 0 33 0 88 90 0 0 0 0 0 0 0 0 0 0 0 91 0 0 0 0 0 0 0
0 92 0 0 0 0 0 0 0 0 0 0 0 0 0 0 0 0 0 0 0 0 0 5 36 33 0 0 0 0
0 6 0 0 31 0 0 0 0 0 53 0 61 75 0 0 0 0 0 24 0 38 0 0 0 0 75 0 0 0
0 0 0 0 0 0 0 0 0 0 0 0 0 0 0 16 0 0 0 0 0 0 0 0 65 85 0 0 75 0
0 0 0 0 0 53 0 0 0 0 0 64 84 0 61 0 0 0 0 54 0 0 39 0 0 95 0 10 0 0
0 36 0 0 0 0 0 0 0 0 91 35 0 91 0 0 0 0 0 58 0 0 0 0 0 0 72 0 0 0
0 0 52 0 0 60 35 0 0 3 0 0 0 0 0 0 0 17 0 0 12 0 0 0 0 0 0 0 0 0
0 0 0 0 86 0 15 24 32 0 0 52 0 0 0 0 0 85 72 59 0 0 0 0 39 0 0 0 0 0
