0 0 0 0 0 0 0 0 0 0 0 0 0 0 76 0 48 0 0 0 0 0 0 0 0 0 0 0 0 0
0 42 0 0 96 26 0 77 0 54 0 0 0 0 59 0 7 0 0 0 0 0 0 0 0 0 0 0 0 0
0 0 0 0 0 0 0 0 0 0 0 0 0 99 0 0 60 0 0 0 0 0 0 0 0 0 15 0 0 93
28 0 2 0 0 0 94 0 0 0 0 0 0 0 0 0 0 0 0 0 0 0 49 0 0 0 0 93 0 0
0 0 0 0 0 0 0 20 0 82 0 0 0 76 0 0 0 0 58 0 0 0 0 0 0 0 0 58 0 0
0 0 75 10 0 0 0 36 0 17 90 0 0 0 0 0 0 0 0 0 0 86 0 0 0 92 0 78 15 0
0 96 0 0 0 0 0 0 0 0 0 0 0 0 0 97 0 0 0 0 0 0 0 0 0 6 0 0 0 32
0 0 0 39 73 0 0 0 0 0 0 0 0 0 0 0 70 0 0 0 0 0 44 0 14 0 0 0 53 0
45 0 35 34 0 18 0 7 0 52 68 0 0 0 0 0 0 0 0 92 0 0 0 0 16 0 0 0 0 0
82 0 73 84 0 0 0 0 0 0 0 0 0 0 0 0 0 0 0 0 56 0 0 0 0 0 0 94 0 0
0 0 43 55 0 0 0 0 0 0 0 45 16 0 0 85 19 0 0 0 45 69 0 0 0 0 0 0 0 0
0 0 0 0 0 0 0 0 0 0 0 0 0 0 0 55 16 50 0 0 0 0 0 0 0 0 60 0 0 0
0 0 0 69 0 0 0 0 44 32 0 0 0 0 0 0 96 0 0 0 0 0 0 74 78 0 69 0 0 0
0 0 26 79 0 6 23 0 0 0 0 0 0 0 0 0 0 0 0 0 0 0 69 41 89 0 0 0 0 0
0 0 0 92 8 0 0 0 18 0 0 0 0 0 82 0 60 0 48 0 0 0 0 0 0 21 0 0 10 0
0 0 0 0 78 0 0 0 0 0 0 0 60 0 0 0 0 0 0 0 0 62 0 0 0 0 71 0 0 0
0 0 0 90 0 0 0 0 0 0 0 0 0 0 74 63 0 0 20 0 0 0 0 59 0 0 0 0 0 0
0 0 0 0 30 0 0 0 12 0 0 69 78 0 0 0 0 27 0 0 0 0 0 0 0 0 75 0 0 0
0 0 0 49 0 0 0 0 78 0 0 0 68 0 0 0 0 0 0 0 0 27 0 0 0 0 0 93 0 80
0 0 0 0 0 18 0 0 83 34 0 0 0 0 0 0 13 0 0 0 0 34 60 0 0 0 0 0 37 0
