0 11 0 0 37 0 96 37 0 0
0 0 0 77 41 0 0 0 57 0
0 0 0 59 0 0 0 0 18 0
0 0 42 0 6 0 0 0 58 0
0 0 84 0 0 0 0 0 0 44
0 89 38 0 74 0 0 20 38 0
0 51 0 0 78 0 73 0 24 27
76 0 0 0 0 0 0 0 95 91
55 0 94 76 0 0 0 55 0 0
51 6 0 0 0 0 0 0 0 0
0 20 0 0 0 0 0 0 0 0
0 13 0 0 24 82 0 0 67 4
66 0 0 32 55 0 0 0 14 0
0 0 14 0 0 0 0 74 0 44
52 28 0 0 23 93 18 0 95 59
0 0 74 86 14 26 0 55 49 75
3 0 53 0 0 0 15 41 0 0
0 64 0 0 0 0 79 26 0 99
0 0 0 17 0 0 24 0 97 0
0 0 0 11 0 0 0 0 0 89
0 0 0 72 0 19 92 0 41 54
68 0 49 0 7 76 0 54 21 0
0 0 0 0 90 84 15 0 0 0
0 0 0 34 0 0 0 0 78 0
0 0 0 0 0 60 0 90 0 0
0 0 0 0 28 0 57 44 0 0
54 0 0 0 68 0 78 0 0 0
0 26 0 39 0 0 47 82 0 0
0 0 6 0 80 60 0 18 0 0
85 0 0 0 31 0 0 0 0 61
0 4 0 60 87 0 0 44 0 0
0 0 0 0 0 0 99 91 21 0
32 0 1 0 0 35 5 61 23 0
68 0 0 0 0 0 84 0 0 0
0 0 18 0 0 0 8 30 0 0
90 0 19 0 0 0 0 0 0 78
31 0 0 0 0 0 0 0 29 10
0 0 0 0 0 0 6 0 0 0
0 0 0 5 0 99 0 0 0 0
0 0 0 0 67 0 0 0 73 0
0 0 0 0 0 14 0 53 7 0
0 0 0 99 0 0 0 0 13 76
0 0 65 78 0 0 0 0 98 0
0 60 0 0 0 11 68 69 97 0
0 0 0 78 0 43 0 0 0 0
0 0 0 0 2 50 0 0 0 0
0 59 0 95 44 0 30 0 0 64
0 40 18 0 0 0 0 0 0 0
0 71 0 0 0 0 0 17 6 0
0 68 0 0 0 0 56 0 0 0
