0 0 62 0 0 0 0 0 0 0 0 0 0 33 0 0 0 57 28 33 0 85 0 0 0 0 0 0 0 1 0 0 82 0 0 0 0 0 0 0 0 0 0 40 0 60 51 41 0 0
0 0 0 0 0 93 0 0 13 0 0 0 33 0 0 0 0 2 0 95 8 94 87 0 0 0 0 1 0 0 1 0 0 80 0 0 47 67 55 0 0 0 0 69 87 27 0 38 0 0
0 0 0 0 0 0 0 0 0 34 71 68 0 0 0 0 0 0 79 0 5 0 59 0 0 0 0 54 49 0 93 0 0 0 0 0 0 0 0 0 0 0 23 0 0 81 14 0 32 0
0 0 0 0 0 0 0 0 0 0 0 0 0 0 62 0 0 0 15 48 0 0 0 0 35 47 0 0 0 0 0 71 0 0 0 88 37 0 0 0 0 0 0 0 0 0 0 0 0 0
0 0 51 43 0 0 0 0 0 0 91 0 0 0 0 0 0 0 0 0 0 0 0 0 0 0 0 69 0 54 49 46 0 3 0 0 0 0 0 0 52 0 0 0 55 92 0 0 75 0
0 4 83 0 18 0 98 95 0 0 0 0 0 0 85 0 53 0 0 0 59 0 0 0 88 17 0 2 0 0 0 96 2 0 0 0 65 0 0 0 0 0 0 0 35 0 66 0 0 52
0 0 86 0 0 0 0 0 73 0 0 0 0 18 17 6 0 80 11 51 0 0 61 0 0 0 0 0 0 0 0 86 0 0 85 0 1 0 0 55 0 0 0 0 0 57 0 0 82 0
0 0 0 69 0 17 0 0 0 0 77 0 0 37 22 0 76 0 0 0 0 0 28 94 69 94 0 0 0 33 60 0 0 18 12 0 0 0 0 45 3 0 0 94 0 0 0 24 0 0
0 0 0 55 55 20 0 0 0 0 0 0 0 0 0 0 99 0 0 0 0 13 44 17 0 42 0 0 0 7 0 0 0 0 84 0 0 39 0 0 63 0 0 0 0 0 61 0 0 0
0 0 0 0 0 68 0 0 29 0 0 0 0 0 0 0 0 78 0 0 0 57 0 0 59 0 0 0 0 0 71 0 0 0 47 15 0 61 6 27 0 0 0 0 0 0 0 0 0 3
0 18 64 0 73 0 0 0 0 49 0 0 0 0 0 0 0 0 0 0 0 0 77 0 0 0 0 48 0 0 0 0 0 0 0 54 0 17 0 0 67 0 0 0 0 5 0 47 0 0
0 12 68 0 0 0 0 0 0 0 4 0 0 0 97 0 13 0 65 89 0 90 0 0 0 0 0 0 0 0 52 0 90 0 0 42 0 49 0 0 0 0 0 0 0 0 0 0 0 0
0 39 0 0 0 97 0 0 0 0 0 0 0 0 0 0 53 0 0 0 0 0 21 45 0 0 0 0 0 0 0 20 0 74 69 0 61 0 0 0 0 0 51 86 0 0 9 0 0 0
0 0 83 0 0 0 0 0 0 8 55 0 0 0 0 0 0 0 41 0 0 94 91 0 69 51 0 0 0 26 0 0 0 0 43 0 0 0 0 0 0 0 0 0 0 0 11 18 0 69
84 78 0 0 0 0 0 0 0 0 0 88 0 0 0 0 0 0 0 67 0 0 0 42 0 0 0 0 0 51 0 0 0 0 0 0 0 0 0 30 0 48 38 0 0 0 0 0 0 0
35 16 17 38 0 0 0 0 12 33 0 0 0 72 0 0 0 0 0 0 0 85 0 37 91 0 34 0 63 0 0 0 0 0 9 46 0 0 16 0 0 0 0 0 0 0 64 0 0 0
0 0 0 0 0 0 0 0 0 0 0 0 0 0 0 22 91 0 0 0 0 0 41 88 0 0 0 85 0 0 0 0 0 0 1 35 0 0 24 6 0 0 99 0 0 0 0 0 0 0
0 16 0 0 0 0 0 29 0 0 0 0 0 0 0 0 0 53 0 0 0 15 0 0 0 0 48 0 0 0 0 46 0 64 0 67 0 0 0 88 0 69 0 0 0 5 0 0 0 95
0 0 0 0 0 9 96 65 0 64 31 56 0 0 0 0 0 85 19 0 78 0 0 0 0 4 24 0 0 23 71 0 95 81 0 0 0 0 0 0 0 0 0 0 0 0 95 0 2 0
0 0 0 0 0 0 0 0 0 0 99 0 0 0 0 0 34 0 0 38 0 0 0 0 59 0 46 0 0 32 0 0 0 51 0 0 0 4 0 28 0 0 0 0 0 0 0 0 0 43
0 0 0 0 0 0 16 0 0 12 0 0 0 0 4 0 0 0 45 25 0 0 0 0 0 0 0 0 4 0 0 0 15 0 0 0 0 0 82 0 0 0 0 0 73 0 0 0 0 0
0 0 0 0 0 0 49 0 0 0 0 0 0 0 0 82 12 6 0 86 16 0 0 0 0 66 0 23 0 87 0 0 0 0 0 0 0 0 0 0 0 0 0 0 0 0 0 80 0 82
0 53 14 0 0 27 0 0 0 0 0 0 0 0 0 0 0 0 0 0 0 0 0 88 0 0 0 83 1 0 0 0 0 0 55 0 0 0 0 0 78 24 0 26 0 0 0 0 90 2
76 0 0 0 0 0 54 55 29 80 91 60 38 0 0 2 63 0 0 0 0 0 0 0 0 0 0 0 0 71 0 0 0 0 0 0 93 0 0 0 0 0 0 60 0 0 0 16 34 68
0 0 0 0 0 0 0 0 86 21 0 0 0 97 0 0 0 0 0 0 0 0 0 0 0 0 0 0 0 0 0 0 87 0 0 0 28 0 0 0 95 0 33 0 0 0 0 0 0 0
0 19 0 0 0 0 0 0 0 0 0 0 0 0 0 0 0 0 0 0 0 0 0 0 0 0 37 80 6 0 0 0 0 0 2 0 0 11 45 0 28 0 64 72 80 75 0 0 0 0
0 33 0 0 0 0 0 0 98 0 0 0 0 0 0 0 0 0 0 0 0 0 0 0 0 0 17 18 0 0 0 0 0 0 0 0 0 0 0 0 38 55 0 0 0 0 0 0 0 0
37 38 0 27 80 0 0 0 0 0 0 74 0 65 3 0 9 0 0 0 0 0 0 0 0 61 0 0 9 82 9 0 56 0 0 74 94 77 0 0 0 8 0 0 88 74 8 0 0 0
0 0 0 0 0 0 84 0 0 0 0 72 0 0 0 0 12 0 0 0 0 0 0 0 0 0 0 0 0 0 0 0 0 0 0 0 0 0 82 0 0 0 0 34 30 0 0 0 0 89
0 71 0 0 15 0 0 0 0 0 0 0 0 0 0 20 0 0 0 0 0 0 0 0 82 16 7 0 0 0 0 0 0 0 0 0 0 0 0 0 0 34 88 0 0 21 0 0 0 99
0 0 0 0 0 35 0 10 0 0 9 0 67 0 0 86 6 0 0 0 0 0 0 76 0 70 13 0 0 0 0 0 0 0 0 0 0 37 0 0 31 12 86 0 0 65 0 0 0 0
53 0 0 0 0 27 0 0 0 0 0 0 98 0 0 0 0 0 0 0 0 81 78 0 0 0 0 0 0 0 0 0 4 72 0 0 44 0 41 0 0 0 71 0 0 0 0 0 0 0
0 28 66 0 0 0 27 0 0 0 0 4 0 0 0 0 0 0 0 0 0 0 0 0 0 0 0 0 0 26 0 0 0 0 90 0 7 82 0 0 0 57 0 0 0 0 0 0 0 0
96 0 0 0 48 31 0 2 98 0 0 8 0 0 0 0 0 0 0 99 0 66 0 0 0 76 0 0 0 0 0 0 0 54 0 0 0 77 0 0 0 57 0 0 0 0 11 0 21 0
0 0 0 0 0 0 72 0 0 0 0 0 0 0 0 0 0 0 30 0 0 0 58 90 0 0 0 0 0 0 91 0 0 0 0 68 0 0 0 0 0 0 8 0 10 0 0 0 0 0
7 0 0 0 0 65 0 0 0 0 0 0 31 0 0 0 0 0 0 0 7 9 0 0 17 1 0 0 0 0 0 68 0 0 0 0 0 0 0 0 0 0 0 51 5 1 57 37 0 76
0 0 21 7 56 0 0 0 0 12 9 0 0 0 0 0 0 0 0 0 48 0 0 0 0 0 0 0 27 0 0 35 0 0 0 0 0 0 0 0 0 0 22 0 0 0 0 0 0 0
65 0 0 0 0 0 6 62 0 0 49 26 0 25 0 0 0 0 0 0 27 0 51 0 0 0 0 0 0 0 66 0 0 42 0 0 0 0 50 0 0 0 0 0 0 0 69 96 0 0
0 0 95 0 0 0 0 0 0 0 0 0 0 0 0 0 0 0 0 0 0 0 0 0 0 10 0 0 20 0 0 0 0 0 15 0 0 0 53 0 0 0 0 39 40 0 87 0 0 0
0 0 0 0 0 0 0 0 0 0 0 0 0 0 0 0 0 0 0 0 0 0 0 0 24 0 0 0 0 0 0 45 0 0 0 0 13 0 28 0 0 0 0 0 0 0 0 0 0 0
0 0 0 0 0 0 0 0 0 0 0 82 0 0 0 0 0 0 0 0 0 0 0 94 0 0 32 0 18 0 73 0 0 0 0 43 0 28 0 0 0 0 36 79 25 0 66 0 49 0
45 0 0 89 0 0 0 0 16 94 0 0 0 0 26 34 0 21 35 0 0 0 0 69 34 14 87 0 0 0 0 0 0 0 0 93 19 87 0 47 0 0 25 0 99 0 0 12 25 95
0 3 0 0 0 0 0 0 7 41 0 0 0 0 0 22 0 0 0 0 0 0 0 0 0 0 0 0 0 54 0 0 0 0 0 0 68 90 92 58 0 0 0 0 0 0 0 0 0 52
0 0 0 0 92 0 0 0 0 0 0 87 71 0 0 0 0 0 0 0 0 52 0 0 0 0 0 0 0 7 71 1 0 0 0 0 0 0 53 0 0 37 0 0 0 61 51 0 52 0
89 48 0 0 0 0 0 0 0 94 0 0 69 0 0 0 0 54 0 90 0 57 0 0 0 22 0 0 0 0 88 0 15 41 0 0 0 0 77 61 0 0 0 0 0 49 86 0 0 0
44 0 0 0 0 22 0 78 0 0 88 0 0 0 97 0 0 0 0 0 0 0 0 0 0 0 0 0 0 0 40 66 0 30 0 0 0 39 47 28 0 90 0 0 77 0 0 61 0 97
93 40 61 37 46 0 0 0 69 0 0 6 0 0 22 40 86 0 0 0 65 0 97 0 0 0 38 0 0 0 0 0 0 72 0 72 95 0 0 0 0 0 93 73 0 0 0 0 0 0
60 0 63 0 51 0 0 0 0 0 0 0 0 0 0 0 0 0 0 96 0 0 0 40 72 0 0 41 0 0 0 0 75 0 28 0 59 0 92 0 0 0 22 0 0 0 0 0 14 34
0 0 68 0 0 0 0 0 59 0 0 0 36 66 0 0 0 94 0 64 0 0 74 0 0 0 0 0 0 0 33 32 0 0 7 0 83 6 68 0 0 0 0 0 83 0 5 0 0 0
0 0 0 0 0 0 0 0 0 0 0 51 0 0 0 43 0 46 0 0 0 0 78 28 0 20 0 0 0 21 0 0 0 0 0 0 0 14 36 87 0 0 0 20 0 87 0 0 0 0
