0 0 0 0 0 52 0 0 0 0 0 0 94 0 0 97 0 0 39 0
0 22 38 14 0 18 0 0 0 98 0 0 0 0 0 0 0 0 63 43
85 0 0 0 0 0 0 0 0 0 0 28 96 0 0 0 23 0 0 9
0 99 0 53 0 93 0 0 1 0 0 65 0 88 0 0 0 0 17 77
0 0 0 0 0 91 47 62 0 0 34 0 65 93 39 0 0 0 0 0
0 0 0 0 0 0 0 0 0 80 0 0 0 0 0 36 0 0 86 0
80 74 0 29 0 0 52 0 0 78 76 19 0 0 0 0 0 0 0 0
0 0 70 0 26 0 0 0 0 0 0 0 12 0 0 0 38 83 50 8
0 0 0 0 92 0 0 0 0 14 92 90 91 47 50 0 0 0 0 0
64 72 0 67 0 0 0 0 59 0 94 0 9 0 0 0 0 0 0 85
94 86 0 0 0 6 0 71 0 32 63 0 0 27 0 0 15 17 0 65
0 0 0 0 29 0 0 0 87 0 0 92 0 0 0 0 58 0 0 64
0 62 0 72 84 0 0 0 0 38 0 0 0 0 0 0 4 61 65 0
46 75 0 37 0 0 0 0 0 0 32 0 0 0 0 0 34 0 0 0
77 0 0 0 0 0 16 12 63 72 0 0 22 0 19 0 73 8 47 10
0 0 0 0 0 0 0 0 0 0 4 3 82 43 0 94 0 7 0 0
97 74 0 49 0 86 0 50 0 0 0 0 61 0 0 0 0 23 0 0
0 0 10 0 0 0 0 0 73 88 70 0 23 77 8 0 0 44 11 0
47 0 26 77 0 0 0 0 0 91 0 0 0 97 0 94 0 0 0 0
56 0 0 98 84 0 0 0 23 88 0 0 0 0 12 43 0 0 0 87
0 95 47 0 0 0 0 80 0 40 0 0 0 90 0 0 0 0 0 0
0 62 56 0 0 0 78 0 0 0 0 77 0 97 0 0 0 0 0 0
0 0 43 0 0 0 0 0 0 34 0 52 64 47 13 0 0 53 65 18
0 0 84 39 0 0 0 0 0 60 0 0 0 0 94 0 0 0 0 0
0 0 0 27 50 0 25 0 0 60 0 0 22 0 0 0 0 0 0 0
94 0 0 0 0 0 0 66 0 16 0 0 0 0 0 0 0 71 0 0
0 0 32 0 0 12 4 48 56 0 0 37 0 15 0 0 0 0 6 0
0 0 0 0 0 0 0 0 37 0 59 0 0 53 70 44 73 0 0 80
0 46 0 0 0 0 0 0 0 0 0 0 0 0 0 52 84 87 0 0
0 0 0 0 50 0 2 0 59 0 0 0 20 14 0 66 55 0 62 44
1 0 29 70 0 0 0 0 0 0 0 0 0 0 81 0 0 0 1 0
0 0 0 0 0 0 0 0 0 39 71 0 0 0 36 0 84 22 0 0
41 49 0 4 0 0 0 79 0 0 0 0 0 67 0 0 0 0 25 90
0 0 0 0 0 0 68 20 0 0 0 0 20 33 0 0 82 0 0 0
0 0 0 0 4 0 2 0 0 0 0 0 0 88 0 78 0 0 0 64
0 0 0 6 0 38 58 0 0 0 13 0 0 0 0 0 30 0 18 6
1 0 79 0 73 71 0 0 0 0 57 0 10 0 0 0 0 0 7 0
0 30 79 0 39 0 0 85 0 0 11 0 0 0 43 0 0 0 39 0
0 0 0 30 82 50 0 0 3 10 0 0 0 0 0 0 0 0 0 74
0 7 0 0 0 69 0 0 0 17 0 53 0 0 0 80 4 84 13 0
0 0 17 96 18 0 0 0 87 0 54 13 84 0 0 0 0 32 5 0
13 0 0 0 0 33 0 11 0 0 0 85 0 0 18 0 0 0 0 74
81 0 0 0 0 0 1 0 53 0 0 0 46 68 0 0 0 0 0 30
0 0 76 8 0 9 50 0 0 0 0 36 0 0 0 79 0 0 0 78
0 0 0 0 0 0 61 41 0 0 14 6 0 0 0 0 0 0 0 71
0 21 0 0 96 0 0 0 72 0 0 0 33 95 0 0 0 0 0 0
15 0 0 0 0 0 0 91 0 16 0 87 0 35 78 33 0 0 0 0
0 0 27 0 0 36 0 0 0 0 16 24 0 0 42 39 0 0 0 0
0 0 0 0 0 44 52 26 1 0 48 77 0 0 95 59 78 38 0 27
0 0 0 0 0 0 55 0 81 0 91 0 0 7 52 0 0 72 42 59
