69 0 0 0 22 82 88 0 7 0
0 0 0 0 0 0 0 0 0 0
0 0 0 0 87 0 0 0 0 0
0 0 0 0 52 0 7 54 0 0
43 48 0 0 0 53 0 17 0 0
46 0 0 72 0 9 0 43 0 0
78 0 67 5 10 0 1 0 0 0
0 0 0 0 67 0 0 0 0 97
16 0 46 0 98 0 0 0 0 59
0 0 0 22 18 17 91 27 0 0
65 0 0 0 0 0 0 0 0 0
0 0 49 0 0 6 0 0 0 0
30 0 0 0 33 0 0 0 0 97
0 80 0 0 0 0 0 0 52 27
0 0 0 63 95 0 0 0 0 90
0 0 0 0 0 0 0 0 0 0
0 0 0 0 20 0 58 64 0 20
42 0 0 0 0 0 54 0 0 45
0 16 0 41 0 0 0 45 0 0
13 0 0 0 0 91 0 11 92 47
0 0 0 17 43 0 0 0 66 0
0 0 0 9 78 11 59 0 0 48
0 0 0 0 95 0 0 0 51 0
10 12 0 0 73 53 0 85 0 0
0 0 0 44 0 78 97 72 0 0
54 0 71 63 72 33 0 0 38 51
0 0 0 46 90 73 27 0 0 0
0 73 24 0 0 0 0 0 0 97
0 0 0 0 0 44 0 0 21 0
0 98 0 0 4 92 0 0 77 77
86 0 0 0 0 38 0 0 0 0
0 0 0 33 0 0 0 0 0 0
0 0 0 0 0 0 11 12 41 0
0 60 69 0 0 0 28 0 0 0
0 34 0 0 61 0 13 0 0 0
0 37 60 0 0 60 70 0 68 49
0 0 82 77 0 0 0 0 0 0
13 86 35 0 0 0 35 0 73 0
0 51 0 0 42 0 89 0 0 0
0 46 0 0 34 0 0 0 0 0
0 0 58 0 0 68 0 47 0 0
0 0 0 87 0 0 43 0 0 0
44 79 37 93 0 0 24 0 0 0
11 0 89 0 0 59 0 28 45 0
0 0 0 0 2 0 0 0 0 45
0 0 67 0 0 11 0 0 40 0
0 38 0 0 1 72 13 0 0 0
26 72 0 25 47 88 0 0 0 13
88 0 0 0 0 97 0 0 0 0
0 0 54 0 0 0 88 0 0 60
