0 0 0 0 0 0 33 0 0 35 0 0 80 0 32 55 52 0 0 0 0 0 0 0 0 93 0 0 0 0 65 0 0 0 89 0 0 0 0 0
58 56 0 0 0 0 28 0 0 0 8 0 47 6 0 0 0 83 0 0 0 5 72 59 0 0 0 58 30 0 68 0 0 0 0 0 0 0 0 0
0 82 0 85 0 0 41 0 0 71 96 0 65 0 20 78 0 0 0 97 0 0 76 45 0 39 19 0 0 0 29 0 45 0 0 0 63 9 65 0
32 23 0 81 26 97 39 0 0 0 0 0 52 0 0 0 66 0 95 0 95 0 88 16 23 0 0 59 0 0 0 37 0 83 0 0 0 0 0 64
44 69 0 0 0 0 0 94 0 0 0 0 94 0 77 0 0 0 19 0 1 32 0 21 0 44 0 0 0 13 0 0 0 0 0 0 0 62 18 0
0 95 0 52 0 36 0 0 0 0 0 0 0 0 0 31 0 0 0 0 33 0 0 0 0 35 42 0 0 88 94 46 0 51 0 99 25 0 24 24
0 0 0 0 73 0 0 84 10 83 0 0 0 0 0 0 0 0 0 0 45 0 0 0 0 28 0 0 7 0 0 0 65 0 44 0 0 0 61 0
0 10 0 0 81 33 0 0 0 0 0 0 0 13 0 0 0 22 34 0 0 0 93 0 0 0 0 0 0 0 20 0 0 27 43 32 63 20 0 0
35 0 0 0 0 0 67 0 0 43 0 0 0 14 0 38 0 68 0 51 53 32 0 98 0 0 0 39 0 0 0 0 0 0 0 55 28 0 0 0
0 0 58 0 0 18 87 1 0 0 36 0 12 0 70 0 10 0 0 0 0 0 10 90 77 0 75 78 0 0 0 0 0 0 0 99 0 0 0 0
63 90 49 0 0 11 0 0 0 0 32 0 0 0 0 0 0 63 0 89 0 0 0 0 0 61 0 0 21 0 8 0 4 0 0 0 0 0 0 0
0 0 58 0 9 0 68 0 0 0 33 0 0 0 0 0 0 0 48 3 49 0 0 28 0 0 39 52 30 0 59 0 89 38 0 71 0 0 96 12
0 0 71 0 0 0 0 0 0 0 0 39 0 0 0 0 0 0 0 0 0 0 0 0 15 0 89 58 0 0 0 97 0 0 0 68 0 0 27 0
0 0 0 0 0 67 0 0 84 0 0 83 0 0 0 0 67 0 46 0 0 0 0 0 0 99 40 0 84 0 0 38 19 0 0 0 37 0 0 0
91 0 0 0 0 90 0 0 0 0 0 0 0 0 85 0 0 0 0 0 49 0 41 27 26 77 0 0 86 39 0 0 0 58 0 0 0 36 74 20
0 19 0 0 0 0 55 0 55 0 0 20 0 0 0 0 0 34 36 0 46 0 49 0 0 0 0 0 40 0 0 0 0 75 0 0 0 0 0 92
20 84 77 0 0 72 0 0 20 92 0 67 0 0 0 0 0 20 0 0 0 97 0 0 0 0 35 48 0 0 0 0 52 61 0 35 0 0 36 0
0 11 5 45 99 0 0 0 40 0 0 69 0 91 39 19 0 21 0 76 0 50 0 28 31 61 25 43 0 0 0 0 0 92 0 0 0 67 0 0
0 0 0 0 50 50 0 8 0 0 0 0 0 0 0 80 0 0 0 45 82 0 0 0 3 0 72 0 0 67 45 0 0 82 0 0 0 0 0 1
0 0 12 0 0 95 93 0 0 0 0 87 95 0 0 0 22 0 82 0 0 43 22 0 0 0 0 78 17 59 34 0 0 1 0 0 0 8 73 61
23 26 0 0 0 0 37 36 45 68 0 0 0 57 0 0 0 0 0 0 0 66 43 39 0 0 20 0 0 0 68 43 0 41 62 0 10 0 13 0
95 0 0 0 19 68 46 0 0 0 83 0 43 95 52 0 29 0 72 0 89 0 0 0 0 0 28 20 25 8 0 0 48 88 0 0 0 0 24 0
0 0 0 55 0 0 0 0 0 0 69 0 0 69 89 0 0 0 87 44 60 0 0 0 0 0 0 24 92 0 37 0 0 0 31 44 0 0 0 64
0 55 0 0 0 82 0 0 0 90 57 0 18 0 0 0 0 85 0 0 12 85 0 26 0 0 22 99 0 0 20 13 0 0 0 0 36 0 0 0
0 0 0 55 0 55 0 0 54 51 0 0 82 0 0 0 0 0 10 36 0 0 0 0 0 0 0 25 0 0 0 0 0 0 0 7 16 0 0 0
35 98 57 0 0 77 0 0 0 0 0 78 0 0 76 0 0 0 0 0 0 0 0 0 0 0 0 0 0 0 0 0 10 49 0 79 57 23 88 0
0 0 0 0 0 0 0 0 0 24 0 0 0 93 99 0 62 0 0 0 0 0 52 46 42 0 0 0 0 30 0 59 0 0 0 0 0 0 83 97
36 40 0 34 0 0 0 0 0 0 0 0 0 0 67 0 0 0 0 13 0 58 85 0 0 73 82 7 37 0 0 0 10 0 4 0 0 0 0 0
0 44 0 44 0 4 0 51 0 0 0 0 0 90 39 0 0 93 0 0 0 45 0 0 0 12 92 89 0 0 0 0 0 0 27 0 0 0 93 0
0 0 55 88 0 82 0 9 0 0 0 87 0 38 0 0 0 0 0 0 0 0 91 0 0 0 0 0 96 0 0 36 0 0 0 0 0 0 0 91
0 0 0 0 0 0 0 0 24 0 0 99 0 0 58 0 0 0 0 0 0 0 0 14 11 21 78 0 0 0 0 0 0 0 10 0 0 0 0 0
0 67 0 0 74 0 0 0 0 0 93 38 69 0 0 0 0 0 0 0 0 38 43 0 47 0 25 40 0 0 0 0 0 0 0 0 46 51 0 0
0 0 33 0 0 0 40 64 15 0 0 53 0 0 0 0 49 0 88 0 0 0 56 0 27 0 0 0 0 0 0 64 0 0 65 0 0 0 0 0
0 0 0 69 0 15 40 95 74 0 0 0 42 0 0 0 74 0 9 0 10 0 0 73 0 38 41 0 68 86 7 50 96 0 0 0 0 62 0 0
46 0 0 0 51 0 0 16 37 0 0 0 0 0 0 27 57 46 0 0 17 98 0 0 21 0 42 49 0 0 7 0 0 0 0 0 74 0 0 0
0 0 0 0 56 52 0 55 34 0 0 0 0 81 47 0 41 0 45 0 0 0 90 0 0 0 90 0 0 0 37 0 0 0 0 0 0 32 29 0
28 49 84 13 0 0 0 0 0 0 42 13 69 0 0 0 0 64 0 59 0 8 0 0 0 0 4 0 0 0 0 0 30 75 0 48 33 85 81 52
0 46 0 0 53 0 75 68 46 0 56 0 0 0 0 0 0 0 80 0 0 0 0 0 0 0 0 91 0 11 76 84 0 0 0 0 0 0 0 2
0 0 0 0 1 0 0 0 0 0 0 0 61 0 0 32 0 0 0 65 0 43 0 0 0 87 0 21 0 0 0 0 99 0 0 0 33 0 52 0
93 0 0 0 0 9 20 0 18 0 0 82 0 76 0 11 75 0 6 0 0 0 0 0 69 47 0 58 65 0 0 0 0 0 0 22 0 0 0 0
