0 0 0 0 0 0 0 0 0 60 0 0 0 86 0 0 0 0 41 83 11 0 0 0 0 0 0 46 0 0 0 0 0 0 0 0 0 4 0 0 40 9 0 0 0 0 0 0 0 0
0 0 0 37 0 0 57 41 84 0 0 41 0 28 0 0 0 0 35 0 0 0 0 70 57 0 98 0 0 79 30 0 0 0 0 0 13 0 0 0 4 15 35 0 64 0 0 73 0 63
0 58 0 64 0 0 8 0 0 0 59 68 0 16 0 81 0 0 0 0 9 0 0 64 0 0 0 0 0 0 0 18 0 0 0 0 0 22 0 51 0 0 28 0 16 0 49 37 0 0
52 83 24 0 0 0 92 48 83 0 0 96 32 0 5 0 43 0 0 0 0 0 0 0 0 0 88 0 0 0 0 0 0 57 0 83 94 0 0 0 0 0 0 0 0 0 0 15 0 0
0 66 0 0 67 0 0 23 0 40 0 0 0 0 0 0 38 0 66 0 0 0 92 0 0 0 54 0 0 0 34 83 0 59 0 10 0 0 0 0 0 0 0 0 0 48 92 0 0 92
37 54 0 0 76 0 0 81 0 0 0 0 26 80 0 22 0 0 0 50 0 68 0 0 93 69 74 31 89 0 49 0 0 0 0 0 21 0 0 0 0 0 0 0 66 0 0 0 0 57
0 0 0 0 0 0 0 0 7 47 0 0 45 0 0 0 54 0 0 27 0 0 0 0 0 61 0 0 40 0 0 0 0 0 0 0 1 0 0 56 0 54 5 0 0 0 7 0 0 0
36 69 73 0 86 0 0 0 0 0 0 0 0 0 0 58 0 0 3 49 0 0 56 0 0 0 0 76 85 0 0 72 0 0 0 0 0 85 36 44 0 36 53 0 0 1 0 0 0 0
0 0 0 84 0 25 0 75 55 0 0 76 27 0 0 0 0 0 0 0 36 78 0 0 84 0 93 0 0 0 0 0 0 0 0 0 0 0 0 0 0 0 0 0 0 0 0 54 0 0
60 0 0 0 0 0 84 0 0 0 7 0 0 72 0 0 0 27 0 0 0 0 94 0 0 0 0 0 0 64 0 0 0 0 0 0 0 86 0 0 0 0 0 0 0 0 0 0 0 0
0 0 56 86 0 98 0 0 0 0 0 0 37 0 43 0 0 0 73 0 94 56 0 0 0 0 0 24 0 0 0 0 0 13 0 0 0 0 0 0 0 69 0 0 0 0 0 0 0 90
0 0 0 0 87 0 0 19 0 0 0 0 0 0 0 0 0 71 0 0 0 0 74 0 0 0 0 91 0 0 98 0 0 0 0 0 0 18 0 0 0 0 0 0 0 0 80 68 0 0
0 0 0 0 0 0 11 0 0 0 43 0 0 0 0 0 0 0 0 0 0 0 0 5 0 0 0 0 0 0 0 0 0 0 73 0 0 0 0 0 13 0 0 0 57 0 0 0 0 82
0 68 0 0 0 81 0 0 0 92 81 0 0 0 0 0 0 0 0 0 67 0 0 0 0 0 0 0 0 12 0 0 0 0 0 0 0 0 0 12 0 0 0 0 0 0 87 0 0 59
0 0 0 0 0 0 0 0 0 85 0 0 0 0 0 0 0 0 61 0 0 0 0 0 0 0 25 0 0 0 56 43 0 0 0 0 0 0 0 0 0 5 0 0 0 0 0 0 0 0
0 0 0 34 0 0 0 0 28 0 3 63 0 0 0 0 0 0 0 0 95 0 0 0 26 68 58 0 0 0 0 0 0 96 0 76 0 0 0 0 0 57 0 0 0 0 0 20 30 0
0 0 62 0 0 57 0 0 33 0 0 0 0 20 0 0 0 0 0 0 45 0 0 0 0 0 63 0 0 0 76 0 0 0 0 0 0 0 0 77 25 0 0 0 0 98 33 0 0 40
36 56 11 0 0 0 0 69 51 0 0 0 0 83 0 0 0 0 98 63 57 61 0 31 0 0 0 60 0 0 0 13 0 0 0 0 32 0 0 0 0 0 23 0 0 0 0 0 0 0
0 80 0 0 0 0 0 0 0 23 83 0 42 0 0 0 0 0 0 48 0 0 0 99 74 0 0 0 0 0 0 0 0 0 98 0 76 85 0 57 53 0 0 0 0 0 61 0 0 0
0 0 32 76 0 0 10 0 75 0 0 0 0 0 0 0 0 0 0 0 88 31 0 0 0 0 0 0 0 0 0 46 41 0 0 0 0 0 0 0 0 15 49 0 50 0 50 0 71 0
68 0 0 87 69 48 0 35 0 39 0 0 0 0 72 0 0 99 0 0 0 0 0 0 0 0 0 0 0 0 0 0 30 2 0 0 0 37 0 0 97 39 24 0 0 0 0 0 0 0
96 0 59 92 0 0 0 0 0 0 0 0 79 61 0 85 0 0 72 0 0 16 0 45 61 0 0 12 0 0 0 99 0 7 0 0 0 0 0 0 54 0 0 0 0 0 2 6 0 0
0 41 59 0 0 0 0 47 0 0 0 80 86 0 0 0 0 0 0 0 0 0 0 0 0 0 0 0 0 0 0 0 52 0 0 0 4 0 0 0 0 78 0 0 0 65 67 0 0 0
0 0 50 0 63 0 0 83 0 78 0 0 0 35 75 0 0 0 0 0 0 0 68 0 0 0 0 0 0 0 0 0 0 0 0 0 31 0 0 0 33 0 0 0 74 0 8 0 0 0
0 29 0 0 96 0 0 0 0 3 0 0 0 0 0 0 0 0 0 0 42 0 0 0 61 0 0 0 0 0 0 0 0 82 0 64 0 0 0 0 0 0 0 95 0 0 24 0 89 0
0 10 0 19 0 0 0 67 5 0 0 32 0 0 21 0 0 92 0 0 0 0 0 65 0 43 0 68 88 0 0 0 0 0 0 0 0 0 33 0 75 0 0 67 44 0 0 0 39 0
0 0 0 0 0 0 0 0 0 0 0 0 0 0 0 0 0 0 0 16 0 0 0 0 45 0 0 0 23 0 20 0 0 0 0 0 0 0 0 64 0 81 0 90 0 0 0 0 0 0
0 0 62 0 38 0 0 34 0 0 0 0 0 15 0 0 0 0 80 59 0 98 0 0 23 0 0 0 0 0 0 81 0 0 29 39 0 13 0 0 0 0 0 90 32 0 0 0 9 0
0 74 0 0 0 0 0 0 76 0 0 0 0 0 0 96 0 0 0 66 13 0 0 0 98 0 0 0 0 0 59 0 0 0 0 36 0 0 0 86 0 0 0 25 0 0 0 0 0 0
85 0 0 6 0 0 0 0 93 0 72 54 0 0 0 38 0 42 0 0 0 27 0 0 7 0 0 0 0 0 0 0 15 47 0 0 0 0 0 0 0 0 46 0 0 0 0 0 30 74
