0 0 57 0 0 0 0 0 0 0 80 0 20 0 0 0 0 0 0 31
21 97 0 35 0 0 0 0 0 84 0 66 0 0 20 21 0 69 0 0
81 0 0 0 86 0 0 70 0 32 0 0 17 81 0 0 37 70 62 0
44 0 3 27 80 2 0 0 0 12 0 0 0 40 0 0 62 0 0 17
0 91 90 0 0 77 0 0 0 56 0 0 88 0 0 0 0 0 0 56
0 0 63 0 0 80 0 0 0 22 0 85 0 0 0 0 0 0 0 0
0 96 0 61 70 0 0 12 0 0 12 0 0 74 0 65 0 5 0 0
24 0 88 94 0 0 0 94 0 0 0 91 0 0 77 0 6 0 0 19
0 0 10 0 0 0 0 0 88 0 17 49 27 78 10 0 39 0 0 49
70 31 0 0 0 0 0 0 0 0 0 45 0 0 13 43 0 80 0 0
0 0 0 0 55 0 0 5 22 0 0 59 0 51 0 0 0 0 0 0
0 0 44 0 0 0 0 0 60 0 0 0 0 2 8 0 0 0 24 0
0 85 46 0 0 0 7 60 0 0 0 0 0 0 0 41 0 0 8 40
98 0 0 0 55 0 2 5 0 0 0 0 0 0 0 10 0 3 15 0
0 0 0 0 50 0 0 0 0 0 0 72 0 0 0 0 0 0 0 0
0 0 0 0 0 40 0 0 0 0 0 0 0 0 0 63 0 0 28 26
61 0 0 5 0 60 0 0 0 0 80 0 0 0 0 39 77 0 0 9
0 0 0 0 0 83 77 0 24 0 33 85 0 0 0 0 16 44 0 0
0 77 0 0 19 87 0 0 0 0 0 14 0 79 88 0 27 15 86 0
44 0 0 0 0 81 75 0 7 0 0 0 0 0 3 0 0 53 32 0
