56 0 0 0 88 0 0 0 0 0 14 19 57 26 0 91 0 39 95 0 58 10 3 0 10 67 0 0 0 0 0 84 0 19 0 76 0 0 0 94
0 0 23 39 0 0 0 0 0 40 0 0 6 52 97 0 81 0 73 0 0 0 0 0 29 0 0 13 77 0 96 21 90 0 0 67 0 0 0 0
0 0 0 0 11 28 85 42 69 0 85 0 24 5 0 16 0 0 0 0 82 0 0 0 0 43 49 0 0 0 29 0 69 91 0 0 82 27 61 0
88 0 70 0 77 0 59 0 0 0 0 0 0 62 0 0 0 0 0 7 66 37 72 0 76 47 31 0 0 0 0 4 0 89 94 0 46 0 97 49
0 0 0 0 0 0 0 0 74 88 0 0 5 68 0 0 0 16 0 0 35 48 10 71 16 0 0 43 8 0 0 7 0 0 0 0 0 0 9 0
71 69 0 0 0 0 64 0 0 0 0 74 0 77 0 26 56 0 0 0 0 16 0 0 0 0 44 0 0 0 46 0 17 0 0 0 94 47 0 0
0 64 0 0 0 0 0 0 0 55 55 36 0 0 48 0 0 0 84 0 38 97 0 26 36 44 0 3 47 0 98 0 16 0 28 0 0 0 0 0
0 0 0 53 0 0 0 0 0 0 18 0 0 0 0 21 0 0 0 0 0 0 42 0 0 0 48 0 0 39 0 0 0 0 0 0 0 48 2 0
0 0 0 75 0 0 65 0 0 0 22 57 25 67 75 0 35 0 8 0 73 0 0 0 0 0 0 21 0 0 0 43 0 0 0 0 0 55 0 0
45 0 14 0 0 0 0 61 9 0 0 0 0 0 77 94 0 0 0 0 0 5 0 0 51 0 22 17 0 45 61 0 14 57 20 0 0 0 23 0
0 0 0 0 0 0 0 0 8 0 0 0 0 0 0 0 0 0 0 0 81 62 76 22 0 0 0 0 33 0 68 0 16 0 80 0 19 0 50 0
0 0 48 0 0 0 76 0 68 69 80 0 76 0 79 0 24 0 49 0 0 0 0 0 0 0 0 0 0 0 71 80 0 81 0 53 0 21 65 0
0 73 12 61 0 0 0 0 0 0 82 60 39 0 67 29 20 0 0 12 75 39 0 0 0 0 0 0 26 0 0 41 60 0 0 71 0 0 63 0
0 0 0 0 66 16 75 15 13 0 40 83 0 0 0 26 0 23 0 0 0 0 65 0 0 0 0 0 0 13 0 0 0 0 11 69 0 19 1 0
0 0 81 0 0 62 42 0 81 1 0 0 34 0 20 21 0 0 0 71 40 58 47 0 0 0 0 0 0 53 0 0 0 0 88 0 0 0 0 0
0 0 0 0 0 0 51 0 13 0 91 0 86 3 53 0 0 73 2 0 82 0 60 85 99 0 0 69 33 0 0 0 0 63 54 0 94 0 82 95
95 0 0 0 28 0 0 0 0 50 3 41 0 85 0 0 0 0 78 0 15 0 0 39 19 0 0 23 66 73 29 0 56 0 51 0 0 27 0 53
69 0 79 0 0 0 20 0 1 37 0 56 0 37 0 0 0 0 0 0 0 65 0 0 0 0 0 81 0 44 74 21 0 0 0 0 0 0 0 0
0 0 0 0 0 0 0 0 0 0 92 0 77 45 0 0 0 66 0 26 55 0 0 0 0 67 0 82 27 0 16 0 0 78 0 0 16 4 0 0
56 0 0 0 0 35 0 0 0 0 45 0 0 32 0 0 0 79 0 70 0 0 83 0 0 82 0 62 0 0 0 0 61 2 56 42 36 0 7 85
0 0 52 0 0 0 60 0 0 34 0 0 0 0 98 0 81 0 0 0 0 0 0 13 21 20 0 49 0 0 0 0 0 54 0 0 0 41 0 29
50 31 0 0 0 0 5 43 0 0 0 0 58 0 80 0 0 0 50 48 0 82 0 0 0 71 60 0 0 0 0 0 44 0 0 0 30 70 0 0
0 0 0 0 0 0 0 6 0 0 0 0 88 0 45 0 0 56 58 42 0 0 92 0 0 0 10 81 6 0 0 0 0 0 78 10 0 0 24 82
0 0 84 0 49 32 0 0 0 0 0 0 31 0 0 0 99 0 0 21 0 0 11 0 0 42 0 46 3 0 74 0 1 0 0 30 0 0 0 0
0 0 0 0 14 26 0 0 43 0 0 82 0 0 0 0 19 0 0 0 0 0 21 97 0 0 0 11 4 0 0 18 0 0 0 80 0 0 0 0
35 29 0 0 9 55 4 0 0 0 0 0 36 0 29 0 16 0 77 0 0 0 0 0 31 9 68 36 0 0 0 0 41 0 68 93 0 0 0 43
0 68 30 85 0 0 36 0 0 70 0 0 0 68 36 0 0 78 79 0 0 0 0 0 3 18 0 0 0 0 0 0 99 3 0 0 0 0 0 0
86 3 0 0 0 0 0 0 0 90 0 0 0 0 86 0 2 32 10 0 0 0 31 0 0 0 0 0 0 85 0 98 0 0 0 0 0 0 0 0
0 32 0 0 1 0 0 0 47 5 0 13 0 0 57 0 81 0 38 0 0 71 0 0 58 64 0 35 0 0 0 0 81 0 0 98 0 0 0 0
0 0 0 0 41 45 0 0 0 80 0 0 0 0 0 0 0 0 0 0 0 0 0 61 0 0 0 49 35 64 0 0 61 0 0 0 0 0 0 0
0 0 0 41 45 0 0 53 0 0 0 0 52 0 0 0 0 0 0 0 0 0 0 39 0 0 0 0 0 0 67 2 0 0 0 91 0 0 0 0
0 29 0 0 94 0 0 0 35 0 51 0 76 85 93 0 0 34 0 0 0 0 68 0 0 0 30 0 0 0 0 91 0 0 0 5 0 0 6 0
76 0 0 32 95 0 0 0 0 77 0 35 18 0 0 0 0 0 0 31 0 83 0 0 0 13 0 0 0 0 0 0 0 0 0 0 0 8 0 0
0 0 0 0 0 38 0 0 0 0 39 0 0 77 0 0 0 0 0 0 0 94 1 0 0 0 0 0 41 37 0 0 0 11 0 0 0 0 40 0
0 0 0 0 0 17 0 0 0 0 98 98 0 6 0 0 0 0 99 63 0 38 30 0 85 0 0 57 0 0 0 13 0 10 0 0 0 0 0 0
62 46 0 0 0 0 55 0 0 0 0 0 0 0 0 34 0 51 9 84 24 0 21 7 84 43 84 40 0 0 0 0 0 13 0 0 0 31 22 95
0 44 0 54 57 0 77 0 0 0 32 0 0 0 0 0 96 0 0 0 46 14 0 0 0 0 0 61 29 0 0 57 0 0 0 0 0 0 0 93
0 0 52 0 0 0 55 0 0 0 0 0 73 0 72 0 0 0 42 60 0 0 32 0 0 0 0 0 0 0 0 0 17 60 80 0 0 58 11 61
15 0 36 0 0 0 14 0 0 8 63 0 0 4 11 0 0 0 75 0 0 71 96 0 0 0 0 82 0 20 84 0 0 0 0 0 14 0 0 0
0 0 0 0 0 0 49 0 0 63 0 27 18 0 51 0 0 80 38 0 0 15 0 0 38 8 0 0 26 0 0 87 0 0 0 44 0 0 0 0
0 0 59 0 0 0 0 0 0 90 74 0 51 0 0 0 0 0 11 0 0 0 0 0 0 0 0 0 0 97 0 60 0 0 0 0 0 0 11 99
21 41 70 25 0 39 0 0 0 0 0 0 0 75 72 0 0 97 36 0 0 0 42 0 0 0 32 0 0 0 0 0 0 32 0 0 0 0 77 0
0 0 0 0 0 0 0 0 0 0 81 0 0 0 87 85 0 0 0 0 0 58 0 0 90 0 0 0 0 72 2 0 80 0 0 0 0 0 57 39
15 0 48 0 0 41 0 12 0 0 0 0 0 60 0 24 62 42 0 0 0 47 0 0 14 0 0 0 0 0 0 0 0 0 0 0 0 0 0 0
0 0 0 10 0 0 0 0 38 54 63 50 91 7 0 0 0 0 0 0 0 0 0 0 0 0 80 0 45 0 0 16 0 0 40 0 0 39 0 40
0 0 0 0 2 0 0 82 63 0 0 0 0 0 0 41 0 0 9 64 0 77 0 3 87 35 0 0 0 0 99 0 18 0 33 0 0 0 0 0
0 0 0 19 0 0 90 77 0 0 29 0 0 0 21 0 0 0 0 0 0 71 0 29 0 0 26 57 30 0 1 0 0 0 36 69 0 0 52 0
44 0 40 0 73 0 64 0 37 0 70 58 99 0 0 0 0 0 0 0 58 72 70 0 0 59 0 0 53 0 0 0 0 79 0 87 0 0 2 0
0 0 0 0 0 0 14 70 82 0 0 0 0 0 49 0 0 0 18 0 0 44 0 0 0 84 0 0 0 40 0 0 0 67 19 99 67 0 0 0
0 0 21 0 0 0 0 0 0 0 0 0 17 0 0 0 0 0 0 86 0 0 0 0 0 0 0 0 0 0 0 0 0 49 0 0 4 0 0 0
