0 0 0 79 0 0 0 0 0 13 20 0 46 72 49 91 0 0 0 79 39 0 39 0 46 0 0 86 0 58 1 4 0 0 93 64 0 0 0 0
97 40 89 0 0 16 12 0 0 0 86 0 0 55 0 0 97 0 92 0 3 0 0 84 98 0 59 53 81 0 0 0 0 57 0 5 0 41 58 59
68 0 0 56 0 71 0 76 77 0 0 0 0 0 0 0 0 74 6 0 91 0 85 0 90 0 15 0 0 0 0 42 36 0 12 0 0 55 0 0
0 0 49 0 97 3 0 41 29 0 0 0 32 37 50 0 0 0 35 63 0 36 0 22 84 0 0 0 0 0 0 0 0 46 0 0 57 0 0 0
0 0 0 0 0 0 6 0 0 23 0 76 0 0 0 8 0 15 0 0 0 52 83 0 41 0 0 0 0 0 0 0 0 0 84 0 99 87 0 0
0 0 92 95 97 0 0 0 0 0 0 0 0 0 70 0 0 59 91 0 0 0 0 0 0 7 0 0 0 71 0 0 0 0 0 30 0 0 0 88
0 0 0 95 44 3 0 20 0 0 0 11 0 0 46 6 80 24 0 0 0 72 0 84 0 0 0 0 0 0 95 0 0 0 42 0 0 0 0 67
0 68 4 0 57 57 16 0 0 0 0 27 10 89 0 0 0 0 0 0 0 0 0 0 0 0 0 18 0 66 0 29 0 0 56 95 30 0 0 0
0 91 0 0 0 0 0 0 0 0 0 21 0 0 0 0 0 0 65 0 0 0 1 0 0 0 0 0 98 0 0 0 0 0 11 0 0 0 0 41
0 0 0 65 0 0 0 0 0 28 0 0 0 0 88 0 0 0 0 42 92 31 20 56 0 38 0 0 0 88 0 0 0 0 0 0 0 0 0 0
0 63 47 0 0 0 68 0 0 12 82 0 46 42 0 0 0 46 18 91 0 39 0 0 48 0 0 0 0 9 0 0 2 0 42 0 0 0 73 0
0 28 0 0 0 0 0 77 0 94 0 0 0 0 0 74 88 0 0 0 57 0 0 0 0 70 0 0 8 80 0 49 0 27 0 0 0 0 72 0
0 35 48 0 0 0 69 0 5 0 0 0 28 68 0 0 0 0 0 95 44 43 0 0 0 0 0 0 83 0 0 0 0 50 38 0 51 0 0 0
0 80 0 0 0 65 0 0 0 56 12 46 0 0 52 0 0 23 0 0 0 0 0 3 22 0 21 0 0 0 30 0 0 62 0 0 44 97 0 52
0 0 0 0 0 0 0 91 0 0 0 0 0 0 0 0 81 10 0 0 57 0 0 0 0 0 0 0 0 0 0 0 0 0 0 0 0 0 0 28
0 0 0 24 0 0 0 0 21 0 0 0 0 0 0 0 0 22 79 0 0 0 20 0 0 56 25 0 0 0 0 0 8 0 0 6 25 37 0 17
0 0 0 17 0 0 0 87 10 0 0 0 0 0 0 0 0 0 13 0 31 0 0 0 64 44 0 90 0 58 0 97 0 0 99 80 17 0 0 0
0 0 3 0 0 0 46 0 0 9 0 0 0 30 60 0 16 0 0 0 0 0 0 67 55 0 0 63 0 0 0 0 0 5 26 19 0 0 55 21
89 0 0 87 88 67 0 0 0 0 49 0 0 0 0 0 0 86 0 0 94 0 49 58 0 0 0 0 48 0 85 0 0 0 0 0 0 0 0 4
0 36 9 0 0 0 0 42 92 0 0 69 36 0 0 0 28 0 0 0 0 47 74 0 27 0 1 0 70 0 0 0 0 0 47 39 0 0 36 31
0 0 0 0 0 0 0 0 20 0 0 3 16 0 0 16 0 0 0 0 10 7 6 72 79 0 0 0 0 0 0 0 52 0 0 1 0 0 0 0
0 77 71 73 0 0 0 89 0 0 37 0 0 1 0 9 46 0 88 67 0 0 76 0 0 50 0 0 28 0 0 0 0 0 90 0 61 70 65 0
81 0 0 0 0 0 0 54 0 0 0 0 64 73 0 0 0 97 46 69 72 0 0 83 66 0 0 0 0 0 0 16 0 35 8 41 0 0 0 37
0 0 0 0 76 0 46 0 0 0 0 26 0 45 0 0 0 95 36 0 0 0 0 0 0 15 0 25 14 0 0 0 31 0 24 0 0 0 0 87
0 27 75 0 35 0 0 0 0 0 63 30 0 0 0 13 0 74 0 14 0 18 59 47 32 0 54 8 25 0 0 0 57 63 0 0 0 0 0 0
29 15 0 8 11 82 69 0 72 0 0 0 98 0 14 44 63 0 0 0 0 47 60 0 53 0 0 73 0 3 0 0 0 54 0 0 17 21 0 0
0 10 0 0 0 0 0 0 0 6 0 0 79 0 0 73 0 0 0 57 0 0 8 0 0 48 80 0 0 0 49 0 80 0 0 44 0 0 55 18
4 0 49 0 0 0 0 42 0 8 0 0 0 0 0 0 0 0 0 0 0 24 0 38 0 0 0 10 0 0 0 0 8 95 49 0 0 0 0 0
0 0 0 0 0 0 0 0 25 0 0 45 0 0 0 0 93 51 0 53 92 92 0 88 88 98 0 0 0 0 0 0 76 0 0 0 0 71 0 0
1 79 0 0 0 0 27 0 0 36 0 0 0 28 0 0 0 0 0 0 60 85 0 0 41 0 0 0 21 0 16 0 0 43 0 0 0 43 0 0
