0 0 0 41 0 11 0 0 0 57 0 92 0 0 0 0 0 0 0 0 0 62 0 99 0 7 0 0 0 0 0 0 0 0 0 0 84 0 0 0
87 0 47 0 0 0 0 64 0 0 53 0 0 0 83 0 46 9 16 91 0 0 65 0 0 0 95 0 87 0 0 0 57 4 0 0 0 0 0 0
0 0 0 0 0 0 0 0 0 0 0 0 0 84 0 0 10 0 94 0 43 0 0 45 0 12 0 0 0 0 0 0 93 45 61 89 0 0 19 11
0 0 0 0 0 0 0 77 0 0 0 0 0 0 0 29 0 0 0 62 0 0 45 0 0 0 0 23 0 0 0 0 0 84 0 0 0 86 76 0
62 0 0 0 71 9 99 0 0 2 0 91 32 0 98 60 0 0 0 0 75 39 0 0 0 93 0 7 0 36 49 15 0 0 0 0 0 0 0 0
0 0 0 0 0 82 0 80 0 32 0 0 0 0 85 0 0 0 0 0 47 0 0 0 0 0 86 2 0 0 0 0 57 0 0 0 0 0 0 84
28 0 0 0 88 17 0 0 0 57 0 51 59 0 0 59 0 0 0 0 0 60 0 11 0 0 0 0 0 60 71 87 99 0 0 0 0 2 0 0
9 97 0 0 35 0 0 68 0 0 0 0 0 0 0 43 0 0 56 17 0 79 0 0 47 0 62 37 0 0 0 0 0 0 31 0 0 0 0 55
20 0 66 0 0 32 10 0 73 63 0 0 0 0 0 0 0 0 35 30 0 0 0 63 0 0 0 40 0 42 0 0 27 0 0 0 40 0 0 0
0 0 0 14 0 11 0 0 0 71 0 0 48 94 0 0 0 0 96 36 0 0 0 0 98 0 0 0 0 0 24 32 54 96 43 72 0 0 68 0
0 0 0 0 84 0 0 4 0 0 0 0 87 0 86 0 0 0 92 0 47 0 0 0 53 3 33 0 62 79 0 0 3 55 57 10 0 98 0 89
92 84 54 36 0 0 0 76 13 0 95 0 0 0 0 0 0 71 0 0 27 0 73 11 0 0 35 4 0 98 0 92 59 0 58 0 0 0 0 0
0 0 6 0 0 0 0 0 0 16 81 0 2 0 0 0 0 0 0 0 0 41 0 0 0 58 76 0 0 96 0 0 0 0 55 0 0 0 0 0
79 84 14 0 0 0 87 0 0 75 63 0 0 0 0 0 0 0 0 23 0 0 0 19 0 0 0 0 6 0 0 95 53 0 91 82 49 81 48 0
0 0 90 0 50 0 92 0 29 0 0 62 59 0 44 0 0 69 0 0 0 0 0 0 0 0 12 9 0 0 0 0 0 0 23 0 94 0 0 5
0 0 53 0 62 0 0 0 9 0 0 0 20 0 0 0 0 86 0 0 75 0 24 0 60 0 0 0 0 0 0 0 13 56 26 0 0 4 0 0
0 0 0 19 29 0 29 0 83 0 0 0 1 0 0 27 0 0 62 0 0 0 0 22 11 0 36 11 54 0 67 0 0 0 59 0 0 41 54 0
0 0 0 0 0 0 34 41 0 0 0 58 0 35 0 0 0 66 0 0 0 0 0 66 0 43 0 0 0 0 0 93 0 24 0 0 5 0 23 0
25 75 0 14 72 0 0 81 64 10 0 0 0 0 0 0 0 0 88 33 0 0 0 0 0 36 90 0 63 0 80 0 0 0 22 0 0 0 0 0
0 0 0 0 95 0 0 0 0 0 48 0 2 0 0 99 25 97 50 0 0 0 0 37 15 37 0 0 45 56 90 86 0 63 0 1 96 0 0 0
19 0 21 0 0 0 0 23 0 88 0 0 85 0 0 20 69 63 0 29 0 66 0 88 17 0 0 94 0 0 0 0 0 0 32 0 0 7 0 0
0 64 58 0 11 71 0 0 0 0 0 0 0 56 0 77 0 0 0 48 27 0 0 0 26 0 0 57 0 9 0 20 62 70 0 0 46 0 21 0
0 0 0 0 0 0 24 0 75 0 0 0 0 0 0 81 45 0 0 0 68 0 0 0 0 0 0 0 0 0 0 0 0 65 0 0 0 0 0 0
37 46 0 0 93 0 0 0 0 79 0 0 0 0 0 0 75 0 0 0 0 0 21 0 0 10 0 0 9 0 0 37 0 58 0 58 0 0 0 0
0 0 75 0 0 5 0 0 0 0 33 0 0 0 0 69 0 69 0 0 0 0 0 56 0 0 67 95 45 29 14 0 76 0 55 0 0 0 0 0
0 0 0 0 0 0 0 96 70 0 62 54 0 0 50 7 0 0 0 0 25 26 0 0 91 0 0 76 0 49 42 0 0 0 0 0 0 0 94 0
0 0 0 47 60 0 12 0 0 0 0 0 0 0 0 56 0 0 0 0 30 59 0 0 0 0 0 49 1 0 51 23 62 66 0 0 0 0 0 0
0 0 99 0 0 19 0 0 0 0 0 0 0 0 21 61 0 0 0 0 0 0 0 80 0 0 0 0 0 6 0 83 0 39 0 0 0 0 0 0
0 0 0 0 14 0 86 0 0 0 0 0 5 76 0 61 0 0 0 17 84 0 91 0 62 0 41 46 58 0 74 0 81 0 0 0 17 0 54 7
0 0 0 44 65 16 73 25 49 0 47 0 64 18 0 0 0 0 0 93 0 0 76 58 0 16 0 0 96 18 98 75 16 0 44 0 0 88 11 0
0 0 90 33 0 0 0 0 0 0 54 0 0 65 0 0 0 0 64 29 0 86 0 70 43 0 0 0 0 0 0 0 0 0 7 39 0 0 28 0
0 75 0 0 0 0 0 0 19 0 0 53 0 0 0 0 0 0 0 0 0 95 32 47 0 0 0 6 78 0 0 0 0 83 88 0 45 0 32 0
0 0 75 45 0 56 0 0 0 0 82 0 27 0 0 89 27 20 69 0 0 0 0 61 0 0 0 0 70 0 34 0 24 0 0 0 88 0 33 0
93 55 0 0 67 77 1 0 31 0 0 0 7 0 67 0 0 12 0 0 79 53 47 0 0 64 0 0 0 0 0 85 53 0 8 0 0 0 0 0
0 0 0 0 0 0 0 0 0 0 46 0 25 0 26 0 0 22 0 0 50 0 17 62 41 0 98 23 0 80 0 0 0 0 0 0 0 57 79 0
0 0 0 84 0 0 93 0 30 0 0 0 57 10 0 95 0 0 0 81 0 0 0 0 0 0 0 0 0 0 16 0 0 0 21 52 3 0 0 0
0 0 32 0 0 1 5 0 53 99 89 5 49 0 0 46 0 0 0 0 0 0 15 97 32 0 77 0 0 0 98 90 49 0 50 0 0 0 0 0
0 0 13 0 0 0 0 0 0 0 92 51 0 63 26 0 2 0 98 0 0 0 0 0 0 0 21 52 0 75 0 0 0 0 54 4 0 89 0 0
91 3 0 0 0 0 23 0 0 0 0 0 0 0 0 79 67 0 0 0 0 33 34 0 97 0 0 13 96 0 66 52 0 0 2 17 0 27 0 84
0 0 0 0 0 47 0 22 0 51 23 1 92 0 0 0 0 0 98 26 0 0 45 16 74 68 80 0 0 0 41 47 0 0 85 0 0 43 0 0
0 0 0 0 0 0 27 0 79 86 0 0 0 0 0 0 0 67 71 20 60 0 0 54 0 1 0 48 0 0 0 0 0 73 29 0 17 0 0 0
0 0 0 0 0 0 0 0 0 20 80 0 0 0 0 0 0 0 8 29 0 0 0 0 73 0 0 0 56 17 0 0 0 0 76 69 1 0 0 0
0 0 0 0 0 74 0 0 0 0 80 0 48 0 88 0 0 0 0 0 82 0 0 0 91 69 0 0 0 0 44 0 0 12 0 0 0 0 0 0
0 0 0 0 88 76 0 0 0 0 0 0 0 86 99 0 0 0 0 62 0 0 66 0 18 76 0 46 0 10 0 26 2 59 0 85 0 50 0 0
0 46 0 0 0 84 0 0 0 0 91 99 17 0 33 0 0 0 0 0 0 17 0 0 0 0 0 0 0 42 0 9 17 48 56 0 0 53 99 0
0 33 0 63 0 0 0 0 0 0 0 0 0 0 42 0 46 27 0 0 0 0 1 0 0 35 0 0 0 0 0 52 0 0 53 46 47 0 0 0
0 43 0 0 0 0 85 93 39 98 0 0 85 0 8 0 27 0 0 0 0 97 0 0 27 59 0 47 68 0 56 56 0 0 0 0 0 12 0 0
70 0 0 0 54 0 0 0 0 0 0 33 0 0 0 0 0 0 0 0 0 22 0 65 0 0 45 0 39 95 0 63 0 0 0 0 0 0 0 0
61 0 0 89 3 98 0 0 0 0 0 8 0 0 0 0 0 0 65 0 93 0 13 89 38 0 63 0 33 0 0 0 0 0 9 0 0 0 0 0
0 0 65 0 0 0 0 49 74 90 0 13 0 0 0 0 0 0 55 0 0 0 58 0 0 0 67 0 12 0 32 0 0 45 0 72 0 95 69 0
