0 49 0 0 87 0 0 0 0 0 43 0 0 0 0 0 81 73 55 47 0 0 0 0 76 0 47 0 0 0
0 0 0 0 0 0 18 1 0 0 0 0 0 0 0 0 92 89 0 57 0 0 0 0 0 0 0 22 0 0
63 0 0 0 29 0 0 0 0 92 0 0 0 0 12 0 0 0 0 41 0 0 97 0 0 62 0 0 69 66
0 0 0 62 75 0 0 0 0 0 50 60 0 53 0 57 75 0 2 0 0 0 0 81 0 27 0 0 0 0
0 0 94 0 0 64 42 0 23 15 0 0 0 0 0 0 89 58 65 99 71 0 0 0 0 0 92 6 0 32
0 0 30 12 0 0 0 31 0 0 72 46 58 0 0 0 0 0 0 64 77 34 0 0 73 77 0 85 0 0
0 0 92 84 63 0 0 0 0 0 0 0 0 0 0 22 0 0 63 0 92 56 0 0 0 52 0 0 7 0
0 0 0 86 0 0 0 54 0 0 0 0 92 47 50 44 0 0 25 48 69 0 0 0 73 0 72 0 0 0
0 0 0 0 0 0 0 98 60 0 0 0 1 0 0 0 91 0 72 23 0 0 0 0 40 1 98 0 0 45
0 55 0 0 0 34 0 0 0 0 0 0 0 0 7 94 6 92 0 0 0 0 0 0 0 82 0 0 0 60
0 19 0 4 0 62 19 16 0 0 0 0 0 90 0 0 0 0 0 94 0 95 25 0 0 0 0 92 60 11
0 0 0 56 0 0 16 0 0 0 0 0 93 0 0 0 0 0 19 64 6 0 0 57 0 70 0 29 0 52
0 67 0 30 99 0 5 0 0 43 0 3 23 0 0 0 44 10 4 0 79 47 0 0 0 0 22 0 0 0
0 45 68 0 0 0 53 0 0 0 0 0 0 0 0 77 0 0 0 87 0 2 13 0 0 0 95 53 0 0
0 13 0 0 72 49 0 0 0 92 0 0 0 0 93 44 0 15 63 17 0 58 0 25 0 0 0 0 48 91
0 0 15 0 0 10 0 0 0 0 0 16 21 0 0 0 0 0 0 0 0 0 0 26 0 15 0 0 0 0
0 0 0 0 0 0 82 0 7 62 28 32 0 0 19 0 0 0 67 96 0 70 72 0 21 32 0 0 0 0
0 0 0 0 0 0 66 0 0 0 18 49 0 21 0 0 7 0 23 0 80 45 72 0 0 29 21 19 0 0
98 0 0 16 21 0 38 77 0 89 0 0 0 0 0 0 0 0 16 0 0 0 0 0 0 0 69 0 0 0
0 83 0 0 0 0 0 0 0 45 0 0 35 67 0 0 0 10 0 0 0 27 0 16 0 0 0 12 0 0
0 84 82 0 0 32 0 18 0 44 65 0 0 0 51 70 0 4 0 0 0 0 0 0 32 0 40 0 0 67
91 8 0 0 0 0 0 92 0 0 5 8 78 0 0 0 0 41 0 0 0 0 0 0 53 0 0 0 0 64
22 0 0 0 0 0 0 0 0 0 0 0 0 53 0 0 0 0 0 10 0 0 0 66 0 0 0 0 6 0
0 0 0 0 0 0 0 0 0 92 32 0 0 0 44 0 0 0 0 0 0 0 52 0 0 0 0 0 0 0
0 0 0 0 0 0 98 0 0 20 0 78 55 0 75 8 58 0 0 0 0 6 0 0 0 0 0 0 82 0
0 0 0 29 78 80 0 0 15 0 65 0 14 18 0 95 66 13 51 0 0 0 0 93 0 2 85 0 29 49
0 46 0 0 0 0 0 16 0 0 0 0 51 0 0 27 0 4 0 0 0 0 0 0 0 37 0 0 0 1
45 71 0 0 56 23 0 0 31 0 43 71 0 96 27 0 57 0 17 0 83 21 4 0 95 88 0 0 63 86
4 38 20 14 0 0 0 0 0 74 0 0 0 0 0 0 0 0 0 0 0 0 0 43 0 0 0 0 0 0
41 0 0 0 0 0 0 0 0 0 0 0 0 18 0 0 0 32 0 0 0 0 80 3 0 87 0 77 0 75
52 0 53 95 29 0 0 0 0 0 0 0 0 12 0 31 68 0 0 0 38 0 0 0 84 0 0 33 0 0
0 0 0 0 5 32 0 0 0 55 0 0 0 0 0 4 0 0 8 0 0 0 0 0 0 11 0 0 0 0
0 0 70 0 0 61 0 0 0 52 62 0 0 0 95 38 0 0 0 0 0 0 0 0 0 38 0 0 9 0
70 0 65 60 31 0 75 88 0 0 3 0 0 0 0 0 27 81 0 0 0 0 0 9 0 86 0 0 0 0
0 47 1 61 0 0 9 53 0 0 49 41 0 0 0 0 0 0 87 0 0 75 0 0 0 0 0 0 0 0
53 33 0 0 0 94 25 11 0 1 48 0 0 0 0 0 0 0 0 92 0 61 0 57 0 0 0 0 0 0
0 0 0 0 0 86 98 7 70 71 26 66 0 0 0 0 96 0 82 50 39 60 0 0 0 0 0 64 0 0
0 53 0 0 0 91 0 92 7 0 0 0 11 0 0 0 26 22 0 12 48 23 87 60 21 6 0 0 0 0
0 0 0 0 0 0 0 0 0 0 6 0 0 0 69 34 0 79 0 0 0 66 0 0 7 0 46 47 8 0
0 0 69 69 0 0 0 91 0 0 0 0 0 49 0 0 86 0 0 0 94 6 0 0 0 75 88 0 86 0
0 0 0 0 8 0 0 81 0 38 0 0 0 0 0 0 79 0 0 0 0 0 0 0 92 0 0 0 0 0
15 81 0 0 0 0 0 0 0 3 0 0 59 0 92 50 0 0 0 21 94 20 0 0 74 0 59 3 0 75
0 0 0 0 91 0 0 0 0 0 0 11 0 64 80 56 0 0 12 0 58 0 0 0 0 0 68 0 0 0
0 0 89 42 0 0 14 80 0 61 0 0 0 1 77 0 33 77 63 77 0 13 28 66 33 37 15 0 0 0
0 89 0 0 0 0 0 0 0 0 88 30 0 0 0 0 0 0 0 3 0 0 67 0 86 26 78 50 0 0
0 0 0 99 27 0 0 85 0 45 0 0 96 0 64 33 0 0 0 0 93 0 82 0 0 0 0 0 0 0
0 0 38 27 0 36 0 13 0 0 0 74 0 81 0 0 0 0 0 17 0 0 78 15 21 0 0 0 56 0
0 0 0 0 0 0 0 66 0 77 45 0 88 39 0 0 0 0 46 0 0 0 57 0 72 0 83 67 83 0
99 0 0 0 0 52 98 0 86 0 46 0 0 0 78 48 0 0 0 0 0 17 12 0 0 86 92 7 0 0
0 0 84 72 43 0 0 0 0 0 0 10 0 0 0 17 0 0 0 20 0 92 0 0 5 0 58 0 0 0
