95 0 0 0 0 35 0 0 0 0
0 0 0 6 23 0 14 77 0 0
0 80 0 0 0 72 0 0 0 0
85 0 35 52 0 0 54 0 86 0
0 25 0 79 0 0 0 0 26 0
0 0 0 0 0 0 28 26 0 0
0 0 0 14 0 0 33 67 0 50
64 62 0 71 0 64 64 0 78 0
54 0 0 39 0 79 0 0 0 49
72 0 83 0 0 0 0 0 0 0
60 4 0 75 0 0 0 0 5 0
0 88 9 75 71 0 0 0 0 0
0 40 91 60 0 18 47 0 0 0
16 24 0 0 0 0 81 24 0 87
0 0 37 0 0 0 95 0 0 0
27 22 0 2 71 0 22 0 0 84
0 0 0 0 81 0 0 0 0 0
0 0 0 73 0 0 67 0 79 38
86 0 0 0 0 0 0 0 0 0
0 0 0 90 0 96 0 0 0 75
0 32 0 75 0 0 0 0 0 0
0 3 46 59 89 41 0 51 0 0
0 0 43 90 0 29 13 41 0 0
0 0 98 19 57 18 0 0 0 0
0 0 10 0 0 0 0 0 0 72
0 0 0 25 84 0 0 0 0 0
0 0 0 82 0 0 0 0 0 0
0 0 0 0 0 92 0 0 16 36
0 90 0 0 84 0 40 0 0 96
0 0 0 46 0 0 0 0 0 10
