0 40 25 69 0 21 0 20 0 0 40 13 0 63 0 34 0 0 90 0 0 81 87 0 0 0 0 0 49 0 28 0 75 0 0 0 56 0 16 0 0 0 0 0 0 73 0 0 8 31
0 0 0 0 0 57 0 0 0 7 0 0 60 0 0 0 0 0 99 0 0 0 0 46 46 65 0 3 0 0 0 0 0 0 0 0 85 0 0 0 91 0 0 0 89 91 0 0 0 0
0 0 83 0 0 0 97 0 61 0 0 77 33 0 0 0 5 0 0 87 0 0 0 0 0 0 0 0 0 0 0 0 0 0 0 0 13 0 0 0 0 0 0 0 0 0 0 0 46 0
0 0 99 38 0 0 26 0 0 24 20 0 0 87 0 0 0 0 0 0 0 0 0 80 65 0 78 3 20 26 0 0 0 0 44 0 0 0 0 0 0 0 0 22 0 48 0 12 0 32
0 0 0 70 0 0 0 9 0 0 0 87 70 0 0 72 0 0 34 0 30 0 2 0 0 0 26 95 49 0 0 72 0 0 0 0 0 83 0 0 0 0 0 5 0 56 0 0 0 0
57 0 0 96 0 91 0 34 15 0 0 0 0 0 0 0 0 0 0 0 79 0 0 0 0 0 0 0 0 0 4 0 0 0 13 0 52 0 38 80 21 0 14 0 0 0 0 0 96 0
0 0 68 54 0 0 80 0 10 0 0 66 0 0 0 0 50 0 0 0 9 7 0 22 0 0 0 0 98 22 0 0 0 17 0 0 0 35 3 0 0 97 14 99 37 0 50 13 0 0
85 0 0 42 33 0 41 0 0 0 0 0 0 0 0 27 0 14 67 0 10 10 0 0 0 0 0 0 48 0 0 0 58 0 23 0 56 0 36 0 55 23 72 13 92 0 0 63 92 0
0 0 0 0 0 0 0 0 0 0 20 58 82 0 0 49 0 36 0 0 0 24 0 0 55 0 69 73 0 0 0 0 0 25 0 34 39 0 0 77 0 1 0 0 0 0 0 7 0 0
0 0 81 0 27 0 0 0 0 0 44 0 0 0 0 31 19 0 0 0 87 0 0 9 0 58 19 0 57 0 0 86 57 73 18 4 0 80 11 0 84 0 0 0 70 21 0 13 0 0
