0 19 0 0 60 44 64 0 0 0 67 61 0 0 37 70 10 0 0 0 24 48 0 52 53 0 38 0 0 0
0 0 0 0 97 0 0 23 37 42 0 0 1 0 0 89 52 0 0 76 10 62 0 53 0 0 0 0 0 0
65 0 0 66 94 0 0 0 0 95 0 0 85 0 0 68 0 84 95 0 0 0 0 19 0 0 0 47 0 0
30 40 4 7 0 0 34 83 34 18 0 31 4 68 0 0 0 54 0 0 0 1 65 65 0 58 0 0 0 24
0 56 0 0 0 0 0 0 22 0 0 0 0 0 0 0 0 41 0 83 99 0 0 47 0 0 0 0 0 0
0 3 0 0 76 0 0 0 37 0 0 0 84 0 0 0 58 0 0 0 0 0 90 72 57 0 0 0 97 91
0 0 99 30 57 0 0 0 0 0 50 0 0 0 47 43 0 18 0 30 0 0 69 0 0 0 0 0 0 0
0 91 0 0 0 72 0 0 0 0 0 0 0 70 0 0 0 0 69 34 0 0 0 0 0 48 0 38 0 81
0 44 0 96 9 0 67 0 0 32 0 0 0 0 12 39 0 50 0 0 0 69 86 0 57 20 0 0 8 0
0 0 0 0 0 0 0 0 30 54 73 21 29 66 0 0 0 0 0 86 0 0 16 0 0 0 18 0 0 0
43 0 0 0 73 0 0 0 0 83 0 0 0 12 0 67 24 2 0 0 26 0 0 0 0 40 0 0 47 87
0 0 0 0 0 0 0 0 0 0 0 0 14 0 36 0 0 0 0 0 0 0 59 0 0 0 4 0 0 0
0 0 83 0 0 0 0 49 0 31 87 0 0 0 21 0 0 0 0 0 95 0 0 14 29 0 0 77 0 0
0 78 74 39 0 62 0 88 65 0 24 0 11 0 98 7 91 0 0 0 55 0 0 0 95 0 0 0 0 0
29 0 0 0 0 0 0 0 0 0 0 98 0 18 0 0 0 0 31 0 0 77 0 0 50 0 0 0 0 98
0 0 0 0 0 0 0 0 99 0 0 0 62 0 22 0 0 0 0 0 0 6 0 70 0 55 0 0 83 32
0 0 10 73 0 9 0 94 65 79 0 34 0 0 0 0 0 0 0 0 0 0 0 48 0 0 15 0 28 0
0 0 0 0 0 57 45 0 77 0 38 0 80 0 0 80 0 82 63 0 32 0 58 53 0 0 0 95 0 62
0 0 0 41 0 0 0 0 6 26 0 0 0 0 0 48 0 0 0 97 84 0 0 0 0 91 83 0 76 0
0 0 0 0 0 0 0 77 0 0 0 47 0 14 0 0 0 0 0 0 97 0 0 68 84 54 64 4 0 69
45 0 0 89 0 16 0 0 34 0 0 0 0 0 43 64 0 96 52 0 20 0 0 25 7 0 82 0 0 0
80 67 0 0 0 0 0 0 0 71 0 53 0 0 11 0 48 0 0 0 83 0 0 0 0 0 5 0 27 0
0 0 24 0 30 0 0 0 95 0 0 68 30 0 0 30 0 27 0 0 19 0 75 0 46 0 0 0 0 0
23 54 0 35 0 0 33 82 0 0 0 0 0 0 55 0 54 0 0 0 0 0 0 95 0 11 0 0 65 0
0 0 0 0 58 0 72 64 0 0 0 0 0 0 0 0 0 41 0 0 0 67 77 0 2 20 0 0 0 0
0 0 83 11 0 76 0 15 0 0 0 0 50 0 28 0 0 0 28 0 0 0 85 63 0 0 0 0 13 0
0 0 0 0 0 0 71 0 0 53 7 0 0 41 14 0 0 0 0 0 0 89 18 0 0 10 0 0 0 0
0 0 99 49 0 65 0 0 0 0 0 0 0 27 58 0 0 0 0 0 0 55 0 0 0 37 97 25 93 17
20 0 63 0 41 0 0 0 17 0 84 0 0 0 0 16 0 0 0 0 0 82 34 0 0 37 0 45 33 59
0 0 45 0 0 0 0 0 17 0 0 0 0 0 0 35 94 0 73 9 0 63 0 0 0 0 0 99 30 0
0 36 26 0 0 50 0 58 0 0 40 0 0 0 0 0 0 0 0 14 0 0 92 0 15 8 64 9 0 0
10 92 0 0 0 0 81 0 0 0 0 0 67 66 21 21 0 87 0 83 0 0 0 0 41 0 0 46 96 83
88 71 0 0 0 0 0 0 0 0 63 0 66 35 0 0 0 0 0 74 70 0 0 0 57 0 0 0 0 0
0 0 39 0 0 0 0 0 5 0 45 0 0 12 0 85 80 0 0 3 0 0 16 0 0 0 71 8 0 0
0 0 0 50 0 0 0 0 0 0 0 0 96 0 0 0 20 51 0 0 0 0 84 0 0 0 84 96 0 0
0 0 0 41 0 0 0 0 89 4 0 0 3 0 0 78 0 93 92 0 0 0 85 0 0 0 19 63 0 0
48 0 0 0 0 95 60 0 0 0 0 20 0 0 0 0 0 0 30 0 2 0 0 0 0 0 26 0 0 1
0 0 0 97 0 0 0 0 0 34 0 0 0 0 0 0 27 0 49 0 0 0 0 0 0 2 0 25 27 0
20 3 0 0 0 0 0 0 30 0 0 77 0 0 0 40 0 0 45 0 0 45 0 0 54 70 95 0 30 0
91 11 0 86 0 0 37 0 0 0 74 0 0 0 0 32 0 72 0 0 0 0 43 0 12 74 0 0 0 82
