0 0 92 0 23 0 0 0 0 84 0 40 0 0 0 0 94 80 0 0 61 0 0 0 0 20 41 0 0 30 0 0 0 0 0 0 0 0 0 0 0 0 0 0 61 0 0 0 0 0
0 79 5 0 0 0 0 0 31 0 89 0 0 0 63 0 0 0 0 0 77 97 0 89 0 22 0 0 58 53 0 0 14 0 0 86 0 10 98 98 0 0 0 0 71 0 0 0 31 0
0 0 0 0 0 0 34 68 0 0 0 0 0 0 0 0 0 0 0 94 0 0 72 0 0 0 79 0 0 0 0 0 0 0 54 21 0 0 0 0 99 0 0 90 0 0 0 0 0 0
0 22 58 0 27 0 44 0 0 0 0 0 0 0 0 0 0 0 32 0 0 80 0 13 6 0 0 0 0 0 95 0 0 0 36 81 96 0 0 0 18 0 0 0 56 0 0 0 0 0
0 0 0 0 0 0 0 60 0 0 74 0 0 0 72 76 0 0 0 0 0 0 92 0 41 0 55 40 0 0 0 0 0 0 53 0 57 0 0 0 0 0 0 0 0 0 0 0 0 0
0 0 0 0 0 0 0 0 0 0 0 0 0 0 0 0 0 0 0 0 0 0 43 29 0 11 12 0 0 0 28 0 92 27 0 0 0 39 0 0 0 0 0 0 0 0 74 0 0 0
0 0 38 17 0 0 0 0 0 0 0 0 41 0 0 0 0 64 0 0 0 0 0 67 0 0 2 61 0 0 0 6 0 10 0 0 38 0 0 16 0 0 0 0 98 71 0 44 0 0
0 0 0 50 88 0 0 0 4 0 0 0 0 0 11 0 0 0 0 0 26 0 31 0 0 14 0 0 0 0 0 0 0 0 0 0 43 0 80 0 64 0 88 0 0 0 0 0 0 78
0 0 0 49 0 0 0 0 0 0 77 0 95 33 0 0 0 0 0 7 0 0 58 0 0 0 98 20 0 0 0 0 0 0 0 0 61 38 0 0 0 0 0 70 0 0 0 0 0 0
0 18 2 0 0 0 0 2 0 40 0 21 0 0 0 0 0 0 0 0 0 0 77 0 0 52 71 0 0 0 0 50 90 0 93 65 0 0 0 0 0 77 0 0 0 0 0 0 0 22
