68 0 0 78 60 42 0 0 0 0 0 86 0 0 63 0 72 0 2 0 0 0 48 0 0 0 49 0 0 26 85 95 4 0 0 0 0 0 0 36
35 0 58 45 0 0 6 0 0 0 0 0 0 0 0 0 0 0 28 0 0 63 0 63 19 0 11 0 0 0 0 0 0 0 0 0 0 15 27 0
53 0 0 0 0 0 74 0 0 29 54 0 0 0 48 90 0 35 0 0 59 0 0 0 0 0 0 0 89 0 0 0 0 0 0 0 0 57 0 28
9 0 0 0 25 0 0 0 0 31 52 0 0 41 0 52 0 0 0 0 0 0 0 0 59 35 82 0 42 0 0 0 48 76 67 0 0 33 0 0
62 0 0 0 9 0 5 70 0 0 0 0 0 0 28 0 77 0 0 3 0 46 0 87 26 0 0 30 0 17 0 17 37 0 0 27 0 0 19 29
32 50 0 0 0 70 0 0 0 0 0 73 0 0 0 0 0 0 0 14 0 24 0 0 51 0 56 18 63 51 0 60 92 0 1 0 0 68 49 0
0 47 0 0 0 0 0 35 16 0 22 0 99 0 0 0 31 42 74 0 57 95 0 87 0 0 0 12 0 68 0 86 24 25 0 0 9 0 0 0
0 0 0 0 0 0 94 0 0 0 23 42 0 43 0 0 0 0 0 0 13 0 95 0 0 0 0 35 91 0 0 0 6 0 0 68 0 0 41 0
29 91 0 0 0 0 0 6 48 0 31 0 0 0 55 36 0 0 0 0 0 0 0 80 78 0 0 0 0 0 0 0 0 0 0 0 0 83 0 90
83 0 0 0 91 37 0 0 0 0 0 0 18 93 85 54 52 0 0 0 0 0 0 0 0 0 0 15 30 0 0 0 0 0 0 0 0 0 0 51
