0 0 31 70 0 0 73 8 31 0 0 0 0 49 0 0 0 0 0 0 0 0 17 0 0 0 0 0 0 70 69 0 0 20 0 48 0 0 0 0 98 0 0 0 78 31 45 0 0 0
0 0 77 93 0 44 0 0 0 81 0 14 41 25 0 0 0 0 0 0 0 0 0 0 0 99 0 0 83 15 0 0 99 0 85 0 0 0 0 0 0 0 0 0 0 0 0 0 76 0
0 0 0 0 82 0 0 0 0 49 29 0 0 0 0 0 0 0 0 0 40 0 0 23 0 38 0 0 83 33 0 25 0 0 0 93 0 0 0 0 0 57 0 0 32 18 0 0 0 0
0 0 0 0 94 82 34 0 82 15 14 1 0 0 33 70 0 0 0 0 41 0 65 0 0 93 79 77 0 0 0 0 90 50 0 0 0 21 0 37 0 0 0 0 0 39 0 0 0 0
0 0 0 64 18 0 59 0 0 97 0 0 52 0 43 0 0 0 0 0 0 0 0 0 0 0 0 72 0 0 54 0 9 0 0 67 0 0 54 0 87 0 0 0 0 0 0 50 83 91
0 0 0 73 1 0 0 77 43 0 39 0 0 0 0 0 42 64 0 0 71 0 0 1 0 0 0 63 50 0 0 18 0 32 0 8 16 0 35 56 0 81 64 0 73 0 0 32 93 37
0 28 0 1 30 0 38 32 25 39 0 82 88 0 0 0 0 0 62 0 0 0 0 44 94 40 0 0 82 0 80 0 0 0 0 0 0 0 0 0 35 0 97 0 43 0 0 0 86 0
48 0 0 0 0 0 0 0 47 69 0 0 0 0 0 81 25 0 0 0 0 0 0 0 0 16 0 0 0 31 0 0 0 64 0 0 0 67 0 0 73 28 0 0 0 0 20 0 80 38
0 0 63 0 18 2 0 63 0 79 68 82 92 0 0 0 0 24 0 19 0 0 0 0 0 0 0 0 81 0 69 0 11 0 60 0 0 8 0 0 11 0 0 70 0 69 0 28 0 0
0 0 0 43 43 0 0 45 0 0 0 99 0 0 13 0 24 57 0 40 0 0 0 0 0 0 0 19 0 45 0 0 0 0 0 0 0 23 0 0 12 0 0 0 0 15 2 13 0 0
30 0 0 82 0 0 1 27 56 0 0 0 97 89 88 0 30 39 0 65 0 21 0 0 0 45 0 0 0 0 0 0 0 0 0 0 0 0 11 64 44 45 0 0 0 0 0 76 25 0
0 0 87 0 91 0 8 0 0 57 0 83 10 0 0 0 0 0 25 15 0 94 0 0 0 0 0 80 0 0 0 0 0 0 0 0 58 0 0 62 0 36 0 21 0 97 0 0 0 0
18 38 45 0 0 0 2 0 0 0 0 0 0 0 6 0 0 15 72 0 0 0 22 0 0 0 0 0 68 0 96 0 31 0 0 54 0 0 45 82 0 0 0 25 0 49 0 0 62 56
0 56 0 3 0 0 58 21 0 0 0 84 0 35 0 56 0 0 0 0 0 0 0 24 31 0 32 0 0 95 73 47 0 81 35 0 0 81 10 93 0 0 0 0 0 0 0 40 58 0
0 73 70 0 0 0 19 0 0 0 0 0 0 55 60 5 0 95 0 0 0 0 61 13 0 0 0 0 0 4 0 0 0 0 44 0 0 0 84 0 0 57 0 4 0 0 15 0 61 0
30 92 0 76 0 0 0 0 0 0 0 0 0 65 0 0 0 0 0 0 0 0 0 0 0 0 0 0 0 67 19 17 0 0 16 0 0 2 0 0 78 0 0 0 0 0 0 0 0 0
0 0 0 0 0 0 0 0 0 0 11 67 0 0 0 34 59 67 20 0 0 0 0 0 0 0 0 88 0 87 0 0 0 0 96 0 58 0 42 0 0 38 0 23 0 0 33 0 54 62
0 0 89 0 81 0 0 0 0 0 50 0 97 82 84 0 0 0 0 0 59 3 0 0 0 25 0 0 0 0 26 81 56 0 0 7 30 0 0 0 49 24 0 0 1 0 0 0 52 0
0 0 0 44 85 39 77 0 67 0 0 74 0 0 0 0 60 0 0 58 0 0 0 0 0 0 90 3 94 18 0 0 38 0 86 4 94 0 0 46 74 0 0 80 24 37 0 52 5 0
0 50 0 0 0 24 0 0 55 0 0 0 0 0 0 0 96 0 0 0 0 0 0 0 0 76 95 0 0 34 0 87 0 56 3 20 0 0 0 61 0 0 0 0 0 0 0 0 0 0
