53 0 0 0 13 0 51 0 0 0 87 76 0 0 0 0 0 0 0 79
78 17 0 0 0 0 0 0 83 0 72 0 0 0 0 68 0 87 0 0
38 0 54 19 0 0 0 29 0 0 0 3 0 85 81 0 0 0 0 0
19 0 0 56 0 0 0 0 0 0 13 42 0 0 85 75 24 45 0 0
0 79 0 0 0 0 0 0 0 95 27 0 20 0 0 0 35 0 0 32
0 0 78 0 0 0 0 0 0 0 59 80 0 96 0 0 0 0 0 12
0 0 42 0 0 0 0 61 0 0 97 2 69 17 0 0 0 0 0 0
0 0 93 0 0 0 0 0 0 78 0 0 0 0 0 0 0 92 0 0
87 0 0 0 0 0 0 18 0 90 0 0 0 0 44 81 0 43 0 0
4 0 0 0 0 0 0 0 0 26 0 0 10 0 6 0 0 0 0 42
0 0 4 0 49 83 65 0 0 81 0 69 0 0 0 0 0 0 0 0
0 0 0 0 0 0 0 73 0 0 91 0 0 0 0 0 0 0 19 0
0 0 0 91 75 0 48 0 0 71 69 0 23 0 27 0 0 48 65 0
0 99 90 0 0 0 0 23 0 0 52 0 0 9 0 6 21 77 75 38
0 0 51 0 42 0 0 0 22 39 0 0 54 0 0 36 0 73 0 72
0 0 0 0 0 65 0 0 0 10 86 98 0 20 41 0 0 0 28 0
93 0 0 0 98 41 0 0 0 0 40 0 15 0 0 74 0 50 0 0
0 0 0 0 42 22 0 0 0 0 0 6 0 0 0 63 11 0 14 38
63 73 0 62 8 0 0 0 0 0 0 6 43 89 21 0 58 0 0 31
0 0 0 0 0 0 58 0 0 38 49 0 0 16 0 0 19 36 0 12
0 0 0 0 0 83 0 70 0 0 0 0 0 0 0 0 0 88 28 0
0 0 0 97 0 0 45 0 73 53 0 0 0 0 0 0 94 21 37 0
0 0 11 0 36 0 0 0 0 0 0 0 0 0 0 69 0 0 0 0
0 0 0 0 22 36 10 0 0 0 11 0 0 0 0 0 0 0 0 0
0 0 0 0 0 0 76 0 0 61 0 0 79 94 27 0 0 34 1 0
65 0 34 0 0 47 0 0 0 0 7 0 0 17 33 56 23 94 8 61
0 0 0 83 73 12 0 86 0 0 0 95 0 28 0 0 12 82 0 0
0 15 78 0 0 57 38 0 8 0 27 0 0 0 0 0 0 0 0 0
99 18 0 0 0 0 0 0 0 0 63 0 82 0 0 0 0 0 0 0
17 0 0 39 62 0 32 0 24 0 0 0 0 0 49 0 0 40 59 46
40 70 0 0 0 19 0 0 5 0 0 87 0 0 62 0 0 0 0 0
0 0 0 0 0 0 26 0 59 0 9 98 0 0 0 0 0 39 57 67
0 0 53 66 0 0 0 0 0 44 0 0 37 0 0 0 0 5 97 0
0 0 0 0 30 0 0 94 0 0 0 0 46 0 0 6 43 0 0 0
0 0 0 24 90 0 20 0 77 0 30 0 0 84 0 0 88 0 37 0
0 38 50 0 0 0 0 0 7 93 24 92 16 13 76 0 0 0 0 0
0 70 0 64 0 0 0 34 0 0 0 92 0 63 53 0 8 1 0 0
0 0 0 0 1 0 0 0 0 0 0 41 0 0 0 0 0 0 61 45
0 27 0 0 63 40 0 0 0 0 0 0 0 60 56 76 0 0 0 0
0 77 89 0 82 0 96 44 0 70 0 0 0 0 96 14 0 85 0 0
0 81 0 0 49 96 0 92 94 8 0 4 0 0 0 0 0 0 0 0
0 68 0 51 0 0 76 0 0 0 76 0 0 0 0 0 0 0 0 0
0 0 21 0 0 0 0 0 90 0 0 0 0 2 0 0 0 61 0 6
0 0 0 0 95 58 79 0 0 34 0 59 0 0 13 40 79 0 0 0
45 0 81 74 61 36 0 48 75 0 83 0 0 83 0 0 0 79 0 0
89 84 0 0 0 0 86 37 0 3 0 0 0 0 17 0 0 0 0 0
0 0 24 0 0 43 0 29 0 0 0 30 0 0 0 35 49 23 15 0
38 0 0 0 0 0 51 8 0 23 0 0 3 0 72 6 88 0 0 83
21 0 0 0 0 0 0 0 0 0 0 0 76 0 0 51 84 0 0 0
0 0 0 87 0 0 39 0 0 94 0 33 43 0 0 0 0 20 0 57
