0 0 0 83 32 0 0 20 0 89 0 0 75 0 89 0 0 0 49 2 0 0 0 0 0 0 83 95 69 0
0 18 64 79 0 12 56 0 0 1 0 1 0 0 0 38 0 0 0 0 0 55 0 0 7 79 0 0 0 0
0 0 0 76 63 0 0 42 0 0 0 24 4 0 61 0 50 14 0 6 0 0 0 0 0 83 0 0 0 0
0 0 81 0 0 29 32 0 0 72 35 0 63 0 0 70 2 0 0 0 4 34 0 92 0 62 0 37 0 8
0 0 0 0 0 7 7 0 0 0 0 0 41 0 0 0 0 0 0 0 5 0 89 1 52 0 0 0 0 0
77 0 0 0 59 0 0 0 64 90 27 0 0 0 0 95 0 0 0 0 0 0 24 0 0 0 0 0 0 0
0 0 59 0 0 12 0 0 0 0 94 12 32 0 9 0 0 0 59 7 19 0 0 0 0 0 69 88 0 0
95 0 59 68 28 0 54 88 0 0 29 0 0 0 0 83 18 0 0 0 0 41 0 0 84 0 0 0 44 0
21 91 0 88 0 0 0 14 0 0 11 0 0 0 0 0 0 0 0 0 0 87 0 0 0 0 0 0 23 0
0 0 0 0 95 0 0 6 0 79 0 0 44 0 0 18 0 0 27 0 32 92 0 63 0 62 0 93 0 0
0 0 0 38 84 63 0 0 0 0 38 0 0 0 85 0 0 0 88 76 0 0 0 0 0 0 34 0 0 0
40 0 0 0 0 0 74 0 26 0 10 57 0 0 0 56 27 0 0 0 0 97 17 0 0 36 95 0 0 0
50 76 52 0 0 0 0 0 38 0 4 0 0 0 0 0 85 0 0 63 0 0 69 45 0 0 0 0 0 86
0 0 0 75 0 4 0 0 0 0 0 0 0 91 60 0 31 0 0 0 0 0 0 28 50 0 0 16 7 0
0 0 0 0 41 92 0 45 99 25 0 0 88 71 0 0 0 0 79 56 0 0 0 0 0 99 31 0 96 0
0 0 0 0 0 0 0 0 4 33 0 0 0 0 0 0 0 95 0 0 0 39 42 61 0 0 58 0 0 0
0 0 0 52 45 44 9 4 91 0 0 0 23 0 0 0 0 10 0 0 67 50 22 0 0 0 0 0 60 0
0 0 0 0 81 0 0 0 0 0 0 0 0 0 28 0 38 0 0 0 35 69 0 0 51 0 0 0 0 7
0 95 0 0 0 34 9 28 5 0 0 70 0 0 81 0 51 0 0 85 0 28 0 35 0 0 0 0 0 0
0 32 0 0 0 54 0 0 4 0 47 81 0 0 36 0 0 0 96 60 0 0 0 0 40 20 78 69 39 0
0 0 52 0 0 0 0 0 0 0 42 0 81 0 0 65 0 0 87 0 0 0 0 22 71 0 0 0 0 54
0 0 0 11 0 14 0 20 88 0 3 0 0 17 0 0 0 97 23 32 45 73 0 0 27 0 34 0 80 0
0 0 0 0 4 93 35 0 0 0 0 0 0 33 65 0 93 0 0 0 0 0 0 0 44 0 12 0 44 0
0 0 0 0 0 0 0 0 0 0 37 0 0 70 0 0 0 0 0 0 0 0 0 76 0 0 0 0 10 3
73 0 0 81 5 10 0 0 0 33 0 60 0 34 0 0 34 0 69 89 59 0 0 54 0 0 13 0 0 0
0 0 14 0 20 59 45 0 17 0 0 0 6 0 0 0 0 28 0 0 0 0 49 0 0 32 0 0 92 0
20 0 85 0 0 0 0 0 0 0 0 88 0 0 69 61 0 16 0 4 0 0 55 0 0 0 0 39 91 0
0 0 75 0 0 0 0 0 84 0 6 0 47 0 0 98 6 43 0 0 0 0 0 9 0 0 0 0 0 0
0 0 20 0 78 0 63 18 0 0 0 0 75 58 0 22 71 0 0 0 0 62 25 0 0 81 0 0 0 0
0 28 34 61 0 0 0 71 0 0 0 69 0 0 22 0 0 0 0 56 0 0 0 27 0 47 0 0 60 84
84 0 0 0 67 0 14 0 99 0 0 0 0 0 70 0 37 80 0 0 0 25 95 0 0 30 0 0 89 0
0 11 0 77 94 0 0 0 73 8 0 74 50 0 91 0 0 58 0 0 77 0 0 0 0 0 0 0 7 0
23 48 92 0 0 76 0 70 0 0 0 39 0 0 0 85 0 24 6 0 0 57 33 0 0 0 8 0 0 0
0 0 0 0 0 0 52 0 22 26 26 0 0 0 56 0 31 0 70 0 0 0 0 0 0 0 0 0 0 0
0 0 0 0 0 0 0 40 0 63 0 0 49 0 0 0 0 0 0 31 0 0 48 0 0 0 82 0 0 71
0 69 0 44 0 0 0 0 61 0 0 9 3 0 0 0 0 0 83 0 19 72 24 25 57 0 0 13 57 0
0 0 0 0 21 0 0 0 0 0 3 38 0 0 0 0 0 0 0 0 0 0 0 0 51 0 75 58 0 0
50 5 76 0 92 0 0 0 0 0 0 0 0 0 0 33 0 0 37 0 0 0 0 43 36 0 0 78 0 0
13 0 0 0 67 0 0 0 0 0 0 0 91 46 0 0 0 0 38 0 0 0 0 67 0 0 0 0 0 0
0 23 0 84 53 18 29 0 55 0 0 0 0 0 13 0 0 0 3 28 0 0 0 0 98 0 0 0 0 0
0 0 0 0 0 0 0 0 33 73 0 0 36 29 0 0 0 19 0 0 0 0 72 79 0 54 82 0 0 0
0 0 0 0 0 0 93 5 0 0 31 40 0 0 0 31 0 0 0 24 60 62 73 75 53 22 0 0 49 0
27 63 0 0 0 0 4 0 0 0 99 0 0 0 0 0 0 0 0 0 3 0 50 0 57 0 97 17 90 0
0 0 97 0 74 38 0 0 0 0 0 0 47 0 0 0 0 0 45 34 0 0 0 0 23 0 0 0 0 2
0 0 0 0 0 0 0 0 0 0 0 0 0 52 0 44 0 0 0 17 0 0 0 0 8 65 0 0 0 0
0 0 68 41 93 0 0 58 6 77 0 0 68 0 25 92 86 0 65 6 0 0 0 12 0 28 0 10 0 15
0 0 0 0 0 0 0 0 84 0 65 55 0 20 0 60 0 0 79 0 99 0 0 0 0 11 0 0 30 53
0 0 83 0 0 0 74 0 30 0 0 0 54 0 22 0 41 0 0 0 0 0 0 19 0 52 4 0 68 19
50 0 24 0 0 0 0 0 0 37 0 0 0 81 0 0 0 0 27 8 0 87 39 0 0 0 0 0 0 0
1 0 74 0 21 0 0 0 2 2 0 37 64 16 0 60 63 99 0 0 0 0 0 0 21 0 0 0 0 43
