64 0 15 0 81 0 0 0 76 0
0 0 0 0 6 8 90 0 0 0
0 6 0 0 0 0 0 25 0 0
0 0 0 40 0 0 69 25 0 0
95 62 0 29 0 0 0 35 0 0
0 36 0 83 0 89 0 0 0 74
0 0 15 90 0 0 0 0 93 0
0 0 0 0 52 0 92 0 0 0
0 0 0 0 0 0 0 0 0 0
0 0 8 0 0 83 66 0 78 0
0 42 0 0 0 0 0 83 0 0
0 48 0 36 0 68 87 0 15 44
0 28 0 0 0 0 0 59 92 0
39 0 0 0 0 12 80 27 0 0
0 9 0 0 0 0 0 0 0 0
66 0 0 0 0 87 62 0 22 0
0 0 66 0 88 0 0 47 0 3
0 0 0 0 0 0 0 0 0 0
0 0 0 0 0 0 35 87 0 0
77 44 38 40 0 0 0 22 95 7
71 13 3 25 42 0 0 0 0 0
0 21 0 48 0 65 0 0 17 0
0 25 0 45 0 0 0 0 0 0
12 92 0 41 0 0 0 0 0 62
72 0 49 0 98 73 0 0 0 0
16 18 0 76 0 0 58 0 0 0
0 0 0 0 57 0 0 81 0 33
11 0 0 98 37 0 0 59 0 31
56 0 0 51 77 0 0 0 0 0
0 93 0 0 0 0 85 81 0 0
