97 4 0 0 0 0 0 0 0 0 40 0 69 0 0 0 51 0 0 18 0 51 0 0 0 0 82 80 0 0 0 69 13 79 0 0 0 0 0 43
96 64 0 53 55 0 0 0 0 65 53 0 0 0 0 0 0 58 26 0 70 0 0 0 0 0 6 0 18 0 89 0 0 0 16 0 50 87 0 0
43 0 8 0 37 35 54 0 2 0 32 0 0 35 68 0 0 21 0 0 0 68 0 88 0 0 0 0 13 0 0 0 30 0 49 0 0 16 94 19
0 0 23 0 0 8 0 0 0 0 0 0 66 19 68 0 0 0 0 87 0 0 15 0 51 0 54 0 83 0 0 52 0 0 0 52 0 0 0 0
0 12 0 0 0 0 25 0 0 0 94 0 33 33 0 0 49 0 58 0 0 89 0 0 0 0 0 0 0 4 0 78 0 70 12 0 0 0 97 1
0 75 0 0 0 0 0 83 0 15 0 0 0 0 0 0 0 0 0 0 0 0 0 0 0 0 0 0 0 74 0 0 56 0 0 0 13 69 0 0
71 0 70 0 75 27 0 0 0 66 0 0 0 0 0 68 0 67 74 0 91 0 89 91 0 80 47 0 0 1 0 0 0 0 0 0 0 0 0 12
0 0 0 0 12 0 0 87 0 0 0 0 0 0 0 0 0 0 5 13 0 0 0 81 0 0 0 0 0 0 0 0 0 27 0 0 92 0 0 0
54 0 0 0 61 46 0 0 0 10 0 0 0 0 0 0 0 59 0 0 0 0 0 0 77 60 0 0 0 37 29 0 62 85 0 97 26 0 15 0
74 0 99 0 0 0 0 0 0 0 0 86 0 0 0 0 0 0 0 0 0 35 0 94 0 0 0 58 0 0 0 4 77 95 7 0 0 56 0 74
0 0 0 17 0 12 0 0 0 0 99 0 0 85 0 0 85 15 29 0 0 57 5 0 0 0 0 0 0 0 0 0 0 0 49 24 0 77 16 0
73 80 0 96 0 4 48 0 0 24 0 21 46 0 0 0 0 0 69 0 0 0 0 0 0 77 77 43 53 0 0 0 0 0 41 0 17 0 0 0
0 1 58 0 0 0 0 0 0 5 46 88 50 0 0 0 68 0 55 0 56 0 0 0 0 0 40 0 0 26 0 38 0 0 33 0 0 0 0 0
17 0 0 0 36 0 30 0 0 0 16 27 82 0 0 0 0 0 0 0 0 0 0 0 0 0 0 0 0 0 75 86 0 0 81 0 17 15 45 0
0 48 0 0 0 0 0 34 0 0 0 0 0 0 99 38 0 70 0 0 0 0 0 0 0 0 0 0 0 0 0 0 23 0 0 0 0 0 0 0
98 18 0 0 4 0 0 0 0 0 0 0 0 16 54 0 0 42 0 0 0 59 0 0 86 0 0 0 18 0 63 0 96 0 0 0 0 0 0 13
0 6 4 0 0 0 0 0 0 61 33 0 0 64 0 19 0 0 0 0 0 76 65 26 0 3 0 48 56 0 73 86 12 0 73 63 0 0 0 0
0 93 94 0 39 0 0 0 0 0 18 0 0 0 79 0 0 0 14 90 5 3 0 62 0 66 79 0 0 0 94 78 0 0 46 50 0 75 0 93
0 34 0 95 0 98 0 0 21 23 0 0 0 47 25 0 57 0 0 0 23 44 92 0 0 0 0 0 0 0 67 2 0 64 11 21 0 0 0 0
0 0 96 11 0 0 50 0 70 0 12 52 0 0 0 76 0 0 0 0 0 0 22 64 0 0 0 0 0 0 0 0 0 86 0 0 0 7 14 0
51 0 0 0 0 0 90 0 0 0 0 0 4 0 6 36 25 90 48 0 0 0 35 0 42 0 0 0 0 0 0 0 94 0 0 0 0 0 0 38
24 57 70 0 82 79 71 98 0 81 0 0 0 5 0 0 0 0 0 6 35 0 0 0 0 0 95 0 0 0 13 0 0 95 0 0 0 27 72 92
65 0 0 0 0 0 69 72 0 0 42 66 0 0 0 0 93 75 0 0 0 0 77 0 76 23 83 0 0 0 0 0 0 0 0 0 94 6 31 0
0 0 0 0 35 79 79 0 0 0 0 0 0 0 30 99 0 55 0 13 21 0 32 0 0 0 18 0 92 0 0 54 0 0 0 0 0 7 33 0
8 0 0 0 0 0 81 0 0 0 0 0 41 0 0 26 0 38 88 0 0 59 0 48 0 0 0 0 0 0 17 67 0 93 55 0 0 36 0 0
72 0 0 0 0 0 0 0 0 0 0 0 0 92 0 0 0 0 0 0 0 0 0 0 69 0 0 14 83 0 0 94 0 0 0 0 0 85 0 0
86 0 0 28 0 0 0 0 0 0 0 88 0 0 0 45 0 0 0 0 0 0 36 87 0 0 0 0 63 88 0 96 0 0 0 27 0 0 12 0
0 0 27 0 0 1 0 0 80 0 0 0 0 79 0 0 0 52 0 0 80 0 0 0 0 86 0 61 0 88 0 23 0 0 0 7 0 0 0 0
0 27 14 23 0 0 42 58 0 0 0 0 0 11 0 15 92 70 0 0 0 0 50 0 0 0 35 0 0 75 0 71 0 0 43 0 0 0 0 0
0 93 0 0 0 91 56 0 80 0 0 18 0 80 0 0 30 0 0 77 0 96 0 0 0 52 50 0 0 0 14 97 0 0 0 0 0 46 48 0
91 91 0 44 0 0 58 47 19 0 96 0 52 0 90 0 0 0 0 31 0 0 0 0 0 0 0 23 13 0 35 0 0 0 0 0 5 29 2 0
0 0 0 0 96 0 78 0 0 0 0 0 33 0 0 0 0 0 64 0 0 0 0 0 43 78 0 0 0 0 7 0 0 99 0 32 39 0 0 0
0 0 0 0 0 15 0 8 0 0 0 86 77 0 0 0 70 0 0 0 0 0 93 37 16 70 0 0 0 0 0 0 0 36 0 35 0 78 94 0
0 22 67 0 0 0 0 0 0 0 0 0 0 0 0 43 0 0 0 0 0 0 41 98 0 20 78 64 0 30 0 0 0 0 27 83 0 0 0 11
0 0 84 0 60 0 0 0 0 44 92 0 55 0 0 79 77 34 57 0 38 0 0 57 0 46 73 0 0 0 88 0 0 0 0 35 16 0 31 0
85 90 0 93 0 47 0 0 0 82 0 70 0 0 0 0 0 76 0 0 0 89 0 0 0 47 18 0 0 0 0 94 49 0 0 0 0 0 0 89
0 0 0 75 95 0 47 0 0 0 11 33 0 26 7 9 56 21 0 0 0 0 82 72 0 0 51 0 80 0 0 0 0 0 0 0 0 15 59 0
31 0 0 0 0 0 0 0 0 78 0 0 0 27 0 0 0 59 34 0 0 0 0 0 68 0 0 0 68 94 0 0 36 0 32 0 0 2 0 81
0 51 20 58 0 58 0 0 0 0 0 0 0 0 11 0 0 7 0 0 70 0 0 26 74 0 43 0 13 81 0 0 93 0 0 88 0 0 0 44
73 14 0 12 70 0 68 0 0 12 0 49 0 0 0 0 0 0 29 0 0 0 0 0 0 0 48 91 81 8 98 43 19 0 0 0 0 0 30 0
