0 0 0 0 0 78 0 75 51 0
0 60 0 11 85 0 0 0 0 0
92 6 65 0 22 0 62 0 0 0
0 0 5 0 41 0 72 0 0 0
0 0 0 0 62 3 0 3 0 45
69 0 0 0 0 0 0 0 19 0
49 72 0 71 0 24 0 1 0 0
16 0 39 74 45 0 0 0 0 0
0 0 0 89 95 65 53 0 0 51
0 0 38 0 0 0 0 8 0 0
0 0 11 65 0 0 0 0 0 0
0 0 0 30 98 0 0 0 0 0
0 0 0 0 86 0 0 26 25 0
0 30 27 0 66 0 53 0 88 0
4 0 0 0 30 0 21 0 0 42
28 0 41 0 0 0 0 0 0 0
70 0 27 0 0 31 26 0 57 0
0 0 64 0 0 68 34 0 0 0
0 0 0 0 55 0 0 0 5 0
0 12 99 0 0 0 0 0 0 30
0 0 0 0 0 0 0 0 7 0
94 0 0 13 0 0 0 0 0 0
0 80 0 0 0 0 0 0 0 34
0 9 0 0 1 0 0 0 31 53
0 0 0 0 0 0 0 32 5 4
0 0 57 0 0 0 52 0 0 0
0 82 0 51 0 0 0 0 0 0
32 0 69 0 0 17 0 0 0 0
0 0 0 0 0 0 83 0 42 0
4 98 0 0 0 88 4 0 0 53
0 0 0 0 46 24 45 0 72 94
0 0 0 0 0 0 0 0 50 0
0 96 0 0 2 0 0 17 67 0
0 0 32 0 0 0 0 80 0 68
7 25 11 19 0 72 67 24 10 6
0 0 0 72 0 0 0 0 49 0
0 0 0 0 0 86 74 0 0 13
0 81 41 0 37 0 14 0 58 0
0 52 29 0 0 1 20 0 0 31
0 17 0 0 0 0 78 0 0 63
