0 0 58 0 0 61 0 44 0 0 75 0 0 0 0 0 40 65 0 0
35 9 0 0 51 61 0 37 0 0 0 0 0 0 0 0 8 0 17 0
0 0 0 0 0 25 61 0 0 0 0 0 53 0 95 0 36 0 51 0
0 0 0 0 0 59 47 0 69 2 0 77 60 0 0 0 31 0 0 0
7 0 0 82 0 0 0 0 0 0 21 0 0 0 0 0 0 0 0 0
0 0 0 0 0 0 16 0 65 0 37 0 0 52 0 0 55 87 83 87
0 0 0 0 0 0 98 0 54 0 83 0 36 19 0 0 0 53 0 0
0 0 0 0 0 0 0 0 80 0 86 0 47 0 18 0 0 0 92 97
0 59 0 0 0 0 87 0 0 74 0 32 0 0 0 0 0 18 72 56
0 0 0 0 0 0 85 0 0 0 0 0 0 19 0 0 0 0 61 0
71 85 75 0 20 73 10 0 83 0 0 0 0 59 61 0 53 0 56 32
0 24 0 0 0 0 0 55 0 0 0 0 0 0 0 0 0 80 0 0
0 9 0 14 0 0 22 0 0 0 0 89 17 0 0 35 0 0 0 0
0 76 34 48 0 6 0 0 0 0 31 58 0 0 45 1 0 0 0 71
83 0 0 54 0 0 33 0 0 0 78 0 0 0 64 73 59 0 17 0
0 0 0 0 0 28 0 64 17 0 9 0 0 34 5 0 0 97 0 80
0 28 43 0 19 0 0 0 0 0 0 73 0 0 0 0 43 97 0 0
0 57 45 0 0 42 30 0 38 89 0 0 0 39 0 37 0 0 0 0
0 88 0 80 0 0 26 73 0 87 40 0 24 0 75 0 44 20 47 0
0 0 0 42 0 0 0 0 0 0 0 46 0 0 0 61 0 0 0 0
0 0 0 0 70 72 92 0 34 36 0 81 0 0 0 0 55 0 0 0
63 0 2 0 55 0 5 43 64 61 0 62 10 0 0 0 16 65 0 0
0 67 0 66 51 0 0 0 34 31 0 0 0 29 88 0 0 44 0 37
0 0 77 0 10 0 77 0 7 86 0 0 95 0 63 0 82 0 0 0
18 11 0 0 0 0 0 83 0 0 0 0 0 0 0 0 0 0 42 0
0 0 0 0 0 0 35 81 0 0 0 0 0 0 20 0 0 0 0 99
0 69 0 0 62 0 0 0 0 0 74 0 95 0 0 0 0 0 0 0
0 0 0 0 0 0 0 63 41 0 51 0 0 0 0 14 0 94 0 0
0 0 0 0 0 0 47 0 0 64 0 0 0 93 0 0 0 51 0 0
0 0 0 0 0 0 0 0 0 78 0 0 0 86 0 0 24 0 0 65
