0 0 0 0 0 10 0 0 0 0 44 0 9 0 2 0 0 0 0 0 0 0 14 0 9 0 0 0 96 32 0 0 0 33 0 0 0 0 98 0
0 32 0 19 0 0 0 0 76 0 0 18 0 0 0 0 0 0 0 0 2 0 0 0 0 7 0 57 0 0 88 7 0 0 0 0 0 0 0 0
0 0 0 0 0 0 0 0 0 0 0 0 20 0 0 0 0 0 0 0 64 14 0 0 0 0 0 0 0 70 0 0 0 0 0 0 0 0 0 0
0 0 38 0 0 0 0 0 11 0 0 0 0 0 52 0 0 0 0 0 33 0 9 0 0 0 0 0 0 0 0 17 0 0 3 74 0 0 0 0
0 0 0 0 0 0 85 0 0 0 0 0 0 68 0 0 0 0 0 0 0 0 0 55 77 2 0 0 4 0 0 0 0 0 0 0 0 0 15 0
0 73 0 0 0 30 0 0 0 0 46 0 0 0 0 0 0 0 48 15 0 0 0 0 0 0 0 0 0 0 0 0 51 0 50 0 0 0 0 0
0 27 0 0 0 0 0 24 0 0 25 0 0 0 29 0 28 0 0 53 0 39 11 0 0 0 0 0 0 0 92 0 0 42 0 0 0 83 0 0
0 0 0 0 0 0 0 0 43 0 0 0 0 0 0 0 0 0 0 0 89 0 0 0 0 0 36 59 65 0 0 0 0 0 0 11 83 0 0 0
17 0 0 0 0 0 0 0 45 0 61 0 0 0 0 0 0 0 0 0 0 83 83 0 0 0 0 0 0 0 0 1 60 0 0 0 0 17 0 0
0 12 0 0 0 0 0 34 0 15 0 0 0 89 24 27 0 0 0 0 0 0 0 0 0 37 0 0 0 0 0 0 0 0 0 0 0 62 0 0
