0 41 0 0 37 0 0 25 30 0
0 26 0 64 0 69 0 71 0 0
31 0 0 0 0 0 0 0 0 0
59 0 22 0 0 0 79 0 92 0
63 0 56 0 53 0 0 0 39 0
28 0 0 0 0 1 0 0 0 68
0 24 0 4 39 0 0 0 26 0
98 0 0 0 14 0 0 0 0 55
36 0 0 77 91 0 48 0 0 0
0 0 0 64 31 0 90 45 0 0
0 0 0 0 27 48 0 0 0 0
0 21 22 0 0 0 0 89 84 39
15 0 0 0 0 0 0 24 0 52
0 0 0 66 0 0 0 95 0 0
46 96 0 38 64 61 0 0 0 0
0 96 0 0 5 86 60 0 0 29
0 0 0 0 0 0 0 0 0 0
0 0 0 0 0 0 0 0 0 58
0 0 0 70 0 0 58 0 0 23
0 15 11 31 80 0 0 91 57 0
0 0 9 50 47 0 0 0 0 61
29 29 0 0 0 55 0 0 0 0
0 88 0 0 1 0 64 0 32 0
0 95 93 0 0 0 64 35 0 0
0 0 0 0 0 64 70 20 11 0
0 0 0 0 0 0 0 0 91 62
0 0 0 7 90 26 0 0 0 0
57 0 90 0 0 0 0 96 0 0
88 0 0 88 0 0 0 0 92 0
0 0 0 0 0 0 0 45 0 40
0 0 0 79 0 0 0 0 0 65
59 0 3 74 0 0 80 0 0 0
0 93 0 0 14 9 0 0 9 57
0 0 43 13 85 0 0 0 0 0
0 0 0 0 0 0 0 22 0 0
0 75 60 21 0 0 87 0 91 0
0 0 20 0 72 0 0 0 0 60
0 0 0 0 77 0 0 30 0 0
0 0 0 0 41 0 88 67 87 0
83 19 0 0 0 0 0 65 0 82
