33 0 0 72 0 0 0 23 0 0 0 0 0 79 0 0 0 97 0 75
0 11 60 33 0 0 0 0 36 0 0 1 56 90 45 0 50 9 0 39
0 54 0 0 0 0 0 0 89 79 0 0 0 6 0 0 0 23 77 5
0 0 0 0 0 0 0 0 0 0 0 0 58 0 0 18 0 65 47 81
0 47 0 88 0 0 0 45 47 9 0 0 0 43 0 90 0 0 72 0
0 80 44 0 0 0 0 0 25 0 9 0 67 0 0 50 0 20 32 0
0 0 55 0 0 0 11 0 0 0 0 26 0 67 0 48 0 59 1 52
75 0 0 0 0 0 0 0 0 0 63 0 0 0 7 0 0 0 0 68
0 0 27 0 0 0 69 0 90 57 30 0 64 72 16 0 0 0 83 0
0 0 0 0 57 39 0 0 0 0 96 0 0 39 65 0 0 0 0 40
83 38 0 40 0 41 0 0 0 0 29 0 52 0 11 44 0 0 0 50
0 49 0 5 0 0 92 0 0 97 0 0 18 0 0 0 13 0 0 0
92 0 0 65 46 0 0 95 47 59 99 0 0 36 0 0 0 0 0 0
0 46 0 0 0 0 0 0 0 0 36 0 0 0 0 0 13 6 0 0
0 0 0 48 0 0 0 0 99 0 0 0 0 0 0 0 21 0 0 0
0 0 0 66 0 50 0 39 0 0 0 35 0 0 31 0 47 88 0 52
0 0 0 0 0 0 0 0 0 29 58 0 0 60 0 0 36 0 0 0
74 0 14 54 0 0 0 0 0 0 0 0 0 0 0 0 0 1 0 95
0 0 0 5 40 0 0 0 0 0 0 19 0 0 91 46 3 0 3 0
0 5 0 30 0 0 0 0 37 0 0 0 18 0 75 0 10 0 0 41
0 42 0 0 18 0 0 4 13 0 53 55 8 14 0 0 51 0 0 0
0 0 51 0 0 19 0 0 0 40 0 77 0 0 79 1 85 0 34 0
69 0 33 0 0 1 84 0 0 0 0 0 0 0 20 61 0 46 88 27
19 0 0 0 0 0 0 0 0 0 0 61 0 4 22 48 31 67 0 0
51 52 92 0 13 0 0 0 0 0 0 0 0 64 0 0 59 0 68 73
0 18 0 0 0 0 0 0 0 0 0 0 0 0 0 0 76 0 0 0
61 77 19 81 0 0 83 98 0 0 40 0 12 5 0 0 0 0 0 26
0 74 0 0 13 0 0 0 41 43 0 0 87 0 0 20 0 0 0 0
0 0 0 23 0 48 70 37 0 0 0 0 0 0 55 42 0 0 0 0
52 84 0 0 0 0 0 71 31 83 0 0 0 0 73 0 0 0 0 0
0 53 70 0 0 0 0 0 0 16 56 65 0 0 68 0 7 15 0 52
0 0 0 51 0 0 23 0 0 30 96 0 0 0 0 0 0 0 0 0
46 0 0 0 0 0 0 0 69 72 0 4 0 0 0 0 7 0 43 0
0 0 76 0 0 97 0 0 0 25 22 0 0 0 65 76 0 7 0 0
0 0 0 0 0 0 80 0 52 62 0 0 0 44 36 0 0 57 0 0
0 0 0 8 0 0 29 15 86 0 63 0 0 0 0 0 0 0 50 0
0 0 91 0 0 66 76 0 58 0 62 69 0 90 0 62 0 0 0 0
38 43 0 88 0 68 78 28 3 69 0 14 39 0 0 0 0 0 0 0
0 0 31 93 0 0 0 3 0 0 0 0 0 0 70 82 0 0 0 0
0 57 0 0 56 0 0 0 77 0 0 0 61 0 5 0 0 65 63 0
0 0 54 0 0 0 0 0 0 30 47 45 0 0 0 81 90 0 0 0
0 0 0 85 0 0 0 68 0 0 0 0 0 0 0 0 0 0 18 0
0 0 0 88 50 0 0 0 22 0 0 0 0 0 18 0 78 1 0 0
0 0 47 0 0 29 0 0 0 0 0 9 0 0 9 0 8 0 0 57
0 0 69 0 0 68 0 0 0 0 81 72 0 22 0 92 13 0 0 0
0 0 0 0 54 0 34 27 0 0 0 0 0 76 0 0 0 0 0 0
29 11 75 62 0 16 2 61 0 35 0 91 0 0 0 0 23 0 0 0
0 82 0 99 0 0 0 0 30 0 0 0 0 0 0 0 0 0 0 92
0 83 55 0 0 77 0 0 80 60 0 0 0 0 5 62 12 81 0 78
0 58 0 0 0 0 0 0 0 0 0 0 11 0 0 45 90 0 0 0
