47 0 37 93 66 49 0 0 0 0 6 45 0 0 61 0 86 60 92 29 0 0 0 0 0 0 38 20 0 54
0 35 0 0 0 0 50 0 0 0 0 93 79 0 0 0 86 0 97 0 75 0 0 42 86 57 0 0 0 84
0 0 0 31 89 0 73 0 92 0 0 0 48 0 37 0 0 0 0 32 0 0 17 0 31 0 0 0 0 17
39 0 53 0 5 0 0 0 0 63 56 45 0 14 0 0 83 46 0 6 20 0 62 0 0 0 38 80 31 0
0 0 97 93 61 16 91 40 0 0 0 0 72 0 0 0 0 0 77 69 0 15 8 0 0 0 0 0 0 0
0 77 37 0 72 80 0 0 89 0 49 0 75 0 0 0 0 0 0 6 94 0 0 0 0 0 0 48 0 4
0 0 0 0 0 0 40 54 49 26 0 71 0 0 0 0 0 5 0 0 18 61 0 94 0 90 0 51 0 0
0 0 0 89 7 5 0 0 0 0 0 0 95 0 0 69 0 0 0 0 8 19 0 0 11 0 83 0 55 81
44 0 0 0 0 0 0 0 83 88 7 0 0 0 0 0 0 55 1 0 0 0 0 81 35 81 90 0 0 0
0 0 0 0 0 0 46 0 0 0 0 0 0 0 0 60 0 0 0 0 0 0 0 0 0 8 96 0 8 75
0 0 0 0 0 66 0 0 0 62 53 0 0 0 0 0 0 0 45 0 0 0 0 28 0 18 76 0 0 57
0 24 0 74 0 0 0 0 0 0 80 0 0 12 0 0 0 0 0 0 0 0 0 0 0 0 0 0 56 0
88 0 0 0 0 0 0 45 0 26 71 56 0 0 0 75 0 0 0 16 0 47 64 0 0 0 68 0 31 0
25 0 26 61 0 0 54 56 10 12 84 81 0 48 62 94 17 0 8 21 0 0 11 0 0 64 0 0 0 0
0 0 0 0 12 0 0 0 0 0 49 0 21 50 0 75 0 0 0 0 74 92 87 0 0 0 0 0 0 0
0 0 24 11 6 0 0 45 0 0 45 30 0 0 0 0 0 32 31 0 34 88 0 0 0 0 35 83 0 0
82 0 0 0 0 0 0 0 0 0 74 0 87 0 26 0 0 0 77 0 53 0 0 0 0 0 0 78 0 0
0 0 21 0 54 0 0 0 0 0 66 3 0 0 0 0 0 78 0 49 0 27 11 0 10 0 0 0 87 0
0 21 0 0 39 0 0 46 0 76 24 0 0 23 0 0 0 0 59 0 95 44 0 0 0 4 0 23 25 0
0 0 84 0 0 0 16 0 0 0 0 38 0 0 0 0 0 0 0 0 0 0 65 0 0 0 0 0 0 90
90 0 25 12 0 0 62 39 0 44 0 0 0 0 37 0 0 0 0 75 0 0 41 0 0 13 14 0 85 0
11 23 0 0 0 0 71 0 0 0 84 40 64 47 66 0 84 0 57 0 0 0 0 0 0 0 50 0 35 0
0 0 0 0 0 78 0 0 36 0 0 0 0 0 0 57 0 0 10 0 0 66 0 0 19 0 0 0 0 76
0 0 91 0 0 0 46 0 0 0 0 0 0 42 28 0 0 85 0 0 82 0 0 55 13 0 0 0 82 19
0 0 0 92 0 0 19 0 0 0 0 96 40 0 0 74 92 0 0 0 72 0 36 0 0 0 26 8 0 39
0 0 0 0 0 0 0 0 0 0 0 0 0 0 0 98 0 0 0 50 0 0 0 0 0 0 75 0 0 60
0 0 0 0 0 93 0 0 0 93 0 76 87 0 0 0 31 90 97 0 0 62 0 42 52 0 77 0 0 35
31 0 0 0 10 0 0 73 0 0 0 0 0 0 93 0 0 0 0 0 70 0 87 55 0 0 0 0 0 0
0 0 41 41 35 0 0 0 0 83 0 0 0 0 0 80 0 0 78 26 0 0 0 0 0 71 84 0 0 0
0 0 0 0 11 0 0 0 0 3 0 0 0 0 0 0 0 0 41 0 97 0 0 6 56 74 0 0 41 0
