61 0 67 0 0 0 70 82 20 0 0 0 10 34 0 0 0 5 0 24 60 0 0 0 0 81 77 0 0 17 89 0 0 0 0 0 0 0 0 0 0 91 0 0 0 0 0 0 0 34
0 0 6 0 34 0 0 0 0 0 0 36 55 43 0 0 69 0 0 53 0 0 0 0 54 0 0 65 0 0 0 0 0 0 0 0 0 0 0 0 32 0 0 0 0 62 0 0 0 0
6 0 0 0 0 0 0 0 0 0 0 37 0 0 0 0 0 0 58 0 0 0 0 40 0 49 0 0 0 0 0 36 0 80 0 57 0 0 14 0 0 96 59 0 0 0 7 0 92 0
52 0 0 0 0 23 0 0 0 0 0 0 0 62 0 0 0 0 0 0 0 0 0 70 78 0 0 0 0 50 0 0 0 0 0 0 0 0 0 0 0 0 39 0 0 0 90 0 0 0
57 19 89 0 78 41 0 0 0 0 41 0 0 39 46 81 0 47 0 34 0 0 0 0 2 0 33 0 29 0 0 0 0 0 0 0 0 95 94 0 0 0 50 0 0 99 0 0 0 0
0 0 0 0 0 0 28 0 0 0 0 0 0 0 0 71 0 10 0 0 0 0 0 0 0 0 0 0 0 0 0 0 0 86 0 0 0 0 0 0 0 0 0 0 29 34 0 0 43 58
0 0 0 0 8 0 0 46 0 0 39 7 0 32 0 0 0 0 0 0 0 9 29 0 0 0 0 0 0 85 18 62 0 0 0 51 0 0 0 0 0 0 0 0 0 23 74 0 0 81
88 0 0 0 0 49 0 58 0 0 0 0 0 0 0 21 0 0 0 0 0 0 13 0 35 0 0 0 68 51 3 0 72 0 0 0 0 0 0 0 0 0 0 0 0 0 0 0 38 0
89 0 8 0 0 0 0 0 0 95 0 0 0 0 70 0 0 13 0 0 0 0 88 0 0 59 47 0 0 0 0 0 0 0 0 28 0 0 93 0 0 0 0 0 0 0 0 0 0 0
0 0 0 0 0 0 0 50 32 75 0 0 0 0 0 54 0 0 92 0 0 0 0 0 0 0 0 0 41 0 0 0 0 24 0 0 10 0 0 0 0 0 0 57 93 0 0 0 40 0
0 0 72 37 0 0 0 0 0 0 81 0 0 82 0 0 35 0 0 0 0 15 0 0 96 1 0 0 0 0 0 0 0 90 0 0 0 0 0 0 83 0 0 0 17 0 87 73 0 0
57 0 0 10 73 60 87 0 0 0 0 0 0 0 15 0 0 0 0 36 0 0 0 69 0 92 0 0 75 0 0 0 0 78 0 37 0 0 0 0 0 0 0 0 0 0 0 0 0 0
0 90 0 0 78 0 0 0 6 0 87 0 0 0 0 38 89 64 9 0 0 0 0 37 0 0 0 56 0 0 0 0 0 0 0 0 0 0 0 50 0 75 0 74 66 0 0 68 0 0
29 0 99 0 29 42 0 56 0 0 64 0 85 0 0 0 0 0 0 0 80 0 19 0 0 97 0 0 0 0 0 14 99 0 0 0 0 0 89 0 75 57 0 0 0 0 66 67 0 0
0 0 0 89 0 0 60 0 0 0 0 0 60 0 0 0 58 0 23 0 40 0 0 0 0 0 71 0 0 5 0 0 0 97 0 0 0 0 0 9 77 0 81 0 0 0 0 87 0 49
0 0 0 0 0 0 43 0 60 87 58 52 0 0 0 0 0 0 0 0 0 0 0 26 0 0 0 0 0 0 0 0 0 0 0 39 0 41 0 99 0 22 0 0 97 0 0 0 0 0
0 0 0 82 23 0 54 0 0 0 0 0 0 12 0 0 0 0 0 0 58 0 0 98 0 0 0 0 25 0 0 0 0 0 78 0 0 0 0 43 0 0 79 0 56 0 0 4 0 0
33 0 0 0 4 97 0 0 0 0 0 0 0 0 0 0 23 0 0 0 0 0 0 0 0 0 0 0 0 0 0 0 0 39 0 0 0 0 0 69 0 53 0 0 0 0 85 0 0 0
0 37 0 0 0 81 0 0 28 79 0 0 0 78 79 94 0 0 0 60 0 0 0 0 59 0 0 0 0 0 0 23 0 0 0 0 0 0 16 0 0 0 0 0 0 0 0 60 0 0
23 81 0 0 42 0 0 0 0 66 94 0 0 72 0 0 0 0 14 0 0 0 0 0 0 0 0 0 0 0 0 50 0 93 25 0 0 45 0 0 0 0 0 19 0 0 0 20 0 0
