0 0 0 0 35 0 0 93 0 0 0 18 52 0 0 0 3 0 66 0 0 0 0 0 92 0 0 0 0 0 0 0 0 0 0 0 26 82 0 0
0 1 0 0 0 0 0 0 61 0 0 0 0 0 0 77 0 0 0 0 0 43 0 97 98 10 61 24 0 0 0 46 0 0 40 0 29 0 51 0
0 0 0 0 75 0 0 0 0 43 0 47 15 81 0 0 55 0 0 13 8 36 0 0 0 58 0 66 34 85 13 0 0 0 0 92 0 0 0 0
0 0 0 0 0 0 0 0 0 0 9 0 0 0 0 0 1 0 47 47 0 68 22 23 85 0 47 13 0 0 0 76 0 7 0 0 0 0 85 0
0 0 0 0 0 0 0 0 21 0 0 96 37 80 0 90 0 0 0 0 0 0 54 0 0 0 0 0 78 0 0 0 58 0 0 6 0 95 0 0
0 0 0 98 0 93 54 17 0 0 43 0 0 40 18 0 0 66 85 0 72 0 0 0 34 0 0 0 52 12 0 0 0 27 0 0 20 0 0 0
67 0 0 0 65 24 0 0 0 0 0 0 0 64 0 27 0 41 66 55 59 84 0 0 29 0 0 0 0 0 18 61 0 0 0 0 34 52 0 0
0 0 30 0 0 0 38 60 0 45 0 61 27 0 0 0 0 0 0 0 0 3 92 82 0 0 0 18 15 50 0 0 0 0 0 15 0 0 66 0
79 0 0 0 0 0 0 0 0 0 0 0 0 0 0 0 0 0 98 0 0 0 0 0 98 0 0 0 0 0 31 58 0 0 27 0 0 0 0 0
0 0 89 0 0 0 5 0 0 0 36 0 97 0 0 22 38 19 0 0 0 33 0 52 0 0 37 0 0 64 71 9 44 0 26 0 0 3 1 0
47 0 40 41 0 0 0 0 15 0 0 0 20 80 0 39 86 53 31 0 51 0 0 0 0 34 56 0 0 0 0 86 0 0 0 7 65 0 0 0
0 0 0 0 0 13 0 0 0 0 86 0 0 0 29 56 45 0 78 31 0 76 3 27 0 0 0 0 0 0 0 0 33 0 0 56 80 12 0 0
0 0 0 6 57 0 0 0 0 0 0 5 0 0 32 46 40 0 0 0 0 0 0 11 10 0 0 72 0 0 0 49 0 0 0 0 0 0 0 0
82 0 0 18 56 0 0 81 0 0 0 0 0 0 88 0 0 41 0 0 0 0 77 0 0 0 0 0 0 1 0 0 0 85 0 0 93 28 0 0
0 0 0 0 0 0 0 0 0 78 15 60 26 99 93 0 34 28 80 0 10 84 13 0 91 0 0 0 52 0 1 0 0 91 88 96 0 0 0 0
97 0 0 0 0 23 85 5 46 79 0 0 45 0 0 0 0 0 12 0 0 0 0 0 0 0 78 43 8 0 0 67 0 58 78 72 0 0 0 0
70 0 0 0 40 0 0 0 0 0 0 0 30 0 43 0 0 0 30 0 0 0 0 84 54 25 0 0 0 0 0 0 83 0 87 0 65 0 0 91
0 11 90 0 0 0 68 0 0 0 61 0 0 0 0 0 0 0 42 0 70 21 19 0 0 34 0 0 0 44 0 0 52 14 0 0 45 0 6 0
0 0 43 73 0 0 0 0 29 56 0 30 0 0 0 35 0 0 0 40 0 0 0 0 0 0 0 0 0 0 59 0 0 2 34 0 0 19 0 82
61 13 0 51 35 23 0 20 0 0 4 44 95 0 9 84 0 63 0 0 0 0 0 0 0 0 0 0 0 69 0 0 0 0 52 4 0 48 8 43
93 0 59 0 58 3 66 0 71 2 0 0 23 0 0 0 0 0 40 0 4 0 0 0 14 0 0 24 47 58 49 0 0 52 39 0 0 0 0 0
0 0 0 98 0 0 0 38 0 0 0 0 0 0 0 0 0 2 0 0 0 0 34 0 0 0 8 0 9 85 69 0 0 0 0 0 0 93 0 0
0 0 0 0 0 0 0 9 0 11 18 0 0 0 0 48 0 31 0 0 0 0 0 27 0 0 0 0 58 0 63 0 8 0 93 80 0 0 0 0
93 86 0 0 0 60 0 0 0 0 31 0 78 76 39 0 67 0 0 0 0 66 0 0 0 0 0 0 0 0 0 0 0 0 0 0 16 0 0 56
31 0 0 0 0 0 39 0 43 0 0 0 0 0 83 16 0 34 22 0 0 0 31 34 0 0 30 0 0 0 0 0 0 0 0 71 0 7 17 60
0 0 53 0 0 0 0 0 0 0 0 0 0 0 0 50 0 0 50 0 0 26 0 0 0 0 0 56 20 6 0 52 0 0 0 0 38 0 0 0
0 0 8 0 28 0 34 83 0 0 0 0 0 0 0 0 66 0 0 74 0 0 0 0 0 0 0 0 0 0 0 0 35 0 30 0 0 0 0 0
1 0 59 43 0 60 15 82 0 0 0 92 0 42 0 83 10 0 0 45 63 0 0 0 0 81 5 97 0 37 57 0 28 0 0 0 0 64 27 0
0 5 48 0 0 0 58 0 83 0 0 0 0 0 12 0 76 0 0 11 0 0 96 0 52 73 0 0 0 99 57 0 0 0 61 0 0 38 0 0
0 0 0 0 26 0 0 0 95 40 0 0 89 10 0 94 0 0 91 0 0 0 60 0 0 0 0 0 0 0 0 59 0 0 0 4 0 0 52 0
