0 0 98 0 0 0 0 7 0 0 0 60 0 0 0 0 83 0 0 54 0 0 0 0 0 15 0 0 0 55 85 4 0 0 0 0 0 0 0 0 0 0 0 83 0 33 0 0 27 0
0 0 98 72 32 0 34 0 0 32 0 60 0 80 0 0 0 0 0 0 27 0 0 0 0 78 29 0 0 0 0 0 72 96 32 0 31 64 51 85 0 48 39 0 0 0 0 0 0 0
0 0 0 0 83 0 13 0 71 57 0 0 42 45 0 62 0 38 0 0 24 48 0 0 0 0 0 0 0 0 0 0 0 89 91 72 86 0 0 65 0 0 87 45 21 0 0 0 0 0
17 0 0 81 91 0 19 0 96 23 0 72 0 11 20 0 0 0 0 0 18 51 0 0 90 0 47 70 96 16 0 0 0 0 0 5 64 0 0 0 0 9 0 0 0 0 52 0 0 0
0 0 93 60 32 0 0 0 0 57 37 0 15 0 0 0 0 0 0 0 0 38 36 0 0 0 16 96 45 48 0 88 0 0 49 80 13 0 0 85 0 0 0 0 0 43 70 0 0 0
97 0 0 85 82 83 0 0 98 0 0 17 0 67 0 0 35 0 0 14 0 0 34 0 0 0 0 6 0 66 0 72 0 0 0 0 66 76 0 0 0 44 0 64 0 0 0 0 13 0
0 33 9 0 83 66 0 0 35 0 28 0 0 29 0 17 0 0 0 32 0 0 0 0 0 0 35 0 32 61 0 13 0 0 86 60 0 0 36 17 75 33 0 0 0 0 0 0 43 0
0 0 0 0 0 15 0 0 49 0 0 13 0 0 84 54 0 0 0 0 0 0 0 0 0 0 0 0 0 0 0 0 50 0 82 0 0 0 0 21 49 0 0 0 0 0 38 93 0 36
26 0 34 0 0 0 0 0 0 61 15 34 0 75 0 0 0 0 94 0 0 0 0 27 0 0 0 0 0 0 0 61 0 0 0 35 0 0 0 0 0 26 93 0 0 0 0 0 26 17
0 0 11 0 58 0 0 0 28 0 0 0 0 0 0 0 74 0 0 8 0 0 0 94 0 0 0 84 0 0 0 0 82 0 0 41 0 0 62 0 0 65 0 0 0 0 76 0 0 0
0 0 99 21 0 0 77 0 27 0 0 0 0 0 40 51 0 0 0 0 0 0 27 56 0 39 0 0 0 32 64 0 0 82 0 0 0 76 50 0 0 25 82 0 0 0 0 0 84 55
21 0 0 0 0 0 93 0 0 98 0 0 0 0 0 0 0 0 0 62 0 0 50 0 0 41 78 0 60 0 0 0 20 0 69 84 0 81 0 0 62 0 0 41 0 0 0 0 0 0
35 0 50 0 0 0 0 42 54 0 34 0 31 0 93 0 65 0 17 12 0 0 12 0 16 0 0 0 15 0 58 39 0 0 0 32 13 0 0 0 0 36 27 51 0 0 0 0 0 83
86 0 0 0 0 0 0 0 0 72 0 64 0 0 0 0 0 0 0 89 0 65 0 0 0 0 0 62 60 0 0 0 18 83 0 0 0 0 70 0 84 0 0 4 0 46 0 0 46 0
12 0 0 78 0 31 0 0 93 0 0 0 49 0 85 0 0 0 0 88 0 0 0 0 0 0 0 5 48 0 0 29 29 0 3 0 0 0 0 0 0 77 0 0 0 0 82 50 0 0
0 40 0 0 0 0 0 88 0 0 0 17 0 0 0 0 0 0 0 93 0 0 0 0 31 0 0 0 0 98 11 0 56 10 90 0 0 0 91 0 0 0 49 46 0 0 0 0 0 0
0 3 0 0 85 0 79 0 92 0 39 0 23 0 0 60 0 0 0 30 0 0 0 70 0 0 0 0 94 0 0 0 60 78 59 72 0 0 0 0 3 0 0 0 15 18 0 17 0 0
0 0 0 0 0 0 57 13 31 0 91 0 98 74 0 0 0 0 0 0 11 0 0 36 0 74 0 0 0 0 0 0 0 0 8 0 77 0 0 29 59 0 0 0 0 0 0 69 0 0
0 25 0 36 0 0 0 90 0 0 0 37 91 0 0 0 0 0 0 0 0 60 0 0 0 5 75 0 93 0 0 0 0 51 91 68 0 11 30 0 62 0 69 0 0 0 0 0 0 87
0 72 20 60 0 78 0 0 20 0 0 22 0 0 72 0 0 0 0 0 57 34 0 0 0 0 28 3 60 0 72 0 0 0 4 64 0 0 0 66 0 0 0 0 0 77 18 0 65 77
