0 60 0 0 0 0 93 46 0 0 61 63 0 0 36 0 0 0 19 0 0 0 0 0 0 0 0 1 0 0
0 14 0 65 0 0 0 0 67 0 0 82 0 0 0 0 0 0 0 7 40 0 0 62 0 0 0 0 70 0
0 0 0 0 0 0 5 1 10 55 0 59 0 0 0 0 0 0 0 0 0 97 31 0 0 0 0 96 0 0
37 0 0 0 0 0 0 0 0 0 0 59 0 0 0 0 0 0 99 0 0 0 0 0 0 0 0 0 0 0
0 0 0 0 81 87 0 0 0 0 0 0 0 0 0 0 0 99 33 80 0 0 0 0 0 0 0 0 0 92
0 0 17 0 0 0 0 0 18 25 74 0 0 0 0 12 0 0 0 0 29 0 0 0 0 0 0 26 0 10
0 0 0 28 57 0 0 0 1 0 0 31 0 0 0 0 77 72 0 0 0 0 0 23 0 0 0 0 0 0
0 0 0 0 0 64 8 7 0 0 0 0 0 0 0 0 77 0 0 27 0 0 0 0 0 97 0 1 0 0
0 0 62 0 0 0 0 0 0 0 0 0 0 87 0 0 46 0 0 0 0 0 0 0 0 77 0 0 0 97
30 0 0 0 0 43 5 82 0 0 0 0 0 0 0 0 0 0 0 28 0 19 9 0 0 0 0 0 0 0
0 0 36 0 0 0 0 20 0 0 0 0 0 0 90 0 0 0 0 36 0 0 31 0 24 0 0 0 0 0
95 0 0 0 0 0 0 0 0 0 0 0 28 0 0 0 22 0 0 0 0 31 0 39 0 0 0 22 0 0
0 0 0 0 0 0 0 0 0 0 0 0 0 0 0 0 7 0 0 0 0 0 0 0 0 0 0 0 0 62
0 0 36 0 0 0 0 0 82 33 0 91 52 0 53 0 0 0 0 15 0 0 0 0 0 31 0 0 85 0
0 0 0 0 0 0 0 0 0 0 0 0 0 0 0 0 0 91 0 0 0 0 0 0 0 0 0 0 0 0
12 0 0 0 0 0 0 2 0 0 0 0 0 0 0 0 0 0 7 27 26 0 0 0 53 0 0 0 0 0
0 65 0 0 0 5 0 0 0 72 93 51 0 0 0 0 31 0 0 0 0 0 97 0 0 0 0 0 74 0
0 0 0 0 0 74 0 0 55 0 0 0 0 2 0 0 0 0 0 2 0 0 0 0 0 0 0 0 31 0
0 0 0 0 0 0 0 0 0 0 0 0 0 0 19 0 0 67 0 0 67 0 0 0 0 0 22 0 61 0
0 0 0 0 0 0 50 79 0 0 0 0 1 0 0 0 0 0 0 0 96 0 0 48 0 0 0 0 0 0
