0 22 0 0 0 0 0 36 0 0 0 86 0 0 26 0 0 74 36 0
3 92 0 73 49 0 0 31 0 0 99 7 0 0 85 0 0 47 67 0
0 0 0 0 0 66 0 0 83 0 51 0 0 0 0 0 0 0 0 46
0 0 0 78 0 0 0 16 0 58 0 0 90 93 0 0 20 65 0 0
0 0 0 0 0 38 57 28 68 0 0 0 0 63 41 0 49 0 41 0
0 0 0 0 0 0 0 0 0 0 60 0 0 0 6 0 0 0 0 0
0 93 49 0 0 0 0 0 0 0 9 0 0 0 0 0 0 0 0 0
0 0 0 17 0 45 0 0 0 0 0 95 0 66 97 0 0 81 0 0
0 5 0 0 0 79 0 0 85 0 0 0 3 20 0 0 0 0 66 0
0 81 0 0 0 0 0 18 0 0 0 0 0 0 43 0 0 0 53 0
0 0 0 97 43 0 72 0 9 0 0 0 0 10 0 0 91 0 0 0
0 17 28 0 91 50 0 23 0 0 0 81 37 0 0 0 0 0 0 0
0 0 0 0 42 0 87 0 0 0 0 0 0 60 0 64 0 0 91 64
0 60 0 0 0 0 86 66 11 0 59 16 30 0 0 0 0 0 0 47
57 0 0 0 34 0 53 0 16 99 0 0 66 94 0 63 0 81 0 0
0 0 0 49 0 0 0 82 0 0 0 1 0 0 0 56 0 0 0 59
0 0 48 82 0 0 60 0 19 0 0 0 0 28 57 0 0 0 0 88
0 0 0 0 88 0 0 66 0 29 0 82 0 60 0 0 0 0 0 0
0 0 0 0 0 0 0 0 29 65 65 0 76 0 0 52 0 0 0 0
0 0 5 0 0 83 74 0 0 0 0 0 0 7 50 4 0 0 16 0
0 35 59 0 0 22 15 0 55 0 0 32 67 0 0 0 0 40 0 0
0 82 0 0 96 37 0 0 0 54 75 0 0 0 0 0 0 0 70 0
0 0 0 59 0 0 59 0 0 51 23 0 46 0 0 0 53 34 0 19
0 48 0 0 28 0 0 0 80 0 0 6 49 0 0 0 0 0 0 0
0 0 0 19 0 0 0 85 0 74 0 56 60 0 0 0 0 3 38 78
0 0 1 0 30 56 0 68 47 0 7 0 0 0 77 0 96 0 26 0
27 0 0 67 96 82 0 40 3 39 0 0 5 0 0 42 0 0 0 0
0 0 94 0 0 0 18 31 0 30 0 38 35 5 0 0 64 69 0 0
5 0 0 82 47 5 0 0 0 20 0 81 18 0 0 0 0 0 0 34
32 0 0 0 69 0 95 0 0 24 0 27 0 0 61 80 0 0 93 0
