0 0 0 0 0 0 0 26 0 0
0 23 0 0 0 63 0 0 21 0
0 0 0 0 0 0 0 0 0 0
0 0 0 0 0 63 98 0 0 95
0 11 29 0 0 29 0 68 0 0
0 0 0 0 0 0 0 0 0 0
0 46 74 0 0 0 0 0 0 0
13 0 0 90 0 0 0 0 74 0
0 47 0 68 34 0 0 0 0 0
0 76 0 22 0 82 0 70 0 0
0 0 0 0 0 0 47 0 1 0
0 0 0 0 0 0 0 0 0 0
0 0 72 0 30 0 89 0 0 42
0 63 0 0 0 23 51 0 0 0
5 13 55 37 76 0 0 0 0 64
0 31 0 0 19 0 0 0 0 0
0 0 0 0 0 22 67 0 0 28
0 86 54 0 0 80 0 72 60 0
0 0 0 0 44 72 0 19 0 93
0 0 0 0 0 0 0 0 30 86
0 24 27 18 0 0 0 0 0 0
0 0 0 16 0 0 0 0 0 59
0 0 83 0 0 0 0 0 0 0
0 62 11 0 0 0 15 0 0 0
0 0 0 0 0 0 0 86 0 47
0 0 0 0 0 17 0 26 81 0
0 0 0 0 0 0 0 0 0 0
0 0 0 0 64 0 0 0 0 0
0 0 15 34 0 0 0 0 74 14
94 0 0 0 56 0 0 0 0 0
