4 0 19 0 0 82 0 14 72 0
0 0 28 54 84 0 0 71 0 18
0 0 0 54 38 0 0 76 15 51
32 0 0 7 74 0 3 63 0 62
68 0 0 41 7 93 0 0 78 0
0 0 17 0 0 0 0 6 0 33
10 0 60 8 65 0 0 83 72 0
0 0 37 0 0 0 0 11 0 80
0 0 0 59 14 0 0 0 0 0
85 0 9 3 64 0 0 0 0 0
0 0 0 0 0 99 0 0 57 0
81 0 95 0 0 0 0 68 0 50
31 90 0 0 17 0 0 0 0 0
0 0 65 86 0 13 12 0 0 0
0 94 99 0 0 0 0 93 61 37
15 0 0 0 0 0 0 0 0 0
0 73 0 0 0 0 0 29 0 0
0 0 0 89 0 95 0 25 46 0
0 0 40 0 0 18 0 0 0 0
0 0 0 0 39 0 0 3 0 0
52 40 0 77 43 0 30 5 14 0
0 0 0 0 0 0 0 0 0 0
0 0 88 0 0 0 0 0 18 0
0 0 0 0 0 0 68 0 0 30
18 96 49 68 0 36 0 52 0 25
0 0 0 0 0 0 44 8 0 0
0 0 0 0 0 0 0 73 0 0
0 0 0 0 0 0 0 45 0 0
36 51 0 0 23 53 0 23 50 0
0 0 0 0 0 0 0 0 0 49
0 0 0 87 0 0 65 0 0 0
0 0 60 0 0 0 16 0 82 0
93 14 0 0 91 0 21 0 0 0
0 59 31 0 0 0 0 28 11 0
0 44 0 0 0 0 77 0 0 0
96 80 0 0 0 0 20 0 0 0
0 6 0 5 0 53 0 0 28 0
0 91 27 0 0 0 0 0 16 0
99 0 0 0 0 0 0 0 0 0
0 0 43 46 0 75 0 0 0 58
