0 63 57 0 0 0 0 13 0 36 0 0 80 0 61 0 0 83 0 0 0 0 78 56 42 0 0 0 0 0 0 39 0 0 0 0 0 2 92 53 0 99 0 0 0 25 0 0 0 0
94 0 0 0 5 0 5 81 0 0 0 37 0 0 0 14 0 85 9 0 13 0 0 0 0 0 0 0 0 0 0 0 0 0 0 0 0 0 96 0 37 0 0 9 70 79 90 0 15 0
75 0 0 0 0 0 88 0 38 0 44 0 0 78 0 0 41 50 0 3 0 0 0 10 0 76 89 93 0 32 0 0 0 13 0 24 0 0 80 6 0 62 0 0 0 0 0 0 0 94
27 0 70 54 0 0 0 0 44 0 16 52 0 0 0 66 24 0 0 6 50 0 37 91 0 0 0 12 0 91 69 0 0 0 0 0 56 0 0 20 0 0 0 0 0 0 0 77 97 92
79 6 0 31 0 0 42 0 0 0 63 14 97 0 0 0 3 21 0 20 0 0 0 6 10 0 0 0 0 0 0 0 27 83 0 0 0 0 0 0 0 0 0 0 95 0 0 0 0 0
0 0 96 0 0 20 0 0 0 0 0 0 0 0 0 0 0 0 0 0 0 45 0 0 0 0 0 0 0 0 71 3 12 0 1 0 0 0 0 0 83 11 0 0 0 0 0 45 0 80
0 59 87 0 0 0 0 0 0 0 0 41 0 0 91 0 85 0 0 0 31 88 0 0 13 0 57 95 9 0 10 0 0 40 0 0 0 0 0 0 0 0 0 0 27 0 20 0 86 0
44 0 0 43 0 0 99 0 98 0 0 0 64 64 0 0 37 0 95 0 0 73 0 25 11 0 0 0 0 0 45 0 0 0 0 0 0 0 25 0 41 0 85 0 96 0 6 0 0 0
98 0 0 0 97 93 0 0 48 0 0 29 0 23 0 98 0 0 0 74 48 34 38 48 74 0 0 0 0 0 0 77 0 0 0 0 0 97 0 0 57 81 0 49 0 0 0 0 0 57
0 0 0 0 83 0 54 0 0 0 0 18 0 0 0 70 0 0 0 46 0 0 0 0 0 28 0 0 41 34 0 42 0 48 38 0 0 0 37 0 44 58 17 0 0 0 43 0 0 11
