0 0 0 0 0 81 0 0 0 0 0 56 0 0 0 0 0 46 17 0 0 0 0 20 0 0 0 0 85 0 0 0 0 20 0 0 0 0 0 0
0 0 0 0 2 0 24 0 21 0 0 7 0 57 0 0 75 0 0 0 0 0 60 31 97 0 0 0 13 0 0 47 0 0 53 0 33 0 0 0
48 0 0 0 0 0 64 78 0 0 23 0 13 0 0 31 0 83 0 0 0 0 0 0 0 0 34 0 85 0 0 0 0 0 0 83 0 0 25 0
0 0 10 0 0 31 0 78 0 0 0 0 0 0 29 0 0 0 41 0 0 0 0 0 0 0 0 0 0 0 16 0 63 0 55 0 0 0 4 0
0 57 31 0 0 0 0 0 0 75 81 0 0 0 0 0 0 0 0 0 0 83 59 0 0 0 0 0 0 49 0 0 0 0 0 0 24 0 0 0
0 94 45 84 0 0 0 0 0 0 0 76 0 0 0 0 98 0 0 13 65 0 0 0 0 0 0 0 0 0 0 0 53 4 0 0 0 67 0 0
0 0 97 0 27 0 0 75 0 93 0 10 0 0 0 22 0 9 0 61 0 0 0 0 0 4 38 1 0 0 41 0 0 90 38 0 0 0 81 0
35 0 63 0 0 0 0 0 0 0 40 0 0 0 0 0 0 0 0 52 76 0 0 0 93 0 38 0 0 0 0 0 0 0 0 0 0 0 0 0
82 0 0 0 0 0 0 0 0 0 25 0 0 44 32 69 94 0 0 0 0 0 0 0 41 0 0 26 0 0 0 0 0 26 0 80 0 57 0 0
0 0 87 0 0 0 0 0 0 0 0 21 0 0 0 47 0 0 0 0 0 0 12 0 0 0 0 0 0 22 0 0 0 32 23 0 0 91 0 14
