38 0 0 0 0 0 1 0 0 0 0 0 12 70 0 0 0 0 91 0 0 0 0 0 80 0 0 62 0 77
0 0 0 0 0 0 0 70 0 0 73 80 0 0 0 14 0 0 55 37 27 0 10 36 6 0 0 0 0 20
49 0 0 96 0 0 40 22 0 0 99 57 0 0 0 0 0 0 0 0 0 0 72 0 91 79 0 45 66 0
0 0 0 0 0 0 0 0 0 0 0 0 1 0 0 0 0 0 0 0 0 0 49 26 0 0 44 0 0 0
29 0 0 0 0 0 88 0 89 0 0 45 20 45 11 0 0 85 0 31 78 0 0 20 0 0 0 0 57 0
0 0 0 0 89 0 0 50 97 52 39 0 17 61 0 0 68 52 0 0 0 0 72 0 9 0 0 47 0 0
0 0 0 32 0 66 0 0 48 42 81 0 0 99 0 65 0 0 0 0 4 0 35 0 90 0 0 0 0 77
0 29 1 0 36 0 42 57 0 0 52 0 0 0 0 77 0 5 0 0 31 0 0 0 0 39 0 0 0 0
22 0 0 0 53 69 0 99 0 0 0 0 0 0 0 30 0 9 11 42 0 0 0 0 0 0 0 34 12 0
9 98 0 35 0 0 47 0 0 69 57 50 0 0 0 55 15 0 0 0 0 0 76 0 0 0 0 80 0 0
68 52 0 0 0 43 21 0 0 20 0 0 0 40 0 0 83 0 0 40 0 0 0 0 88 34 32 0 0 26
0 0 0 88 0 0 77 0 0 0 0 0 0 0 0 0 0 0 0 0 0 0 8 0 0 0 0 0 0 0
0 0 0 57 44 0 73 0 0 0 0 0 0 24 0 0 0 0 0 0 0 0 0 76 36 0 7 79 0 62
0 0 0 62 49 0 0 59 14 0 13 0 0 0 0 0 0 0 54 1 0 70 51 0 0 0 23 75 0 0
0 0 0 92 0 0 0 43 17 0 0 0 0 62 0 11 0 0 0 0 0 0 38 12 0 0 0 4 0 0
0 0 0 0 0 33 0 0 39 0 0 0 0 88 0 0 0 0 93 0 0 0 0 25 58 0 0 0 12 0
0 89 53 0 0 0 0 82 0 0 0 0 0 89 15 0 0 53 0 0 4 63 0 0 0 0 0 0 0 0
35 0 0 0 2 0 0 32 0 75 0 7 54 0 0 74 2 0 0 0 0 0 0 0 5 39 7 0 0 0
0 0 20 0 0 0 68 0 48 0 0 45 0 0 19 51 35 0 0 0 67 0 0 0 0 0 0 76 0 52
0 0 0 0 84 0 0 0 0 80 0 0 0 0 0 80 66 0 0 86 0 0 61 0 0 89 62 0 24 0
0 0 13 75 0 0 0 0 0 56 0 0 0 16 0 94 99 0 0 0 0 0 0 71 0 0 0 0 34 0
0 71 12 0 0 0 0 0 62 78 0 0 0 0 34 0 54 34 0 0 99 21 0 0 84 97 0 0 0 93
58 0 0 0 83 0 0 0 0 93 0 31 0 38 93 95 87 0 0 0 0 74 0 0 86 0 4 69 0 0
0 0 0 0 0 9 0 0 0 0 64 27 0 77 0 66 0 4 80 0 0 0 0 0 0 0 0 0 6 0
0 49 0 28 0 65 58 0 0 0 0 0 81 47 0 0 0 0 40 85 97 95 0 0 0 0 41 10 0 0
0 63 0 96 73 0 0 10 30 71 24 0 0 65 21 0 0 0 0 0 0 0 0 0 0 28 0 94 0 0
0 0 4 0 35 0 0 0 75 0 43 0 82 0 0 0 28 51 24 98 82 0 63 29 1 75 0 92 0 0
30 0 0 0 0 0 0 33 42 5 81 0 0 28 45 0 0 33 59 31 0 0 22 90 64 0 0 0 22 0
0 0 66 0 0 70 0 0 0 0 0 8 0 0 0 0 94 9 5 0 0 61 0 46 0 0 0 43 0 0
18 0 0 0 0 0 0 21 14 67 78 0 14 80 0 0 0 0 0 0 86 60 42 0 0 0 14 58 0 19
0 62 0 31 26 0 94 82 70 0 0 0 87 0 24 88 94 0 0 19 17 0 0 0 49 0 0 0 0 39
0 93 0 0 0 81 42 0 0 89 0 31 0 0 0 0 4 0 66 0 0 0 0 0 0 0 0 0 0 0
0 0 2 0 0 0 0 0 0 0 0 0 0 0 0 0 0 0 0 0 0 0 0 0 0 0 0 93 0 90
19 86 0 23 0 0 0 0 0 0 0 78 72 75 0 0 0 94 0 0 0 0 0 0 0 0 0 60 0 0
0 0 24 53 70 0 0 0 0 48 0 0 0 0 0 0 0 64 0 0 0 97 0 0 0 0 0 0 0 0
0 0 0 0 0 0 0 33 0 38 50 11 43 29 49 0 0 72 0 34 0 58 0 0 46 0 0 0 71 63
0 27 49 0 0 0 15 56 1 64 0 0 0 0 0 0 0 9 75 0 88 42 11 93 39 23 0 0 0 0
0 57 0 38 0 93 0 0 0 68 0 0 0 0 0 0 0 0 12 0 6 0 0 85 73 0 0 0 0 0
57 0 0 0 0 0 0 59 0 0 0 0 0 85 65 0 3 0 86 6 0 2 10 0 0 42 74 0 0 0
0 0 0 0 0 0 0 0 30 0 0 81 57 19 22 0 0 87 0 0 0 0 0 37 0 51 0 0 0 13
