0 0 12 0 97 0 0 0 0 0
0 71 0 0 0 0 0 0 0 19
0 0 0 0 0 0 0 0 0 0
0 74 92 37 0 0 0 0 0 0
90 0 0 0 0 59 0 0 0 0
0 0 0 0 0 0 0 0 37 20
0 48 0 0 82 0 54 0 47 47
37 0 0 0 55 0 0 8 2 0
0 0 35 0 0 31 18 0 0 46
0 66 0 0 0 0 0 12 44 73
0 0 60 0 0 84 0 0 0 0
0 0 0 0 0 0 0 40 72 0
0 0 0 0 3 0 0 0 0 0
0 0 44 0 0 0 18 0 0 3
0 81 0 0 0 0 0 0 0 0
0 42 0 0 0 5 33 0 0 0
0 0 81 0 0 0 36 66 0 0
22 57 0 0 0 0 9 33 99 0
0 99 0 41 0 0 0 0 0 0
0 0 85 0 0 22 0 20 0 0
0 0 0 0 0 0 0 0 0 89
0 0 0 44 0 0 0 0 0 0
0 77 0 0 0 0 0 0 0 45
33 0 0 0 0 0 0 0 0 66
36 0 13 0 0 0 8 0 0 0
0 0 0 0 0 0 0 0 57 0
0 84 0 0 0 0 0 0 0 0
0 18 0 1 45 0 0 0 0 9
0 0 0 0 0 0 0 0 0 0
0 0 0 0 41 0 0 0 97 0
0 0 0 0 0 17 0 72 0 6
20 0 87 0 0 74 0 0 0 0
30 0 0 0 67 0 31 0 0 43
0 0 0 0 32 0 51 0 0 0
0 0 0 0 0 46 0 0 90 0
0 0 0 0 0 0 0 0 0 0
0 34 59 0 17 0 0 24 0 0
0 0 0 13 0 0 0 0 91 0
0 0 86 44 3 0 0 0 50 0
0 0 0 0 0 0 0 50 0 0
0 0 0 0 49 0 0 0 0 0
0 0 83 55 0 6 49 0 44 0
0 0 7 0 55 0 0 98 0 0
0 0 90 0 0 0 0 0 0 0
0 0 0 0 0 62 22 0 0 0
0 0 90 0 0 0 0 0 97 0
0 0 0 57 0 0 22 18 0 0
0 0 0 0 0 0 0 10 0 0
0 0 33 0 0 65 0 0 0 0
48 0 0 0 46 0 0 26 0 5
