0 0 0 0 38 33 37 0 0 17 0 0 0 0 0 0 0 0 32 2 0 10 0 2 0 0 0 0 0 0 3 0 0 26 0 0 67 0 0 0 33 0 0 67 0 0 0 0 0 0
0 86 0 0 0 37 48 0 35 0 0 0 0 0 0 0 0 0 0 0 0 0 0 92 25 0 0 0 0 2 0 32 0 0 0 63 22 0 0 50 0 0 0 97 0 9 0 70 0 0
0 52 0 0 0 0 0 44 18 89 84 0 0 0 0 85 38 0 47 39 73 0 0 0 74 0 0 0 0 0 95 8 0 16 0 0 0 0 0 0 83 0 0 0 91 90 0 91 0 0
0 0 0 31 0 0 0 24 66 0 0 0 0 75 0 0 0 0 37 33 57 32 0 84 0 0 64 11 0 13 0 51 0 1 0 0 0 0 0 0 0 0 0 0 0 27 0 34 0 36
0 82 0 97 0 0 0 0 38 0 90 61 0 22 46 0 74 58 52 47 0 0 0 0 96 0 44 0 0 0 0 0 0 0 59 25 0 0 0 0 0 0 0 0 0 0 0 82 0 0
0 0 75 0 0 95 37 0 33 0 59 0 9 45 0 0 0 0 0 0 12 0 95 75 0 55 22 0 0 0 0 17 0 0 0 70 0 0 0 97 27 0 0 0 93 0 0 69 92 0
0 0 0 80 44 0 0 0 41 0 0 0 0 0 82 0 71 51 0 34 0 0 0 26 0 0 0 0 0 0 0 93 0 0 42 60 0 56 0 42 0 0 0 0 93 0 0 0 0 23
80 0 0 0 0 44 29 54 86 0 68 0 70 0 0 79 11 0 0 0 0 0 0 0 0 0 0 8 0 86 30 0 0 0 0 0 0 0 0 83 0 0 6 0 0 0 73 31 0 0
76 95 89 0 0 0 0 22 0 20 7 42 0 0 0 86 37 71 89 0 0 0 0 0 0 0 0 0 0 62 0 0 0 32 0 0 0 0 0 0 87 0 0 0 0 0 60 0 10 0
0 0 0 0 0 43 16 64 99 0 0 0 4 0 0 0 0 0 37 57 0 14 0 0 0 64 62 0 0 52 0 0 0 0 0 0 92 0 89 7 83 0 83 75 13 67 0 0 45 59
0 0 0 0 89 18 0 95 0 91 35 0 69 0 30 0 18 0 0 0 0 0 0 0 0 0 0 14 0 0 85 0 0 0 0 0 0 91 0 0 0 55 0 56 0 0 0 0 0 0
0 13 0 22 0 0 73 0 79 89 0 0 0 0 0 0 5 0 0 26 0 22 0 95 0 0 0 73 15 40 0 0 0 0 37 38 0 0 0 32 87 0 0 0 0 0 0 0 0 2
0 40 4 36 19 0 34 0 12 0 0 0 69 0 15 44 16 0 0 0 0 88 0 0 0 22 0 70 0 0 0 0 0 0 0 0 93 0 0 0 0 79 0 0 0 78 0 0 0 0
0 0 56 22 0 48 0 20 71 0 0 0 0 86 19 0 14 0 0 0 0 0 80 0 0 0 75 65 0 0 18 51 0 0 0 0 0 0 72 0 0 0 0 0 0 0 0 0 0 65
0 0 43 0 4 70 0 84 0 54 0 26 37 0 6 69 0 0 0 0 79 4 0 60 0 0 0 0 0 67 0 5 0 0 0 0 0 22 0 0 0 0 90 34 0 24 0 0 0 0
96 0 0 0 46 0 0 0 0 0 59 73 0 0 0 0 0 0 20 0 88 66 0 0 0 0 0 0 0 0 44 0 47 35 0 0 7 0 64 70 0 0 0 0 87 0 0 42 0 0
98 18 99 64 0 0 0 0 73 0 0 0 72 0 97 0 0 0 21 0 0 0 48 20 0 0 0 0 0 0 0 8 0 30 0 0 0 0 0 0 0 38 0 0 0 0 44 0 0 51
0 0 0 21 79 0 0 59 0 53 0 0 37 6 0 0 0 72 0 0 0 0 23 0 0 0 0 0 0 60 0 0 36 0 0 0 62 49 0 47 27 0 64 0 0 3 0 0 0 0
70 0 0 0 0 28 0 0 0 0 63 0 22 27 0 95 0 0 9 0 91 42 0 82 68 0 68 0 88 77 0 17 69 0 0 47 4 0 0 0 0 0 29 0 0 60 0 0 0 0
0 0 0 0 0 23 0 32 0 0 69 75 0 30 0 16 0 21 33 0 0 47 0 0 89 0 0 0 0 0 18 87 0 43 0 21 0 0 18 0 0 17 90 0 51 0 0 26 44 69
