0 14 0 0 0 60 0 0 0 0 0 0 0 95 0 0 0 47 0 84 95 0 0 74 0 0 0 29 73 0
0 92 0 0 0 20 0 0 0 0 0 26 16 99 67 26 0 0 0 0 0 0 0 78 0 0 0 0 0 13
0 0 0 11 0 0 0 0 50 0 0 0 0 0 0 0 0 0 0 0 0 24 0 87 0 0 0 0 0 0
85 0 55 0 0 0 0 0 0 45 90 0 0 0 0 0 0 41 0 98 0 0 0 0 94 0 0 0 98 52
0 2 0 0 0 0 29 0 67 0 0 90 98 0 54 0 0 0 0 0 0 0 61 0 39 0 0 0 0 0
0 59 0 0 0 0 0 37 0 83 0 0 47 0 0 0 36 17 0 0 54 0 0 92 0 0 0 0 0 0
0 0 0 0 0 0 0 52 0 44 0 20 0 0 0 0 43 0 92 0 33 0 0 0 0 0 0 0 0 0
0 0 0 0 0 0 0 0 0 87 0 0 0 0 50 23 68 0 13 0 0 0 0 9 32 0 0 0 21 53
0 33 0 0 0 70 0 0 49 56 0 0 0 0 0 40 0 0 0 0 6 0 80 0 0 0 0 0 0 0
0 0 0 80 0 0 0 0 0 0 20 0 0 0 0 0 22 0 0 0 0 0 0 13 0 0 0 0 0 37
