0 0 0 60 0 0 0 0 0 93 0 61 54 62 0 0 99 0 0 86
0 2 0 0 0 60 32 0 12 71 0 0 0 0 0 0 0 0 0 0
0 0 0 0 77 44 39 0 58 87 0 0 2 0 98 0 0 0 0 0
36 0 0 78 0 92 0 20 9 8 0 0 99 0 18 6 0 0 39 82
99 0 0 45 0 40 0 0 0 28 0 0 0 0 45 0 0 0 52 0
64 0 0 56 0 0 0 64 0 0 0 41 17 0 95 0 77 0 0 85
38 0 0 67 61 35 0 0 0 50 0 0 87 0 0 0 21 0 0 0
84 0 83 0 29 98 74 29 0 0 0 0 0 60 14 0 60 0 0 0
90 0 0 0 0 0 5 0 0 21 30 14 0 39 19 0 49 0 95 6
0 0 0 28 0 0 0 0 0 0 0 51 0 16 0 0 0 0 0 10
36 0 80 0 92 19 0 62 0 41 0 0 0 22 39 0 0 0 0 0
0 89 0 0 0 0 74 23 7 0 0 15 0 0 0 77 0 27 98 0
0 0 0 63 11 0 0 0 0 71 0 0 0 0 0 0 52 0 0 0
0 0 83 0 0 0 0 0 0 0 98 17 0 73 0 0 0 0 0 0
0 0 85 0 0 30 50 0 0 0 79 0 40 0 5 0 0 0 0 0
0 0 82 0 0 0 58 0 0 44 21 0 0 0 22 52 54 58 0 0
0 47 35 33 0 30 8 71 0 0 0 36 0 35 0 0 0 0 0 0
0 14 68 82 0 22 0 46 95 0 0 91 74 55 0 0 59 0 0 86
47 52 48 0 0 0 27 0 0 0 0 0 0 3 59 0 0 0 32 0
0 52 0 97 0 80 81 68 66 32 36 0 0 80 0 0 0 0 41 0
13 0 0 86 79 0 0 0 0 38 0 72 7 0 0 0 0 0 19 0
17 0 0 48 0 0 21 0 0 0 0 0 73 0 12 9 35 0 0 63
0 0 0 0 0 0 45 0 0 0 0 0 0 0 0 0 0 0 0 0
0 29 0 26 0 0 0 0 8 0 50 65 0 0 0 0 0 0 68 0
0 0 0 0 38 0 0 0 0 25 2 0 17 0 88 0 0 0 27 93
0 34 0 0 0 0 90 43 0 0 0 8 0 0 0 0 0 0 0 26
0 0 0 0 0 0 48 0 0 0 0 0 0 0 0 63 0 0 95 0
33 70 84 0 0 0 0 0 0 0 2 0 0 0 99 0 71 0 0 0
13 0 60 0 0 0 94 0 0 0 0 0 28 40 29 0 0 0 0 0
0 0 93 97 0 0 93 0 69 69 0 0 0 0 71 0 65 60 0 0
6 0 0 46 0 0 0 52 0 0 0 0 0 0 0 0 94 0 0 0
0 77 0 0 0 0 48 0 0 0 0 0 0 0 7 0 0 95 0 0
51 0 0 0 0 0 0 0 50 0 0 66 0 0 0 90 30 0 0 0
0 0 30 79 0 13 33 0 0 0 69 0 63 0 0 14 0 0 0 0
95 13 35 17 47 0 0 0 0 0 0 0 33 20 33 0 67 96 53 30
0 0 47 0 0 25 0 0 0 9 0 88 0 0 0 0 0 0 0 30
45 0 0 0 72 0 0 0 0 0 0 0 69 0 0 0 0 81 0 48
45 0 0 0 0 0 75 78 0 0 95 45 32 0 0 0 93 0 0 0
78 0 0 0 0 0 0 0 0 0 64 0 0 0 0 0 99 0 82 65
0 51 0 0 0 0 0 48 0 0 2 87 0 0 0 0 16 0 12 0
