0 0 0 18 36 0 53 0 81 0 0 0 0 0 0 0 0 0 0 0
0 0 0 0 0 0 0 0 0 65 68 11 0 0 0 0 0 0 0 0
0 0 0 43 0 0 70 0 0 0 0 0 31 0 0 0 0 0 0 0
0 0 0 37 0 0 0 0 0 0 0 0 0 0 0 0 0 0 0 15
0 80 0 0 0 0 0 0 0 0 13 38 0 0 53 0 0 0 0 0
0 0 0 0 0 61 88 0 0 82 0 0 0 0 0 0 0 0 0 0
0 90 0 0 0 0 0 0 0 0 0 0 60 52 0 6 8 0 0 0
6 0 0 0 0 72 0 0 0 0 0 53 0 28 96 0 0 0 0 0
0 0 0 0 0 62 16 0 0 0 0 0 0 0 0 0 73 0 0 0
59 0 0 0 0 1 0 0 0 0 0 0 0 0 0 0 0 0 0 0
0 0 0 0 68 29 0 0 0 0 0 74 87 82 28 0 0 93 0 0
0 0 94 0 0 0 0 12 0 29 0 0 28 0 15 0 0 0 0 97
5 0 0 0 0 0 0 0 0 0 33 0 71 0 0 0 0 0 0 0
0 0 0 0 0 70 0 0 95 0 0 47 21 22 0 55 78 0 0 0
78 0 0 0 0 60 0 0 0 0 0 56 41 0 34 48 0 0 0 0
0 26 0 0 10 0 0 9 0 0 0 0 0 0 0 0 84 0 0 87
0 0 58 0 0 31 0 0 0 0 0 0 0 90 0 0 0 0 0 0
0 0 0 75 0 92 0 0 0 0 0 0 53 0 0 0 0 36 0 0
0 0 0 0 42 0 69 0 0 34 0 0 25 0 0 0 78 0 0 0
0 74 0 0 0 0 0 73 0 94 65 0 0 0 0 90 0 0 0 4
0 0 0 0 0 0 0 0 0 0 0 0 0 0 0 0 0 0 0 0
0 0 0 0 66 0 99 0 98 0 70 0 0 0 0 3 0 48 49 0
0 0 0 0 0 0 0 0 0 0 77 0 0 0 0 7 0 0 0 0
37 68 0 0 0 0 34 0 0 0 0 13 0 0 0 43 0 0 0 0
70 0 39 0 0 0 73 0 0 0 0 65 91 0 0 23 0 0 5 0
0 55 0 0 0 0 0 0 0 0 82 0 0 0 0 0 0 0 0 0
0 0 0 0 0 0 0 0 0 0 0 0 0 0 0 0 0 0 0 80
0 0 0 0 0 72 0 0 0 0 0 0 0 0 0 0 0 0 0 0
0 0 97 0 0 0 0 0 0 0 0 25 0 3 3 0 24 47 0 0
0 0 0 0 0 0 0 0 92 0 0 0 0 0 0 0 0 0 34 0
