0 0 0 45 0 0 52 53 0 18 0 0 0 0 50 0 0 0 0 0 0 0 32 29 0 0 54 0 0 0
0 0 0 0 0 0 44 0 0 0 0 0 0 0 70 0 0 64 41 0 0 30 0 0 0 0 0 0 5 0
0 0 0 0 0 0 55 93 98 0 0 0 0 0 0 0 0 77 28 0 0 0 0 66 44 0 50 0 0 0
58 0 0 23 34 0 0 86 0 0 0 79 0 0 0 0 0 0 78 0 0 0 0 31 0 0 87 0 0 46
0 0 67 0 0 0 0 0 0 0 0 0 0 71 0 0 2 0 0 0 0 10 59 0 0 0 0 8 0 0
0 0 0 0 26 0 0 0 96 0 0 0 0 74 18 64 0 0 65 63 19 79 67 0 0 0 0 0 53 0
0 90 0 0 0 84 0 0 26 0 0 36 0 0 0 73 0 0 0 0 0 0 0 0 0 0 0 53 0 60
99 0 84 54 0 56 0 34 0 82 0 0 0 0 0 0 62 15 0 0 23 0 0 0 22 0 0 0 0 0
0 36 0 0 0 0 46 0 52 31 0 92 0 0 0 0 0 0 0 0 0 0 0 0 0 0 0 0 5 15
0 0 76 0 0 0 0 92 0 0 0 0 0 0 0 74 79 0 0 90 21 0 43 33 0 28 0 0 0 19
0 50 0 0 0 0 0 0 0 0 0 0 0 17 0 0 89 79 0 0 0 0 0 0 0 0 0 0 0 0
0 0 0 0 0 0 0 0 0 0 4 27 0 0 0 0 0 45 0 0 0 84 0 0 0 0 0 0 0 0
0 35 0 0 0 0 0 0 0 0 0 29 0 75 0 66 0 0 0 0 9 8 0 91 0 0 77 0 0 0
0 0 0 0 44 0 0 49 4 10 0 0 0 73 0 13 0 0 0 0 0 88 89 21 0 64 0 0 0 62
0 0 0 0 0 99 0 0 0 0 0 9 0 0 0 0 0 14 0 46 0 3 58 0 0 0 0 0 0 0
0 0 0 35 0 0 0 83 10 7 90 0 0 0 0 0 0 7 0 0 48 40 0 0 0 0 16 0 0 81
0 0 0 0 0 0 0 0 0 0 0 0 0 0 0 0 0 25 0 0 18 0 0 0 89 0 0 0 0 0
0 0 0 0 0 43 0 70 0 0 0 98 87 0 0 0 19 0 0 0 0 0 47 98 0 0 0 50 57 0
0 0 0 0 0 88 0 0 0 0 0 0 1 0 0 0 0 0 40 0 98 0 49 74 0 79 0 0 0 0
0 0 0 0 0 0 0 0 0 0 0 33 0 2 0 0 0 0 0 78 0 0 95 53 0 0 11 0 0 0
