0 74 67 44 11 2 75 0 72 54 0 0 0 0 0 0 0 72 76 74 88 8 0 0 0 0 0 0 0 0 0 0 0 2 0 0 0 36 89 0 80 0 0 0 67 0 0 77 0 0
84 0 80 0 0 0 0 0 0 36 0 7 0 19 18 0 24 0 0 0 0 0 89 0 0 0 0 58 0 89 0 0 59 0 0 0 0 0 0 14 0 0 0 0 0 0 0 0 45 0
4 0 43 0 16 0 17 0 0 0 0 0 0 96 0 0 42 0 0 79 0 0 11 99 45 54 0 0 9 0 0 0 0 0 0 0 20 32 0 13 0 0 87 0 0 0 0 91 0 0
0 0 0 0 0 0 0 0 0 0 0 0 0 0 28 80 0 0 0 0 64 0 12 39 0 0 0 31 0 0 0 0 0 0 0 0 0 0 45 1 94 0 25 0 0 0 0 0 0 4
0 0 0 0 0 0 0 99 7 93 0 0 0 0 64 31 0 0 0 27 52 97 0 99 8 2 0 43 75 58 0 38 95 0 54 0 0 0 83 0 0 0 0 43 0 0 40 0 79 31
0 0 0 92 0 87 0 0 96 99 0 86 0 0 97 94 0 45 0 0 0 60 0 0 0 98 27 0 24 0 0 0 0 0 9 0 0 90 17 0 11 0 0 88 0 11 65 71 0 0
0 0 0 0 0 0 0 81 53 0 0 0 1 42 76 68 0 0 0 77 0 0 77 0 0 0 0 17 0 99 0 0 0 0 40 92 57 0 0 0 0 0 1 0 44 52 54 0 55 4
0 0 76 71 0 0 0 8 0 55 0 0 0 0 0 79 0 58 0 42 58 0 0 79 72 0 0 39 0 82 74 11 0 0 0 0 53 0 0 18 3 0 16 20 0 0 0 55 0 28
0 0 0 29 0 0 0 0 0 0 0 0 38 0 0 0 0 0 0 0 63 98 98 28 0 0 0 0 25 0 0 0 2 0 0 0 0 0 0 0 0 0 0 0 0 0 0 0 49 78
0 0 0 0 0 0 2 17 0 0 0 0 0 0 0 0 36 14 22 73 0 16 85 23 0 0 0 0 0 0 1 0 78 8 0 0 0 0 18 19 0 41 0 0 85 0 0 0 0 0
0 0 44 60 0 0 0 0 7 0 64 20 0 0 0 0 79 0 0 0 42 0 0 87 0 0 0 70 0 0 94 0 4 0 0 58 45 31 34 21 96 0 78 0 0 0 0 0 93 0
61 0 0 0 29 0 0 83 93 0 14 0 0 0 0 0 0 0 0 0 0 9 0 8 0 0 0 0 0 0 28 25 0 0 0 52 0 0 0 60 0 0 0 97 0 74 0 13 13 0
29 0 0 0 0 0 0 51 27 0 0 33 80 72 0 0 0 0 0 0 42 0 0 28 0 0 0 0 0 0 0 0 0 87 36 0 0 1 92 18 1 0 0 72 0 0 0 0 0 55
0 0 0 50 0 0 0 91 0 4 0 0 34 0 89 79 0 34 0 0 0 0 0 0 0 0 0 0 57 81 0 0 69 0 0 90 0 0 0 0 95 0 41 0 0 0 39 48 0 0
45 0 85 70 91 0 0 0 0 0 0 0 0 0 0 0 0 0 73 38 0 0 0 0 39 59 0 88 0 0 0 30 0 0 0 0 0 0 0 14 0 0 0 0 0 0 0 0 66 0
38 0 0 0 31 92 0 47 99 0 0 0 0 1 53 96 0 0 92 0 0 0 0 0 0 10 0 24 3 0 0 0 0 0 0 0 59 38 0 0 0 69 0 0 0 89 0 0 0 77
0 0 10 0 0 0 69 0 38 45 0 0 0 0 0 0 49 5 0 26 0 0 56 0 0 1 0 0 0 0 28 44 6 80 0 0 0 96 0 0 52 0 33 0 23 0 0 0 15 0
0 71 84 0 0 0 0 0 0 0 45 0 29 20 11 0 0 19 0 51 61 0 0 0 89 18 0 69 0 0 28 49 0 61 0 0 0 0 0 0 0 0 0 0 9 0 2 0 24 78
0 53 0 0 15 0 61 0 0 91 0 0 0 0 0 0 0 73 0 95 0 0 0 0 0 0 17 38 0 81 64 0 0 0 0 0 73 0 0 0 0 65 0 0 0 0 0 73 88 0
0 0 0 34 2 69 0 66 0 0 0 0 0 0 77 0 0 0 1 0 0 53 22 43 0 18 0 3 18 0 87 98 0 0 0 53 0 0 45 0 33 0 0 0 0 0 0 0 0 78
