99 2 0 0 25 0 0 0 0 46 0 0 24 0 0 0 0 0 0 0 60 0 0 0 0 0 0 0 0 26 0 0 52 0 0 0 0 0 0 0
0 0 96 0 37 0 0 0 89 0 0 0 54 0 0 0 0 0 0 0 0 0 0 0 31 0 0 0 30 90 0 0 0 78 43 70 86 79 0 0
0 0 82 0 24 0 0 0 28 0 21 0 0 0 0 0 0 0 0 0 0 0 0 0 58 24 0 0 0 0 77 77 74 0 0 98 0 0 0 91
0 0 85 0 72 0 0 43 72 0 94 75 0 0 5 0 13 16 0 49 0 0 0 0 0 39 81 67 96 76 0 0 51 0 0 0 0 91 0 0
65 0 76 0 49 0 0 75 0 64 28 0 88 0 0 0 93 47 0 0 75 0 0 0 0 0 0 0 0 25 0 91 0 0 69 30 0 0 82 0
0 0 5 0 0 0 0 20 0 0 26 0 35 43 0 0 47 0 50 0 18 0 96 0 0 0 0 0 90 0 0 0 45 0 0 0 0 71 0 0
0 55 74 0 0 0 0 0 0 8 19 0 0 0 0 0 0 0 1 68 0 0 4 0 0 0 0 0 0 0 66 0 0 0 0 0 0 0 11 53
0 0 99 0 4 33 43 0 94 0 8 0 7 78 0 59 46 0 0 0 0 0 71 88 0 0 40 0 0 0 0 0 0 93 0 0 0 0 0 54
84 66 0 0 0 38 0 0 0 0 0 0 0 0 10 26 9 0 90 0 0 0 0 79 0 39 0 0 0 0 98 49 47 8 0 0 47 0 0 0
0 0 0 0 97 0 0 0 0 21 0 35 0 0 21 0 0 33 0 0 0 30 14 0 3 23 13 49 0 85 0 0 0 86 0 0 5 0 0 0
0 0 52 0 0 0 0 41 0 97 72 0 27 48 0 0 0 0 0 46 4 0 0 90 0 0 96 0 0 46 0 0 61 78 0 0 0 0 0 0
36 0 0 0 25 0 49 0 0 0 18 0 0 0 85 0 0 0 0 0 24 0 89 46 0 0 0 96 0 0 71 0 8 0 9 68 0 0 0 64
0 0 0 46 0 0 0 0 0 0 0 0 0 0 0 0 0 50 0 0 0 0 1 0 0 5 11 0 67 10 0 0 77 0 0 0 0 0 10 0
0 63 7 0 0 96 74 0 0 0 93 0 37 0 31 4 0 0 0 0 0 0 0 0 18 0 0 0 50 0 0 0 0 0 73 91 75 0 0 0
51 0 0 0 56 0 0 0 0 0 0 0 0 30 0 96 0 0 4 0 0 88 57 81 0 3 8 34 55 0 0 0 5 0 0 18 48 32 53 0
0 0 0 54 0 9 0 0 0 0 25 4 77 0 0 85 0 0 0 26 0 30 5 0 56 0 0 29 34 0 0 0 63 6 53 36 29 0 0 0
6 0 4 0 50 0 0 34 0 0 30 0 0 65 0 0 0 0 0 0 0 5 0 0 37 0 94 25 0 0 0 77 0 35 0 0 0 0 0 91
0 0 88 0 0 0 0 0 0 0 58 0 0 0 72 55 91 0 0 0 24 0 0 0 0 0 0 0 0 0 0 0 0 75 42 0 16 0 0 5
20 0 0 0 0 0 70 0 90 0 13 0 0 95 23 7 28 0 0 0 0 0 43 0 0 95 0 0 74 0 43 44 0 0 0 23 38 86 0 0
72 6 31 0 81 0 0 0 58 58 39 0 0 0 0 0 0 0 0 0 47 0 0 0 25 24 16 0 3 0 54 0 0 0 0 0 0 57 0 95
