0 0 0 0 0 0 0 0 0 97 0 0 0 0 0 0 80 51 0 0 0 0 0 0 7 0 0 0 0 0
57 0 0 0 77 0 0 0 0 0 9 0 0 0 90 0 0 0 0 0 49 0 32 0 0 0 0 0 0 0
0 0 0 0 20 0 0 8 0 0 0 0 0 0 0 93 0 0 0 6 25 0 0 42 0 31 0 0 0 0
0 0 0 71 0 0 0 0 0 0 0 35 0 0 0 0 0 0 81 0 0 2 0 0 0 0 0 0 0 0
0 0 0 1 0 0 0 0 0 0 0 0 0 34 0 87 45 40 0 46 96 0 0 0 0 0 0 0 0 0
0 0 2 0 0 0 0 98 92 0 0 0 0 0 0 0 0 90 79 0 0 0 60 0 21 0 0 0 0 13
0 0 0 46 0 0 0 27 0 0 0 0 81 10 0 0 0 0 0 77 0 0 7 0 0 0 0 0 50 0
0 0 0 31 0 0 0 0 0 98 79 0 0 0 0 0 0 0 73 0 0 7 0 0 0 0 0 0 0 0
0 0 0 0 0 0 0 91 0 0 77 0 0 0 0 0 0 0 70 0 0 0 4 0 0 0 0 58 77 0
0 0 0 0 0 0 0 0 0 0 26 0 31 0 81 0 26 0 0 0 0 0 0 0 95 0 13 0 0 0
