0 0 80 0 0 0 0 0 0 9
0 11 0 0 0 0 0 0 61 0
0 7 0 0 0 0 0 0 93 0
55 0 0 0 0 13 0 0 0 61
0 0 0 0 0 0 64 91 20 42
0 1 0 0 0 0 0 18 0 0
94 0 0 0 20 0 0 0 0 89
0 0 54 0 0 76 0 0 0 0
0 0 0 79 38 0 82 0 12 0
0 0 56 0 0 0 0 0 0 0
0 0 0 52 76 0 0 0 64 0
0 0 37 0 63 0 7 0 0 0
53 0 91 0 0 12 0 0 0 0
0 0 0 0 19 0 0 0 0 0
0 0 0 0 87 0 59 0 0 66
0 0 0 0 0 0 0 37 0 55
0 0 39 0 0 0 0 0 0 0
97 0 0 0 0 54 91 0 0 99
0 0 0 32 0 0 0 3 0 0
0 0 0 0 0 0 85 0 33 0
0 11 0 50 74 0 0 0 0 0
0 0 0 5 0 0 0 79 0 0
0 83 0 0 11 0 88 0 0 52
0 0 0 34 0 0 0 0 0 0
80 0 50 0 0 0 0 0 0 0
0 33 0 0 69 49 0 32 0 0
0 0 0 0 0 0 66 0 89 0
0 97 0 42 0 0 31 0 96 0
0 0 0 0 0 0 0 48 0 0
0 0 0 0 0 0 0 0 0 0
7 0 0 65 0 0 0 0 96 0
0 0 0 86 0 0 0 69 69 0
0 0 0 0 0 44 0 0 0 0
0 0 0 3 0 0 87 26 52 0
0 0 0 0 0 90 99 36 0 0
0 51 0 23 46 43 56 0 0 0
0 96 0 82 0 0 0 0 0 0
66 0 0 0 35 0 0 0 30 0
33 0 0 0 0 0 0 0 0 0
0 0 83 0 61 44 0 0 0 0
