64 95 14 89 0 24 98 0 0 11 0 0 0 0 41 0 0 0 9 0 0 43 0 0 0 0 19 75 0 25
0 0 30 0 53 49 0 2 0 0 0 92 1 0 18 0 77 55 94 0 0 0 0 0 0 0 0 0 0 0
0 0 98 0 0 0 0 0 0 25 0 0 0 49 0 0 0 0 11 0 0 0 67 0 0 0 0 0 0 0
0 0 0 0 0 0 97 0 0 0 97 0 52 0 0 0 0 0 0 90 95 93 3 67 0 26 21 0 0 54
0 0 9 56 85 0 59 82 0 0 0 0 29 0 74 0 0 0 0 0 77 0 90 0 48 0 0 18 71 0
0 0 0 56 0 0 54 30 0 0 0 7 0 0 0 0 2 95 75 38 0 0 99 98 27 49 0 0 0 0
0 0 0 0 0 20 6 0 72 84 0 0 0 93 0 0 0 0 0 0 0 76 27 15 54 0 0 32 0 0
0 0 0 0 69 88 0 0 0 0 0 42 0 0 0 5 0 0 0 0 55 0 93 0 0 0 80 0 31 0
77 0 0 0 0 0 0 0 0 0 86 63 0 0 0 0 86 0 0 0 30 0 0 0 0 0 0 0 0 80
0 0 0 0 0 0 0 0 0 2 0 50 0 0 9 93 0 54 0 0 0 10 71 0 0 0 0 66 83 78
0 48 34 0 0 0 0 40 0 0 0 0 79 0 0 0 0 0 52 10 97 0 0 0 0 0 73 70 83 0
0 0 0 0 60 0 0 0 0 15 0 36 0 0 0 0 83 91 23 72 0 0 0 0 0 0 77 0 0 90
55 0 0 0 33 17 0 0 93 83 0 0 0 0 0 0 0 0 0 0 0 0 0 76 0 0 3 42 0 0
36 0 0 33 91 90 0 0 43 0 23 76 86 0 0 0 0 0 93 0 0 0 35 0 0 96 0 0 70 0
80 0 67 25 0 0 0 0 0 0 0 0 0 65 0 0 0 0 89 0 32 7 0 0 3 0 8 72 0 0
4 64 0 0 0 0 0 80 0 28 0 51 0 46 0 0 0 92 0 0 0 0 0 0 83 6 14 38 68 0
0 90 0 0 0 0 0 0 86 0 0 0 0 5 0 0 0 4 0 0 84 0 0 0 0 84 0 83 0 0
0 0 0 0 0 0 0 32 0 86 0 78 3 0 0 36 93 98 0 0 0 0 0 0 97 0 0 0 73 60
37 0 43 0 0 0 0 0 0 0 0 0 45 0 67 96 9 0 0 0 56 0 0 0 0 0 0 16 0 0
32 0 24 0 0 0 0 0 0 23 0 0 0 0 60 0 11 0 0 0 52 0 0 53 0 0 0 0 19 85
0 0 0 0 11 0 0 0 0 0 53 0 2 0 68 14 77 0 0 0 0 0 0 0 27 36 0 10 33 0
0 0 0 70 0 0 0 11 0 0 34 0 33 23 0 0 0 0 0 0 0 0 0 1 0 82 43 0 0 0
0 91 0 0 84 60 82 62 0 27 56 0 80 4 0 0 70 0 0 54 0 60 0 0 88 51 0 0 0 0
42 0 96 0 88 92 43 0 49 0 0 85 68 19 0 79 67 0 56 33 93 0 0 80 0 0 0 0 14 0
0 49 0 0 8 0 53 82 0 0 0 0 16 17 89 22 0 0 0 59 88 0 0 0 41 17 0 52 71 0
0 60 0 0 70 0 0 0 0 0 10 0 0 0 0 72 0 0 5 47 86 9 61 0 0 0 0 0 0 0
0 0 0 55 15 0 0 0 31 0 0 0 0 0 0 38 0 12 0 0 0 39 25 0 82 0 1 0 0 0
0 86 0 0 50 0 0 89 0 0 0 1 0 0 0 0 0 0 0 0 0 0 0 0 0 0 0 0 0 0
0 0 37 0 37 41 0 0 52 0 0 74 0 23 0 38 0 41 0 0 21 0 0 0 31 0 0 0 61 0
0 0 0 15 11 67 0 0 33 0 0 0 35 0 0 1 0 6 0 96 0 69 0 16 0 0 0 69 0 0
0 0 0 0 0 0 0 0 94 7 78 0 0 0 60 61 54 0 0 85 0 0 0 0 0 0 0 0 0 15
37 0 51 28 0 0 0 78 50 0 0 0 0 0 0 0 77 18 0 0 39 0 0 26 0 0 0 67 0 0
86 0 0 0 0 0 12 37 0 8 0 0 0 0 87 0 5 0 0 0 0 0 0 43 63 0 13 0 0 0
0 0 0 0 0 66 48 14 0 31 0 0 67 0 0 35 0 0 0 0 0 0 0 0 0 0 0 82 0 0
72 0 0 0 91 0 0 0 0 0 0 0 0 0 50 99 0 0 54 0 24 0 45 0 0 0 40 0 7 78
51 0 25 0 0 0 36 91 0 0 0 4 0 0 0 0 0 0 97 0 88 0 0 0 0 29 0 0 67 78
0 11 0 0 0 0 24 0 0 0 0 0 0 0 0 0 0 0 0 0 48 0 10 0 0 0 36 0 0 0
0 0 0 0 68 0 20 0 96 0 0 0 0 0 0 0 0 42 38 24 0 0 0 23 59 0 0 0 3 0
0 0 3 0 0 45 3 16 0 93 46 53 47 30 0 31 63 54 0 0 67 0 0 0 29 0 0 0 0 0
0 0 89 30 0 0 0 54 49 0 73 0 17 0 62 12 0 0 0 0 0 25 14 54 0 20 24 5 33 0
