15 0 38 0 0 34 0 0 0 0 0 41 0 0 0 80 0 0 0 0 0 18 0 0 0 0 0 0 0 0
0 29 0 29 0 41 0 57 77 92 0 0 0 0 0 0 0 0 38 0 0 0 20 0 0 0 0 0 0 75
0 75 0 0 45 0 41 0 30 0 0 70 0 0 0 0 75 0 0 0 64 59 0 0 6 0 0 0 0 0
0 92 0 0 0 0 91 46 0 55 0 76 0 0 0 0 86 17 3 0 87 0 68 49 0 0 0 0 0 0
0 0 7 76 0 21 96 0 0 0 0 40 0 0 0 0 0 0 0 0 0 0 82 0 0 0 0 0 0 28
38 0 22 0 87 0 0 0 26 0 0 0 0 0 0 0 0 0 0 31 0 0 44 0 0 0 0 0 98 0
0 0 4 49 0 44 0 0 0 0 10 0 0 0 52 0 0 0 0 0 0 27 86 41 0 0 0 38 0 74
33 0 51 0 0 22 59 0 0 87 0 0 20 0 0 0 0 0 0 17 0 0 72 0 0 0 0 46 28 0
0 0 0 65 0 0 61 0 88 55 68 69 34 0 0 0 0 0 23 0 0 11 0 0 72 62 0 41 50 36
0 0 0 0 17 0 61 0 32 95 93 0 0 0 0 15 0 57 86 0 66 0 0 0 0 96 80 0 75 7
0 1 0 82 0 58 0 86 12 45 3 14 0 0 0 0 60 0 0 0 0 46 0 87 0 0 0 0 0 0
6 0 92 0 0 0 0 0 36 20 45 0 0 0 0 51 0 0 60 0 0 94 0 42 52 0 48 37 67 91
0 0 0 0 1 81 0 29 0 70 89 76 64 49 0 0 0 0 0 26 0 0 53 0 0 0 9 0 81 0
94 64 0 0 0 52 96 0 0 0 0 17 0 0 0 0 1 0 0 0 53 0 42 0 0 38 0 0 0 67
0 0 0 77 0 0 0 0 0 0 0 0 0 0 0 0 11 73 0 31 0 17 0 0 31 27 37 0 0 0
64 0 80 0 13 44 43 72 44 2 0 57 78 0 54 0 0 0 0 0 0 64 0 0 95 58 0 0 0 0
0 0 19 9 92 0 0 0 0 0 0 0 19 0 0 0 0 14 0 0 0 0 0 0 0 98 0 59 0 32
4 0 17 85 0 0 0 24 0 34 83 0 0 0 0 0 0 0 0 0 0 0 0 0 0 0 75 0 0 65
87 2 0 0 0 0 85 0 0 48 52 0 0 18 13 36 0 0 0 0 0 0 0 0 25 0 8 80 0 0
89 0 0 0 0 43 0 0 0 0 0 18 35 75 0 86 0 8 0 0 49 0 0 0 0 0 0 0 0 0
