0 0 38 9 0 79 0 0 89 7 0 0 0 0 77 57 0 0 46 0 0 0 0 0 46 70 66 0 0 83 0 0 0 0 0 0 81 71 44 27 94 0 0 0 16 0 0 41 0 74
95 0 0 0 0 0 30 0 18 0 0 0 0 0 18 0 0 91 0 0 0 55 0 0 0 0 0 0 0 54 4 0 0 0 0 0 74 0 0 85 0 0 0 0 0 0 24 14 2 0
65 0 0 0 0 0 19 0 0 0 88 0 0 23 35 0 0 28 0 78 8 0 0 0 0 0 0 0 0 0 45 0 0 46 0 74 0 0 25 42 55 0 0 0 0 0 0 0 0 0
27 37 66 0 69 11 86 51 0 48 0 0 0 28 0 0 0 0 0 51 0 77 32 0 0 82 0 6 0 95 0 0 0 59 15 0 38 0 17 0 0 84 0 0 0 0 0 85 58 0
47 0 0 0 79 69 91 0 0 0 0 0 51 1 0 0 8 0 0 85 0 0 0 0 0 0 0 0 79 0 43 35 0 0 38 72 0 0 0 0 0 0 0 0 0 0 0 0 0 0
0 19 0 0 52 0 0 0 50 0 0 0 0 20 0 0 87 0 0 99 0 0 0 0 12 0 0 94 0 0 0 86 0 0 0 0 32 0 0 0 28 0 55 0 0 0 0 0 39 0
0 0 66 61 0 21 19 0 0 0 59 0 0 0 51 54 0 0 88 2 0 0 0 0 0 33 0 0 0 91 92 78 78 71 0 0 32 0 27 59 56 0 90 0 0 39 0 0 0 0
0 0 0 96 0 0 40 91 0 28 0 0 0 40 0 82 0 0 0 0 0 80 0 0 0 0 92 35 20 0 29 44 17 0 84 26 52 0 11 51 40 0 0 0 67 0 37 56 0 0
0 0 0 0 2 0 29 0 0 0 66 17 0 0 93 0 0 0 0 0 0 52 73 0 0 0 0 0 88 0 37 23 83 0 0 57 0 55 0 0 75 24 0 0 87 0 11 0 49 0
0 0 0 0 0 0 0 0 0 0 0 0 0 1 13 0 0 0 0 0 0 0 0 66 0 87 0 0 0 0 5 0 0 0 1 0 0 0 92 12 0 82 0 0 61 91 0 0 25 0
0 69 0 0 0 0 0 26 97 0 0 0 57 66 65 0 0 56 0 97 0 0 0 0 0 32 0 35 0 59 36 0 0 4 26 0 0 0 99 46 0 0 72 0 0 0 0 0 0 27
0 0 0 0 0 80 0 0 47 69 0 0 35 0 0 0 0 0 0 0 73 0 0 0 0 0 0 0 6 0 0 41 90 0 96 0 38 70 5 0 33 0 0 0 0 0 0 0 0 0
0 46 33 0 0 0 14 0 35 74 0 0 0 23 0 0 0 0 0 46 59 0 0 76 0 44 0 35 3 0 12 0 50 0 85 0 0 0 0 45 10 0 90 0 0 56 0 89 0 0
82 56 2 0 0 0 0 31 0 0 0 0 0 0 67 80 0 0 0 0 0 0 0 0 0 92 98 0 0 0 0 0 0 0 0 89 0 0 0 33 0 0 0 0 10 0 0 0 0 0
0 35 0 8 44 0 0 54 0 23 0 0 22 0 77 5 58 89 6 0 0 0 0 70 34 0 0 0 0 0 0 63 0 0 0 0 24 69 0 0 36 0 0 42 0 0 0 0 78 0
0 0 0 0 75 0 0 0 0 0 21 87 26 76 0 27 0 80 0 3 0 0 61 0 65 81 0 15 0 28 0 0 11 0 0 0 73 0 0 0 76 79 0 0 0 0 0 0 0 73
15 0 68 0 57 0 38 0 0 0 67 85 0 0 0 45 46 0 0 0 0 43 0 0 52 33 0 78 0 94 35 0 59 0 22 0 0 0 0 82 0 23 0 36 0 0 0 0 0 41
6 25 0 0 0 15 0 5 0 0 0 4 69 0 0 0 34 0 0 0 0 0 59 0 78 1 0 34 62 0 0 0 0 54 0 49 34 0 0 0 74 58 0 0 0 45 0 11 24 0
0 0 0 0 33 51 31 94 0 0 0 0 0 0 0 0 0 38 0 30 41 0 0 0 0 26 55 53 0 0 28 0 0 28 18 0 0 90 0 0 36 0 23 0 0 0 0 76 0 0
0 0 0 0 85 0 0 0 0 0 97 64 0 0 24 46 29 0 0 0 0 16 43 0 0 64 2 0 0 0 0 92 0 0 0 0 0 0 92 5 85 0 0 4 0 79 83 0 97 70
0 0 0 56 0 0 73 91 10 0 0 85 0 0 0 0 0 15 93 0 0 49 0 64 0 71 0 0 0 0 66 48 16 0 31 0 0 0 8 72 0 0 0 0 0 93 32 0 95 0
0 0 0 0 98 0 0 0 0 0 0 0 0 0 0 0 75 28 0 80 35 0 0 0 0 0 0 64 39 27 0 79 0 0 44 58 0 51 36 0 94 0 0 0 1 0 81 0 0 0
0 94 0 0 0 22 95 0 0 0 45 52 0 0 0 0 85 0 0 90 0 0 68 0 13 0 94 0 44 0 79 0 0 0 0 0 0 0 55 0 0 58 0 69 10 94 0 0 0 0
0 0 0 0 0 0 83 0 0 23 0 0 19 0 0 0 0 0 29 86 0 76 0 85 90 0 0 0 0 32 0 0 80 84 0 0 0 94 63 38 0 97 0 0 0 0 0 0 0 0
42 0 60 0 84 0 0 42 0 0 0 0 74 0 35 58 0 0 30 0 46 0 0 28 0 0 0 4 40 0 0 0 0 4 0 22 0 0 73 0 0 0 96 0 0 0 83 0 5 52
0 0 0 0 0 0 0 0 77 0 80 84 0 58 0 79 0 0 0 81 0 0 55 0 0 0 19 55 0 0 0 0 82 0 79 0 0 0 29 0 0 13 36 56 0 0 0 0 0 0
0 0 79 0 70 66 0 0 58 0 19 0 88 0 3 0 0 0 68 0 0 0 0 0 7 0 0 0 18 0 95 3 43 0 0 4 0 0 0 54 0 99 0 0 0 0 0 0 0 47
98 0 57 0 0 75 22 0 2 0 0 0 0 0 0 0 0 67 75 8 0 96 16 13 0 0 0 0 0 0 0 0 99 0 65 0 0 0 55 0 0 98 33 6 0 0 2 0 25 0
0 0 0 0 9 0 0 0 0 0 0 0 0 0 0 0 0 0 0 0 0 59 0 53 0 39 0 1 0 32 11 49 74 0 0 0 0 60 0 11 34 44 0 0 0 0 40 41 0 86
0 0 0 0 77 0 0 11 50 97 0 0 0 0 0 0 0 0 0 0 0 0 0 0 51 0 0 23 0 0 0 20 0 55 25 0 0 0 0 0 0 0 63 0 0 0 0 88 0 75
0 0 40 0 0 15 0 29 3 0 0 0 0 0 0 50 0 0 32 0 92 0 0 53 4 0 0 0 0 0 84 0 0 0 32 35 4 0 1 0 0 40 80 0 41 0 0 0 0 30
0 36 44 0 0 0 0 0 0 0 63 0 0 0 0 2 0 87 0 0 0 0 0 0 0 13 0 0 0 0 0 54 91 0 0 0 10 0 0 0 0 0 76 0 0 0 0 93 0 0
0 0 0 42 19 44 0 0 0 68 0 0 63 33 0 0 0 0 0 0 0 40 98 0 0 95 96 56 0 0 5 72 79 28 54 26 39 0 0 0 0 40 88 6 0 0 0 0 0 55
0 2 0 0 0 0 0 26 0 0 24 0 0 0 0 0 0 0 50 0 57 0 0 0 69 14 0 0 15 0 6 7 43 3 23 8 0 92 0 0 0 0 60 63 0 0 0 0 0 0
0 0 80 97 72 0 0 0 0 0 0 0 78 0 12 0 0 0 0 0 81 0 0 0 0 0 64 84 0 60 92 89 0 0 31 0 65 0 0 36 64 69 0 0 0 91 0 21 0 0
0 0 31 68 0 0 0 0 0 0 0 0 0 0 0 0 81 40 39 0 45 32 98 0 0 78 0 0 31 0 0 0 17 18 47 0 0 0 64 0 0 38 83 0 0 0 0 0 0 0
10 0 0 0 0 0 59 0 0 0 88 87 0 0 0 0 88 46 0 22 0 77 0 0 0 0 0 0 0 0 0 0 52 0 13 90 0 0 0 0 0 0 76 0 0 4 0 0 0 0
83 0 0 0 0 0 0 0 0 42 0 19 0 0 19 0 0 0 16 19 0 0 0 21 0 0 0 9 0 68 65 68 0 0 0 0 3 0 0 68 34 0 30 0 0 0 0 81 0 0
89 87 27 0 0 0 0 0 0 31 0 45 0 0 0 0 0 0 0 0 44 0 0 0 0 91 0 0 2 0 0 0 0 69 0 0 0 11 50 82 0 0 0 0 0 0 0 0 0 0
0 0 0 0 0 0 0 0 0 0 0 5 0 58 0 0 0 0 26 10 52 0 0 0 0 28 0 0 0 0 0 0 0 29 0 41 0 28 54 0 0 13 0 0 0 10 0 74 0 57
