34 0 3 0 0 31 0 0 14 0 0 45 0 0 0 0 0 6 89 0
56 0 0 0 0 0 0 50 0 0 0 0 80 28 0 0 0 71 14 0
21 10 0 0 0 80 91 0 0 0 0 0 0 0 23 93 11 0 0 0
0 0 0 0 3 0 80 18 0 25 0 0 0 0 0 0 84 0 0 97
0 0 71 87 0 0 79 0 44 0 0 0 91 72 0 51 0 0 0 0
52 68 0 67 0 21 0 0 41 90 79 0 0 74 72 0 0 0 0 0
0 0 0 99 0 39 0 0 0 0 0 0 0 0 42 8 98 0 0 91
0 80 25 0 35 69 0 0 0 38 13 0 42 0 63 75 0 0 0 83
0 0 0 0 61 4 18 0 16 0 22 0 0 31 0 0 0 0 0 0
0 0 0 0 0 0 0 2 0 24 0 0 0 0 0 24 0 0 36 90
30 0 0 79 31 0 0 0 63 0 90 91 19 0 81 57 8 0 0 0
0 0 0 0 0 0 0 0 57 91 64 0 0 0 76 16 0 0 0 0
0 11 84 79 50 48 0 0 0 0 0 12 80 0 0 0 0 43 0 0
0 0 0 0 0 0 0 0 0 47 78 0 71 0 45 45 17 0 17 0
60 62 40 0 0 60 0 0 24 0 0 0 13 0 90 0 0 0 0 91
76 0 87 0 0 28 0 90 0 0 54 9 0 0 0 0 22 0 29 0
0 71 70 65 0 0 50 0 95 0 0 0 25 0 5 5 0 0 0 0
0 0 0 0 0 0 0 0 0 0 0 0 0 1 99 0 0 65 0 0
91 84 0 45 0 0 0 0 37 0 0 0 82 0 0 71 0 0 0 92
0 0 0 0 40 0 0 0 28 34 67 0 4 4 0 0 0 0 0 0
57 93 44 0 0 0 0 94 61 0 0 0 0 0 0 15 50 46 30 69
0 0 0 0 10 0 49 0 0 0 0 0 0 0 0 9 6 26 0 46
0 0 0 43 0 0 0 0 65 0 0 95 0 31 0 95 0 33 0 0
0 0 90 28 0 0 0 0 0 0 15 0 0 0 38 0 76 0 0 23
0 0 0 72 51 0 0 72 0 0 0 0 0 0 5 37 0 0 0 0
11 63 51 32 31 88 52 0 0 0 0 0 0 0 0 98 0 0 0 0
0 0 0 0 0 0 0 0 8 0 0 0 93 0 22 62 0 0 0 28
68 0 0 0 28 0 0 0 0 0 0 0 0 0 67 0 0 58 0 0
0 0 0 0 55 2 41 0 31 0 21 77 23 0 29 0 88 0 0 0
0 0 0 8 92 0 42 13 0 0 44 0 0 0 17 0 0 61 0 0
68 0 0 0 0 0 0 0 0 22 0 53 0 85 29 0 0 0 5 0
0 0 0 0 0 0 61 90 31 0 0 0 0 0 76 0 88 0 0 0
0 17 0 0 0 0 71 0 0 0 4 0 50 0 69 69 0 0 73 0
0 0 0 0 0 0 0 37 0 0 0 0 0 93 28 52 0 0 29 92
0 0 0 0 0 96 0 59 0 0 94 0 0 0 44 0 0 54 0 0
0 0 0 66 73 0 0 0 0 0 0 0 0 8 12 0 0 0 0 0
0 80 0 0 0 87 0 0 95 0 0 38 0 0 40 0 0 2 0 0
0 0 0 0 0 0 0 0 0 0 0 0 0 0 0 0 4 0 76 0
0 0 0 93 80 0 0 63 69 0 0 0 0 0 0 86 2 50 0 80
0 0 0 20 41 0 0 28 7 0 0 14 15 0 68 28 0 0 33 76
