0 0 0 0 0 36 0 0 0 0 82 57 92 3 0 91 0 36 15 15 0 83 0 0 0 0 0 0 0 62 0 47 0 0 52 0 47 0 27 0
0 0 0 0 0 76 0 55 70 0 0 92 0 9 0 0 0 53 0 0 67 0 0 80 11 67 56 0 0 0 0 0 0 0 0 0 0 0 0 0
0 0 0 0 0 0 0 37 0 0 40 6 0 0 0 0 0 96 0 0 0 0 0 87 0 48 0 0 74 80 10 0 0 81 25 83 0 0 0 35
0 39 74 0 0 0 0 0 93 35 0 0 31 0 0 40 0 30 0 0 0 0 0 75 0 87 0 26 0 0 0 0 0 0 0 97 51 0 0 0
0 0 0 0 85 0 0 0 0 0 54 0 73 11 0 0 0 41 0 0 50 0 0 0 0 0 16 67 1 91 0 0 35 10 25 96 0 0 0 18
14 0 0 0 0 0 0 0 0 0 0 0 0 0 13 34 0 54 0 0 0 0 0 0 65 0 37 82 0 0 0 82 0 0 12 0 93 0 48 0
0 85 0 87 0 0 0 44 47 0 0 33 0 0 0 0 0 0 11 46 0 25 81 0 0 0 26 64 2 0 53 0 0 0 59 2 57 0 0 0
16 0 17 0 0 0 43 53 34 0 0 0 0 38 0 0 0 3 42 0 0 0 0 0 92 0 62 0 0 0 0 18 17 0 2 0 0 67 65 0
23 0 52 0 39 0 0 52 0 0 0 0 19 57 0 0 0 0 0 64 0 0 22 0 18 0 53 0 0 0 60 82 64 0 23 0 0 0 0 0
0 0 38 0 0 0 0 0 70 0 0 0 33 61 0 0 90 0 0 58 0 0 0 85 26 0 0 0 34 0 0 0 0 0 20 0 0 0 0 0
