87 0 0 0 0 81 0 87 0 24 0 16 0 0 0 0 0 0 0 0
30 0 0 0 0 13 42 91 0 0 0 84 20 0 0 0 62 5 0 0
28 0 0 0 90 0 69 0 0 0 50 7 0 0 0 0 0 72 0 0
82 0 0 0 28 10 37 80 0 0 64 0 93 0 0 19 53 0 0 96
0 71 0 0 0 95 0 0 4 0 70 0 0 92 16 0 14 0 0 36
0 61 0 0 0 0 0 42 0 0 53 0 24 78 0 0 0 0 0 0
0 0 48 0 0 0 0 0 0 0 0 0 63 0 0 86 97 44 0 0
0 0 0 44 0 0 0 0 0 29 0 0 66 62 0 0 78 0 27 0
0 0 0 99 0 0 0 40 0 0 79 7 0 0 56 93 0 0 0 96
0 0 0 0 0 0 64 0 0 0 0 21 0 0 0 0 0 0 0 0
98 0 22 0 57 0 0 0 0 0 0 0 0 40 0 18 0 5 4 0
18 62 0 0 0 0 29 0 0 84 0 0 0 0 77 0 90 0 33 18
6 0 0 1 37 0 63 10 0 18 0 30 0 0 0 0 0 0 0 18
70 36 36 0 33 0 14 35 57 0 0 0 0 64 33 0 0 0 97 0
0 0 0 0 1 0 94 72 63 0 0 22 52 0 0 46 0 0 0 0
25 66 0 32 0 0 75 0 0 0 53 80 55 0 0 0 0 0 0 9
0 0 0 0 0 92 0 0 65 0 0 0 0 0 11 0 0 81 10 0
91 0 0 0 25 0 77 0 0 0 0 0 0 23 0 0 0 0 82 0
0 11 0 62 0 0 0 0 0 0 0 48 17 0 0 34 0 0 0 64
0 89 0 0 0 0 0 45 0 57 0 28 0 0 0 73 0 0 0 0
