88 0 0 0 0 54 15 0 0 50
0 0 0 0 0 91 74 58 0 25
0 41 0 2 53 0 0 0 0 4
19 0 0 88 0 0 59 0 87 0
65 0 0 13 0 0 53 35 0 0
0 22 0 0 50 0 0 34 0 0
0 95 0 0 0 80 0 10 0 1
77 0 18 71 0 0 0 0 75 83
0 0 84 0 0 60 0 0 65 0
33 39 0 0 63 0 0 29 43 0
0 82 0 78 0 49 0 61 0 0
0 0 2 0 90 0 0 0 0 71
0 0 85 0 0 0 0 0 68 0
98 0 23 0 84 0 91 0 0 0
41 0 0 37 0 44 0 0 0 0
0 0 5 22 98 0 0 78 0 0
81 0 0 0 0 0 45 0 0 0
0 0 0 0 28 0 0 0 0 0
37 81 0 77 0 0 0 0 0 0
0 0 0 9 0 0 0 80 0 0
0 0 0 0 49 0 0 0 0 0
34 0 0 0 88 0 90 0 0 0
10 0 0 0 0 0 77 0 0 0
78 0 0 0 42 0 0 0 0 0
0 0 0 0 0 0 0 0 80 29
34 0 0 48 0 0 0 0 0 0
0 79 0 50 0 66 0 70 57 0
60 0 59 0 79 0 0 0 0 82
0 0 0 0 66 34 0 0 0 0
0 0 0 0 26 71 0 0 0 0
0 0 56 98 0 72 0 70 99 0
0 69 0 0 95 0 0 0 0 0
0 0 0 0 0 0 0 0 66 60
0 0 0 73 54 0 67 0 35 0
0 70 0 0 0 0 0 0 5 47
0 0 18 53 0 0 0 0 0 39
0 0 0 38 46 0 63 0 11 47
0 35 0 55 98 0 0 14 0 40
50 0 0 0 2 0 59 0 0 25
0 0 36 0 0 0 67 0 0 87
