31 0 0 0 9 16 0 0 0 0 0 0 84 81 58 74 0 0 0 0 0 88 0 12 39 0 0 70 0 0 36 0 0 0 0 0 11 0 0 0 0 0 0 0 0 85 0 97 11 62
0 0 0 0 0 0 0 0 0 0 0 0 0 0 0 0 0 0 0 0 0 37 51 0 0 92 0 0 0 0 15 0 0 0 8 86 0 0 0 0 16 0 11 34 3 0 0 8 0 0
0 77 0 0 0 0 0 0 0 3 0 33 0 0 38 0 0 0 0 0 0 13 44 0 95 0 0 0 0 0 0 0 36 0 0 0 24 0 72 0 0 0 45 0 31 0 0 0 0 0
0 0 0 0 0 57 88 0 0 0 0 97 0 0 91 0 0 0 0 75 0 0 68 0 77 3 0 0 0 0 0 23 0 0 47 0 0 0 0 78 0 0 0 78 0 0 0 0 80 0
0 0 0 0 46 0 0 0 0 0 0 0 0 0 0 44 0 55 0 0 0 0 0 0 0 92 64 0 0 0 0 0 0 0 19 29 1 81 0 9 0 0 0 0 0 0 0 0 82 0
0 0 0 0 0 0 0 0 0 0 0 0 0 0 42 0 0 0 61 0 0 12 30 0 0 0 0 0 0 0 50 59 0 0 0 0 0 0 0 0 0 41 0 0 0 0 0 0 7 0
54 0 96 25 0 0 0 0 0 0 0 0 0 0 0 0 0 0 0 0 0 25 0 0 0 0 0 66 0 0 80 0 0 0 0 0 12 0 0 0 0 41 0 0 0 46 0 0 0 0
0 24 0 0 0 0 0 0 0 0 0 0 0 19 0 0 0 0 99 0 0 0 0 0 0 36 0 0 0 62 0 0 89 10 0 0 0 0 0 0 51 8 0 0 0 0 86 0 32 0
0 0 0 0 0 73 0 0 33 0 88 0 46 0 97 89 0 0 0 0 0 0 0 0 0 0 0 0 0 45 0 4 97 14 95 0 83 0 0 0 0 0 0 0 64 78 13 0 0 0
0 0 0 34 0 0 0 0 35 0 44 0 0 0 30 0 0 0 20 0 0 0 0 0 52 0 0 0 0 0 0 0 0 75 0 0 0 11 0 24 0 0 0 0 0 0 0 16 0 0
0 0 0 0 21 0 0 0 0 0 0 5 0 0 0 0 99 0 0 0 0 0 0 0 0 0 0 0 95 0 0 0 0 0 0 0 0 0 0 94 4 13 0 0 0 4 0 0 29 0
0 10 7 46 80 62 0 56 68 64 0 0 0 35 0 98 0 0 0 0 0 0 0 0 0 0 0 0 0 0 89 0 0 6 0 0 0 0 76 33 0 0 0 0 0 28 0 64 0 0
57 0 0 0 0 0 45 0 0 43 92 0 0 0 0 0 17 64 0 0 0 0 0 0 0 0 0 86 82 41 0 0 0 0 50 0 0 13 41 0 0 0 0 49 70 0 0 76 0 97
0 0 87 0 0 0 0 0 0 0 35 0 0 5 0 0 0 0 80 14 0 0 0 8 0 0 0 62 0 0 9 89 0 0 0 0 0 45 0 96 59 0 0 62 0 0 0 21 73 0
5 0 5 0 0 0 0 0 9 0 0 0 53 0 0 0 0 0 0 0 0 0 0 0 0 0 0 0 0 0 35 37 0 0 55 0 0 0 0 0 0 0 0 0 0 0 0 0 0 0
0 0 0 0 0 0 0 0 94 0 0 80 0 0 56 58 0 0 0 0 0 0 0 19 0 0 0 0 41 0 0 85 85 0 1 56 0 0 0 0 0 0 0 89 0 0 0 0 59 69
0 0 0 0 0 54 0 0 0 0 0 82 0 0 0 3 34 14 0 0 88 0 36 0 0 0 0 0 0 0 83 0 0 0 99 0 21 0 50 0 0 0 95 0 0 48 53 20 0 0
0 0 51 0 52 62 0 0 0 41 0 0 66 43 0 0 0 27 0 30 0 0 0 0 0 0 0 0 0 73 63 78 0 26 35 0 80 0 0 0 86 0 0 41 0 0 0 0 0 0
0 0 0 0 29 40 0 0 0 0 0 0 0 0 0 0 0 0 0 0 0 0 0 0 0 62 0 0 0 0 0 47 0 0 31 0 91 49 48 38 0 71 17 0 0 65 0 0 0 0
0 0 0 51 0 0 0 0 0 0 33 19 0 0 7 0 0 0 96 67 0 0 0 87 0 0 0 0 56 0 49 0 0 0 0 0 0 0 0 88 23 0 79 0 0 0 0 0 0 0
