95 0 0 0 0 0 0 0 0 0 98 0 0 0 0 0 46 0 80 64
0 0 0 13 0 0 0 0 61 81 70 0 0 0 0 18 0 0 97 44
0 0 24 0 0 0 0 0 0 0 0 28 0 0 0 0 80 0 56 37
0 42 0 0 0 0 0 18 0 0 0 0 0 0 0 0 55 0 0 0
0 30 88 72 0 0 0 0 0 0 91 0 0 26 75 0 0 0 0 58
80 0 0 0 19 2 0 0 0 0 0 40 0 0 0 0 0 0 0 93
0 62 0 0 0 37 2 31 0 0 0 0 0 8 0 0 0 0 0 0
22 54 53 0 0 0 0 0 0 30 0 0 0 39 0 61 6 0 47 0
0 76 0 1 0 0 23 0 0 0 0 71 0 0 64 0 64 0 0 0
0 24 0 14 33 0 0 0 0 0 0 0 11 0 0 0 0 0 0 0
0 21 0 0 0 0 0 0 0 0 0 0 0 0 0 0 0 0 0 75
0 0 42 0 0 3 0 0 0 0 0 95 0 56 0 0 0 28 0 0
0 0 0 0 21 0 0 0 38 0 0 59 60 0 0 0 0 0 0 0
0 0 0 0 33 5 0 5 32 0 0 44 0 0 60 0 38 42 0 83
0 17 0 0 0 59 0 0 87 18 0 0 34 0 0 62 0 0 9 0
0 0 0 22 0 98 11 0 0 0 0 0 92 0 0 0 0 31 0 63
0 0 0 0 0 0 0 0 67 0 67 62 0 5 0 0 0 0 0 49
0 0 0 0 12 0 0 33 0 0 0 0 0 0 0 82 0 0 0 0
5 95 13 0 0 0 0 48 0 0 0 0 0 0 0 0 0 0 0 0
36 0 0 65 18 72 16 0 0 0 0 0 0 0 0 0 0 0 0 0
0 0 0 0 0 0 0 0 0 0 76 0 0 0 0 0 0 0 0 0
60 0 0 0 0 0 0 55 0 0 0 0 0 3 0 0 0 0 0 0
36 0 0 0 23 0 0 0 0 0 0 0 20 31 0 0 0 0 0 0
0 0 0 0 0 0 0 73 0 0 8 0 51 0 93 0 0 39 67 0
0 0 0 0 0 38 0 3 0 0 0 0 0 0 81 0 45 0 11 0
0 0 79 0 77 0 0 0 41 56 0 64 0 0 0 0 0 0 0 0
57 84 0 0 11 0 42 0 0 0 0 0 53 0 0 0 0 58 0 0
0 0 34 0 0 0 79 0 0 68 0 0 23 0 0 67 0 0 0 0
0 0 0 0 0 0 68 0 0 54 0 0 22 20 0 0 0 0 0 0
0 0 0 66 88 6 0 0 0 0 0 57 0 76 0 0 0 27 0 0
