0 0 61 91 0 45 0 0 0 92
0 36 0 0 0 0 0 0 0 0
0 55 26 0 0 61 0 0 0 0
15 0 96 0 0 38 0 0 0 0
0 49 0 0 0 0 0 0 0 0
0 0 0 0 0 2 0 0 0 0
0 0 0 0 0 0 16 0 0 0
98 0 0 0 24 0 0 0 0 2
29 0 0 0 88 0 0 47 0 0
0 0 0 0 0 0 16 0 31 0
61 0 0 0 0 0 0 0 0 0
0 0 0 0 0 0 0 0 0 0
0 0 19 67 0 0 0 0 55 94
0 0 32 0 0 0 0 0 0 0
0 0 90 0 0 0 75 0 0 0
0 0 0 0 0 1 0 0 0 0
0 0 0 0 0 0 91 0 0 0
0 0 0 38 0 0 99 73 0 0
0 62 0 14 10 13 0 0 25 0
0 0 0 66 0 0 0 43 0 0
0 0 0 65 61 0 0 0 0 0
30 0 0 0 0 0 53 0 0 0
0 0 0 0 0 0 0 0 0 57
0 0 65 0 0 0 0 0 0 0
56 0 0 0 0 0 99 0 0 75
0 0 0 0 0 0 0 0 0 85
0 88 0 0 0 0 0 0 0 0
0 0 0 0 0 0 77 0 98 81
0 0 0 0 42 0 0 0 0 0
0 0 0 0 43 0 52 0 0 45
