0 0 0 0 0 0 0 69 0 0 60 46 39 0 0 0 0 0 0 0
0 0 0 0 0 0 59 72 22 61 0 89 0 13 0 0 52 58 0 56
98 0 0 0 0 0 4 0 0 10 0 0 64 0 50 0 72 67 0 0
0 0 76 0 15 0 0 98 0 0 0 0 69 0 28 0 46 0 0 64
0 21 0 0 53 0 33 0 24 0 0 0 0 0 51 39 0 0 59 1
0 0 0 85 0 97 0 0 0 0 0 62 68 0 19 0 0 0 54 23
0 0 67 97 0 0 65 94 0 5 30 82 42 0 0 0 0 62 0 0
0 0 0 0 0 0 0 0 0 0 65 76 64 0 0 0 0 0 0 58
0 15 75 0 0 84 0 20 0 81 0 0 88 84 0 68 0 0 0 0
0 5 0 0 84 0 0 53 40 0 25 0 0 0 0 0 0 0 0 61
34 10 0 0 0 0 0 63 0 85 0 0 0 0 0 0 69 0 21 0
0 0 0 0 0 0 26 67 0 0 0 53 0 0 64 0 83 0 0 0
0 42 0 0 0 62 0 88 46 0 0 66 0 53 0 0 19 0 0 0
0 83 0 0 0 0 0 0 0 91 0 0 0 0 0 32 3 0 0 0
0 0 0 30 0 0 34 0 0 0 0 0 0 0 0 0 0 21 0 0
15 59 10 0 0 41 0 0 16 0 0 89 0 0 0 0 1 38 0 0
0 68 0 0 0 0 0 75 0 0 24 0 0 27 91 0 27 0 0 0
0 0 12 0 0 0 0 0 0 0 20 42 21 0 0 48 0 0 43 0
0 17 48 12 98 23 0 0 0 0 95 91 0 0 55 0 0 0 20 0
0 0 32 33 0 0 0 0 79 0 0 0 0 0 0 0 0 0 0 28
0 0 94 11 42 0 0 0 0 7 0 7 29 0 0 0 26 0 0 0
0 80 0 20 0 0 0 0 0 37 0 0 53 0 0 51 0 0 0 0
14 0 64 0 89 45 0 86 24 0 0 0 0 0 0 11 0 76 0 0
79 36 0 0 0 0 67 0 0 0 0 0 0 0 0 0 67 0 0 0
0 17 93 0 0 24 0 0 0 57 0 0 0 94 0 0 0 52 29 0
36 0 0 0 0 0 20 0 0 46 0 64 14 35 76 81 0 0 0 13
42 0 0 0 62 0 0 31 0 0 33 0 0 29 0 0 66 92 92 32
8 25 0 0 0 63 0 0 24 0 0 0 0 53 59 76 0 97 32 0
21 0 55 0 0 7 0 76 98 0 0 0 0 0 0 0 0 0 0 0
18 0 86 0 0 82 0 0 48 0 33 0 6 0 0 0 0 0 14 89
