0 0 0 0 0 0 0 0 0 0 0 0 0 0 0 0 61 0 29 0 1 13 85 0 3 77 0 0 0 0 0 0 0 0 0 0 0 0 0 0
5 0 0 0 0 61 2 0 0 0 57 0 0 0 45 79 0 56 3 83 90 0 0 64 3 0 0 0 12 0 0 0 0 87 0 44 0 0 23 55
0 0 71 9 0 0 0 0 0 0 31 48 0 21 0 0 94 0 0 0 87 0 0 0 29 37 0 99 0 0 0 0 0 0 92 0 0 0 0 0
22 0 40 0 0 0 0 0 0 0 0 0 0 0 52 10 0 0 0 0 15 0 0 48 26 98 85 0 14 50 0 0 76 93 0 0 0 0 94 0
0 0 0 0 0 0 0 0 0 0 0 41 0 61 0 0 0 89 0 0 0 0 80 8 0 64 0 0 57 0 54 0 0 0 99 75 13 0 0 0
71 0 0 0 0 44 33 0 0 0 20 0 0 55 0 0 0 0 44 0 0 0 0 31 0 0 0 31 0 0 0 0 80 0 0 3 0 18 0 0
51 0 0 0 0 0 0 3 0 0 68 0 0 0 9 0 0 0 0 0 0 0 0 0 60 79 18 0 15 64 0 0 70 0 0 52 43 0 0 0
78 0 57 45 0 0 0 0 0 32 41 0 43 0 0 0 0 67 54 39 0 0 0 0 0 63 0 0 91 0 0 0 50 0 81 4 0 69 0 0
0 0 0 0 0 71 31 0 0 0 0 28 0 0 0 0 0 0 72 94 0 0 37 0 69 56 62 85 0 0 47 11 0 3 33 0 0 0 0 0
0 89 42 0 0 0 0 43 67 77 83 5 0 0 75 0 0 0 0 0 0 0 44 0 0 0 0 0 0 0 18 0 89 0 0 0 55 0 0 0
0 0 0 0 0 0 0 0 35 0 22 0 27 0 0 0 37 0 0 0 0 0 0 0 0 32 0 0 21 12 0 0 0 30 0 28 48 0 0 0
45 0 0 71 50 0 53 0 0 36 0 0 58 26 0 0 65 73 53 23 0 0 0 92 79 0 0 0 0 0 96 81 8 0 0 0 0 0 55 0
0 0 0 0 0 58 0 85 61 0 52 0 0 0 9 85 17 0 0 0 0 0 0 0 0 12 0 0 0 98 0 0 0 0 31 0 0 0 0 0
0 0 46 0 0 91 0 0 0 0 0 0 0 0 72 0 36 0 69 0 47 0 0 35 0 0 0 40 0 0 0 0 0 0 0 34 0 0 0 0
0 0 0 0 0 43 0 79 23 0 59 0 43 16 31 80 10 0 0 2 0 28 62 0 0 0 0 0 0 81 36 0 87 0 0 0 0 0 0 0
0 25 22 0 0 71 57 47 0 0 14 0 0 0 69 0 0 0 0 0 86 0 52 2 0 80 25 0 0 10 23 0 69 0 0 1 0 86 0 0
80 61 0 44 18 17 0 83 29 91 0 0 0 90 0 0 55 10 0 79 0 0 0 0 14 57 0 0 70 0 0 0 0 60 0 0 0 63 59 0
0 0 0 0 0 0 0 0 13 0 0 6 0 0 0 79 93 0 0 0 0 93 0 0 0 0 0 0 0 0 24 0 1 0 5 0 0 0 0 34
0 90 0 0 0 0 71 0 7 0 0 0 0 0 0 0 0 68 0 55 41 0 0 0 13 0 39 0 0 0 0 97 0 0 64 13 0 0 0 0
84 41 0 50 0 0 0 0 0 0 0 0 0 54 33 0 0 0 81 0 0 0 0 0 0 0 44 0 0 6 60 0 0 0 72 0 0 0 0 0
0 57 0 0 48 0 62 0 42 0 6 0 0 0 0 0 0 18 0 34 11 0 0 39 0 0 98 20 0 61 3 18 46 0 0 0 0 60 0 9
60 0 0 0 0 0 0 7 0 0 7 0 0 46 34 0 56 0 0 0 0 0 0 0 0 4 62 0 0 0 0 44 0 63 36 26 0 38 0 0
47 0 91 86 8 0 0 15 0 88 0 0 0 98 0 0 39 0 81 0 12 0 93 85 16 0 0 47 0 98 0 0 0 0 0 67 74 0 0 61
0 0 77 0 70 87 70 0 17 0 0 0 0 0 0 22 0 62 0 0 0 14 35 97 97 0 98 0 0 0 0 0 0 0 88 0 0 0 0 0
27 73 0 62 0 0 0 76 70 0 98 0 0 0 0 0 0 0 1 95 0 43 0 0 0 0 41 82 0 17 48 79 62 0 0 0 53 49 0 0
0 21 0 0 0 22 86 18 59 0 15 0 0 0 0 0 0 49 0 0 0 0 0 78 0 0 72 21 0 79 13 0 78 84 82 29 0 34 0 0
82 0 0 0 98 0 0 0 0 90 0 20 0 25 0 26 0 0 0 0 31 28 20 0 0 0 0 0 0 33 0 0 18 0 70 65 0 36 0 83
60 0 0 22 0 0 0 13 10 11 0 0 0 0 0 0 0 97 0 0 0 71 0 0 0 0 35 0 88 54 0 43 0 61 0 0 16 0 0 0
0 0 0 0 0 92 0 0 0 60 0 63 0 0 0 91 25 0 0 0 0 34 0 0 0 49 39 0 0 0 0 49 63 0 0 58 7 0 77 0
0 0 7 0 0 44 0 0 0 0 0 64 0 0 0 0 75 0 0 0 0 0 19 0 44 6 0 0 0 0 0 0 0 0 27 0 0 99 0 0
