0 64 0 98 0 0 86 21 0 0 0 0 0 41 35 53 0 0 0 0 0 0 0 0 47 0 0 0 0 0 51 17 0 0 0 0 0 28 0 30
0 99 0 0 0 0 0 0 0 93 80 0 0 0 0 66 0 93 0 0 34 0 20 0 0 0 0 18 0 0 0 72 0 0 14 0 0 0 43 61
0 15 31 0 0 48 0 0 36 0 0 64 0 0 0 0 0 0 0 0 0 76 42 0 0 0 96 0 76 0 0 76 61 0 27 0 59 0 0 35
0 0 0 87 0 0 28 0 0 0 39 0 97 0 0 0 0 0 0 0 0 0 0 0 0 0 0 56 0 0 0 62 86 60 50 0 30 0 85 33
14 65 0 74 60 0 14 0 0 0 0 0 0 0 76 41 0 0 60 0 0 0 0 69 0 0 11 0 0 0 0 0 0 43 48 16 0 0 0 8
0 0 0 0 25 0 0 0 0 63 0 0 0 0 72 0 84 35 63 46 0 81 77 0 0 0 0 0 0 0 0 0 0 72 0 0 19 0 36 0
0 0 0 62 8 0 0 0 0 3 0 32 86 0 0 38 49 0 0 41 65 14 0 31 0 0 40 0 0 0 0 0 87 82 0 54 0 0 0 0
0 82 0 80 0 52 0 0 0 0 0 90 0 79 44 0 0 35 0 0 0 51 67 0 0 0 0 0 0 48 0 0 0 0 0 0 0 44 0 56
0 0 0 0 0 0 0 0 0 79 97 66 0 1 20 30 0 24 0 23 92 0 0 0 0 0 0 55 0 49 4 0 33 0 0 69 0 15 0 0
0 9 0 0 0 0 0 7 0 90 19 86 0 0 0 90 0 0 0 71 0 58 0 0 0 0 0 0 0 26 87 0 0 0 2 75 84 0 0 0
