0 0 47 65 0 0 0 0 0 0 0 83 0 0 0 0 0 64 0 0 0 6 0 0 0 0 0 0 0 0 0 0 0 0 9 0 0 0 0 0 0 0 0 33 0 0 0 28 57 0
43 0 12 0 0 6 0 0 67 41 0 0 97 0 0 75 0 0 0 0 0 0 0 0 0 0 0 18 0 0 59 0 0 0 0 0 88 0 0 0 0 0 0 0 0 64 0 0 0 0
0 0 37 0 0 0 35 0 54 0 16 0 0 33 0 0 34 0 0 0 0 0 0 0 58 0 26 0 0 0 0 0 0 0 90 49 0 0 0 32 0 0 0 89 81 44 0 66 0 0
0 0 85 0 0 0 22 0 0 0 43 91 0 0 54 0 0 0 0 0 0 0 0 28 51 88 0 0 0 0 0 0 0 0 0 0 0 0 0 0 0 0 52 0 0 0 56 0 0 0
0 0 0 0 0 0 14 0 0 0 0 42 0 0 0 0 0 0 0 0 0 0 0 0 0 0 0 0 0 0 0 0 0 50 21 81 0 0 94 0 0 0 0 0 0 0 0 0 60 0
0 0 13 0 65 0 0 0 0 81 0 52 0 0 0 0 0 69 0 85 16 66 64 0 0 40 0 0 0 7 0 0 0 0 0 0 18 0 0 0 0 6 0 50 67 0 0 0 19 0
0 0 0 0 0 0 0 0 0 0 0 0 0 0 0 0 43 96 0 0 0 0 0 0 0 0 82 0 0 0 0 0 0 0 0 0 86 0 0 0 0 0 0 0 77 0 0 0 91 0
0 0 0 0 57 0 36 88 0 0 35 0 0 0 0 0 0 0 0 0 0 0 0 0 0 0 4 0 92 0 0 0 0 0 0 21 0 0 0 0 74 0 0 0 0 0 71 0 0 0
0 0 0 0 0 0 0 0 0 0 82 0 0 0 0 0 0 77 0 67 0 0 80 0 0 37 0 0 87 0 28 0 0 0 0 0 0 0 28 0 99 0 0 0 0 0 36 0 30 0
0 0 0 0 0 0 0 59 0 0 18 0 93 0 0 0 0 0 0 0 7 0 0 0 0 47 0 0 58 0 0 0 0 0 0 0 0 0 78 0 0 0 56 9 0 0 0 0 0 0
51 0 68 12 70 43 0 0 0 0 0 0 50 52 0 0 0 0 0 0 0 0 0 0 0 0 0 0 0 0 0 0 0 0 0 0 0 0 81 0 0 62 0 21 0 0 0 0 0 0
0 0 38 0 0 0 0 0 0 0 0 0 0 0 0 44 0 0 0 0 0 0 60 0 19 0 0 59 0 0 0 0 40 0 0 0 11 0 0 0 0 0 0 0 0 0 0 0 0 58
0 0 0 0 26 0 0 72 0 0 0 0 0 0 0 0 0 0 0 0 0 52 0 0 75 0 0 0 0 0 0 14 0 0 0 0 19 0 0 0 61 62 58 0 0 0 0 0 56 99
0 0 0 0 0 0 0 0 0 0 0 0 98 0 0 0 0 0 0 0 0 0 0 0 0 0 65 0 0 0 0 0 0 0 0 0 0 0 82 0 0 0 0 0 0 55 0 0 0 0
0 0 0 0 0 0 0 0 0 0 0 0 32 0 0 0 0 8 0 0 0 0 0 0 9 14 0 89 0 0 0 0 0 0 0 0 0 61 41 0 0 0 0 0 65 0 0 0 0 0
0 0 0 18 0 0 0 0 0 0 0 0 0 0 0 0 0 0 0 0 0 0 0 0 0 0 0 0 0 0 0 0 0 46 0 0 0 0 0 0 89 0 0 0 50 0 97 0 37 57
0 0 7 0 0 0 0 0 0 29 0 0 0 0 0 0 0 42 0 19 0 0 0 0 0 0 0 0 0 0 0 71 0 0 82 0 0 0 0 0 0 64 0 0 60 0 0 67 72 0
0 0 28 0 0 0 0 0 0 0 0 0 71 0 0 0 0 0 0 0 86 0 52 70 0 0 0 0 0 0 0 0 66 55 0 69 87 0 33 0 0 0 71 1 0 0 0 0 0 0
11 0 0 19 0 0 55 0 0 47 97 0 0 0 0 0 0 0 0 0 0 0 0 0 0 0 0 0 0 0 0 87 0 0 0 68 20 0 0 0 0 0 0 0 74 0 12 0 0 0
0 0 0 43 39 0 0 0 0 13 0 0 0 0 46 0 0 76 0 0 0 0 76 0 0 0 0 96 0 0 64 26 0 0 0 0 0 0 0 0 49 17 0 0 0 7 0 0 0 0
0 0 0 25 0 0 0 0 65 0 0 0 0 0 86 0 0 0 77 0 89 56 0 0 44 0 0 0 0 0 0 0 0 0 0 0 0 0 0 0 0 55 71 27 0 0 0 0 0 0
0 0 0 31 0 89 74 0 0 0 0 0 0 0 56 0 0 0 0 93 62 83 0 98 0 0 0 0 0 0 34 0 0 0 0 50 0 0 0 0 0 21 87 0 0 68 0 0 97 53
0 0 0 0 13 0 0 0 7 36 47 0 0 22 0 0 0 50 0 0 0 0 0 0 0 0 0 0 0 0 0 0 0 0 0 0 72 53 0 0 0 75 0 0 0 0 0 0 0 0
0 0 13 0 53 0 0 0 0 0 62 0 0 0 0 0 0 0 0 0 0 0 0 0 0 0 0 0 0 0 0 0 0 0 51 0 0 0 0 0 0 0 0 31 0 0 0 49 0 0
0 0 86 0 0 0 0 0 0 0 0 0 0 0 0 0 84 0 50 99 0 0 0 0 0 0 0 0 0 0 0 0 0 0 0 0 0 0 0 0 18 0 0 0 0 49 0 0 0 31
0 0 0 0 0 0 0 0 0 0 0 0 0 0 32 0 0 0 0 0 0 0 55 0 0 46 0 0 0 0 0 0 20 0 0 0 0 0 0 0 13 0 0 0 0 26 0 0 0 0
0 0 0 45 0 0 0 0 0 42 0 55 0 0 0 0 0 0 0 0 0 0 0 0 0 0 0 0 0 71 0 0 0 0 23 71 0 0 0 0 0 0 60 87 33 0 0 0 37 0
0 0 0 0 0 0 0 0 0 10 0 0 0 0 0 0 0 68 73 0 11 0 0 0 0 0 0 0 0 0 0 0 56 74 98 0 0 0 46 0 0 75 0 0 0 0 0 0 0 19
0 0 0 0 0 0 0 60 0 0 22 0 0 0 0 0 0 0 33 0 38 0 0 0 0 0 39 49 0 44 42 0 0 0 0 0 0 0 0 0 67 0 0 0 0 93 0 0 0 52
0 0 34 0 0 0 52 0 88 0 0 0 0 0 87 0 0 0 10 0 0 0 0 0 0 67 0 13 0 0 0 0 0 47 0 0 0 0 0 0 0 26 0 0 75 90 0 0 0 0
24 0 0 14 0 0 0 0 0 22 0 0 34 0 0 0 0 0 0 82 0 74 36 0 0 0 65 0 0 0 0 76 0 0 0 63 0 0 67 91 0 76 0 0 99 0 0 0 0 0
0 48 0 0 0 92 0 0 0 0 0 38 0 0 0 79 0 0 94 0 87 80 0 0 0 74 42 0 0 84 0 0 0 0 0 12 0 0 0 83 0 0 0 0 0 0 0 0 30 80
0 0 0 59 56 0 0 0 0 0 16 0 0 0 89 0 0 0 0 0 0 0 0 0 0 87 0 0 76 56 0 0 0 0 0 0 0 0 0 0 0 0 0 0 0 0 0 0 97 0
17 0 0 0 0 0 0 0 0 0 0 0 0 0 0 0 0 0 0 0 36 0 0 0 0 0 0 30 0 0 0 0 59 0 43 0 0 0 0 0 0 0 5 0 0 0 0 0 0 0
30 0 0 0 0 0 0 0 0 0 21 0 0 0 0 0 0 58 0 0 77 0 15 0 0 0 0 0 0 89 0 0 0 0 0 0 0 0 0 0 0 0 0 0 60 67 0 1 0 0
0 0 0 53 31 0 0 61 0 0 0 0 0 0 0 0 0 0 83 0 0 0 0 67 0 0 68 9 0 0 0 0 0 0 0 0 20 0 0 48 0 79 0 0 0 0 0 85 0 0
82 0 0 59 0 0 0 81 89 0 0 0 0 42 0 0 59 0 33 0 81 0 0 0 0 0 0 0 0 0 0 0 0 0 0 52 16 0 0 10 88 0 0 0 0 0 0 19 69 17
0 0 3 0 0 0 0 0 0 0 0 0 0 0 0 64 0 0 0 0 0 0 0 0 0 0 0 0 0 0 0 0 39 0 0 0 0 0 46 0 57 0 0 0 0 96 0 0 0 0
0 0 0 43 41 0 0 0 0 0 0 0 0 0 0 0 0 0 0 0 99 0 0 0 0 0 0 44 46 76 0 0 0 0 0 0 0 38 0 0 0 0 0 0 0 0 0 0 0 0
0 22 0 0 0 0 0 0 0 0 19 0 0 1 0 0 0 0 0 0 0 0 0 0 0 0 0 49 0 0 0 99 42 0 60 0 0 0 0 0 0 0 0 0 0 0 0 0 0 0
0 0 0 0 0 86 30 0 0 0 0 98 0 0 0 0 0 0 0 6 0 95 0 99 0 86 0 0 0 0 6 0 0 0 0 0 0 0 0 0 0 0 0 0 0 0 0 0 85 0
0 0 0 0 0 0 0 88 57 0 58 0 0 0 0 0 0 15 0 0 0 0 55 0 0 0 0 0 0 25 0 0 0 0 0 0 0 0 0 0 0 0 0 28 0 61 60 0 26 0
0 0 0 4 0 0 0 0 0 0 0 0 0 95 61 0 0 5 0 0 0 0 0 0 96 0 0 0 0 0 0 0 84 0 26 0 0 0 0 84 0 0 0 0 0 0 0 0 0 0
0 0 0 0 0 54 0 0 0 0 0 16 0 0 0 0 0 0 0 40 47 72 1 0 0 0 0 0 0 0 0 0 8 78 0 0 0 52 0 0 0 0 0 0 0 0 89 0 0 99
0 0 80 0 0 0 0 0 0 0 0 0 0 98 0 0 75 41 0 0 13 0 0 9 0 0 0 13 79 0 11 97 0 0 0 0 96 44 66 95 0 31 0 0 0 45 0 0 0 65
0 0 0 0 0 0 67 0 0 0 0 73 0 0 93 0 40 0 0 0 0 0 0 94 43 0 57 0 0 95 0 0 0 79 0 0 0 17 95 0 0 32 0 0 0 0 0 0 83 0
0 0 0 0 0 0 0 0 0 47 1 73 0 0 0 0 0 0 48 0 0 0 0 32 0 0 0 0 0 0 0 14 0 0 0 0 0 0 0 0 0 0 0 0 93 8 0 0 0 0
0 0 0 0 0 0 0 0 66 0 0 0 0 0 0 0 0 6 0 0 0 0 69 0 0 4 0 0 0 0 0 0 83 69 0 91 0 0 0 0 0 0 75 0 0 0 0 0 93 0
29 0 0 0 0 0 0 44 0 0 32 0 42 0 0 0 0 0 0 0 0 10 0 69 53 0 0 0 0 0 48 0 0 0 0 16 0 0 0 0 0 0 0 73 0 0 0 15 0 0
0 87 0 71 0 0 0 0 0 0 0 0 0 21 0 0 0 0 0 0 0 0 0 0 0 0 0 0 0 0 0 86 0 27 0 14 0 0 0 0 0 0 0 95 0 0 0 0 54 59
