69 0 0 0 0 86 20 0 0 0 0 0 0 0 0 0 0 1 0 70 8 0 52 84 79 0 22 78 96 0
0 0 51 36 0 0 0 7 0 99 0 0 0 61 0 0 0 0 0 0 0 0 0 0 0 49 36 0 0 0
59 0 0 0 0 0 0 0 32 0 0 0 0 51 0 0 0 33 0 11 0 0 0 0 0 0 85 0 0 0
0 0 55 0 0 0 98 0 0 56 26 0 92 34 0 95 0 0 0 0 0 0 33 0 68 0 57 0 0 81
0 0 0 0 0 91 0 6 0 0 66 0 0 0 0 10 77 0 0 0 0 98 88 0 0 20 0 0 0 0
0 0 0 23 0 53 0 0 0 0 0 78 0 0 0 0 0 6 0 0 0 0 62 0 0 44 0 0 6 15
23 0 0 0 12 0 0 0 0 0 0 0 0 5 29 0 0 76 0 0 0 0 0 0 0 0 47 0 0 0
0 0 83 71 14 14 0 0 0 0 0 0 73 0 90 0 73 0 0 0 0 0 0 88 0 0 0 0 0 0
0 0 0 70 0 0 0 27 92 0 0 70 0 0 0 0 67 0 0 0 0 0 12 53 65 84 0 49 0 0
0 0 0 13 0 0 0 0 0 0 0 0 70 95 62 0 18 0 0 0 17 0 0 0 0 0 0 0 0 0
19 0 0 0 0 0 28 0 0 55 0 0 96 0 0 98 0 0 64 0 0 0 0 0 0 0 0 38 0 0
0 10 0 61 0 0 28 70 0 0 38 41 67 41 0 0 0 0 0 44 0 0 1 0 60 0 0 0 72 0
0 23 0 0 0 0 0 87 0 0 50 0 0 0 0 0 92 0 0 0 0 0 97 0 0 0 0 99 0 15
0 0 15 0 27 0 0 62 0 0 0 0 0 0 0 0 0 0 0 0 0 0 0 61 0 0 0 0 0 0
0 26 0 92 98 0 0 0 0 0 0 0 0 0 0 0 0 0 0 0 0 0 0 0 0 8 0 0 41 0
0 0 0 0 0 44 27 0 0 0 21 0 98 0 0 0 0 0 0 0 0 0 0 37 84 0 0 0 0 0
27 0 0 0 0 0 0 53 0 98 0 0 0 0 10 0 0 0 0 0 0 0 0 0 0 0 0 0 0 59
28 0 85 0 53 0 0 0 0 63 0 20 75 0 0 0 0 76 0 0 0 0 0 0 0 43 0 68 0 0
16 26 0 0 0 0 0 0 0 0 0 9 0 0 0 49 0 0 0 0 0 0 0 0 0 79 0 0 0 3
0 0 64 0 62 0 0 0 0 0 0 0 0 0 72 0 92 0 0 49 0 0 0 0 0 0 0 0 0 0
0 0 0 82 0 0 0 0 0 0 0 66 0 0 0 0 84 0 43 74 0 0 60 0 48 0 36 0 40 0
0 91 6 0 0 38 0 0 2 0 75 0 0 0 0 0 38 0 2 0 0 0 0 0 39 0 0 76 0 0
0 52 0 31 78 0 0 2 0 0 0 0 68 0 0 0 0 0 94 0 0 0 0 0 88 0 0 0 0 33
0 0 31 25 67 0 0 0 80 24 0 0 0 0 0 0 0 0 47 0 0 0 0 0 68 0 0 23 0 0
0 0 0 0 16 0 75 56 0 0 0 0 0 79 0 0 19 0 0 0 15 0 0 0 0 0 0 0 0 0
32 31 0 25 0 42 0 0 0 0 0 0 0 0 0 0 0 0 0 0 31 42 0 0 32 60 0 0 0 0
0 0 0 0 64 0 0 0 0 0 0 0 0 0 99 69 0 0 0 0 0 0 0 0 66 0 10 62 24 0
0 0 0 0 0 0 0 0 0 70 94 0 0 0 36 0 0 59 0 3 61 40 0 0 0 0 0 12 84 0
0 9 0 0 34 0 0 0 0 0 0 28 0 42 0 0 15 0 0 0 0 0 0 0 0 0 0 0 0 0
84 0 24 0 0 61 0 0 0 0 0 0 0 0 98 0 0 0 0 82 0 0 0 0 0 0 0 75 0 0
49 0 0 0 0 0 0 0 0 0 80 0 0 0 93 0 79 0 0 74 42 0 0 0 0 0 0 0 0 0
0 0 39 0 0 0 69 0 0 0 0 0 0 27 0 0 0 0 0 13 73 0 0 0 0 0 0 87 0 0
22 0 0 0 0 0 0 0 0 0 0 89 0 20 0 0 17 52 57 0 0 96 0 0 0 46 6 0 31 0
0 9 0 26 0 67 0 0 0 0 0 56 0 0 0 0 76 0 0 64 0 0 0 0 0 15 0 0 0 17
0 25 0 0 0 0 97 0 0 0 0 38 0 0 0 0 0 35 0 0 0 0 0 36 0 90 0 0 0 0
0 0 0 0 0 87 0 0 0 0 0 0 0 0 0 0 0 0 0 6 0 0 73 0 76 72 73 0 0 39
0 0 0 0 0 0 0 0 0 59 0 0 0 0 27 38 5 0 0 25 0 0 42 91 0 0 0 0 0 0
0 0 0 0 64 0 0 0 0 21 0 0 41 0 0 0 0 28 0 0 0 0 0 0 0 0 0 0 58 73
0 0 0 0 0 16 0 0 0 43 0 0 0 0 37 34 0 17 4 0 0 0 0 0 0 0 0 0 0 0
0 37 54 0 0 0 97 0 0 10 0 83 0 0 34 76 0 0 0 78 68 87 0 22 7 0 24 0 0 0
