0 0 0 0 38 0 42 0 0 49
36 97 0 0 0 0 0 86 0 0
16 0 0 0 0 0 0 0 0 0
0 0 0 58 0 0 0 42 0 0
0 50 0 0 0 0 65 53 0 3
0 49 54 91 0 0 0 0 0 0
0 88 0 0 0 0 0 0 0 0
15 0 0 63 91 78 0 0 0 0
36 0 33 96 0 0 61 19 51 0
20 0 0 88 53 72 0 0 0 0
8 38 0 0 0 0 88 0 25 0
0 49 57 0 16 0 0 21 25 0
90 0 0 65 0 35 13 0 0 97
29 13 0 0 78 0 0 0 0 0
0 47 0 45 8 90 0 0 73 96
50 30 0 0 97 0 0 0 0 0
0 47 0 0 0 0 0 80 46 0
36 0 39 0 13 59 83 0 10 0
0 0 25 0 0 37 80 78 43 68
92 0 0 0 0 22 51 0 0 0
0 0 0 0 0 0 0 0 54 0
0 0 0 0 0 40 0 0 0 47
0 0 37 53 35 0 86 0 90 0
28 0 0 0 30 30 0 0 0 0
44 0 0 0 2 87 69 81 15 0
6 0 0 0 0 18 0 0 0 0
17 0 0 93 0 0 0 74 31 0
0 0 0 0 0 0 0 0 54 0
0 0 0 67 0 57 0 24 99 51
0 0 0 0 73 44 0 0 40 0
0 44 72 0 0 0 0 75 0 0
0 0 0 0 0 0 0 0 82 28
17 0 0 0 22 0 60 0 0 96
0 27 0 0 0 0 0 70 0 0
0 0 0 0 37 97 8 0 0 0
0 0 0 0 17 68 0 63 0 0
0 0 51 0 0 0 54 0 0 0
0 0 0 0 0 0 0 0 0 0
0 0 0 0 0 0 0 0 82 42
9 95 0 68 79 0 0 0 30 0
