0 10 0 0 85 0 0 0 38 59
0 95 0 0 58 0 0 79 0 91
66 83 0 0 0 0 34 0 0 24
0 70 0 0 0 0 0 0 0 0
0 80 87 0 37 0 55 0 0 0
36 1 14 95 0 0 0 73 55 0
52 0 4 0 0 84 0 0 0 49
0 87 71 0 0 0 61 0 30 50
86 0 0 0 97 88 0 0 0 0
85 0 0 5 0 0 0 0 0 0
99 0 54 84 0 0 0 31 0 0
3 0 0 0 0 0 0 0 0 0
0 0 92 0 0 0 23 0 0 0
53 0 0 0 0 0 94 0 0 4
0 0 0 0 0 0 9 0 0 0
58 0 0 0 0 0 0 0 42 84
0 0 0 81 0 0 36 52 0 0
0 82 0 3 0 0 78 0 0 0
16 0 0 0 0 0 0 55 0 0
0 0 0 24 0 0 77 0 0 50
0 49 11 0 50 0 0 0 0 3
0 0 30 0 0 15 65 0 37 0
0 0 0 66 0 0 33 0 0 0
50 69 0 0 0 0 22 0 0 65
0 0 0 64 17 0 98 0 0 0
14 0 0 0 67 0 20 15 0 0
9 0 6 0 25 79 0 0 0 0
0 0 1 0 72 82 28 93 0 0
0 39 0 0 0 24 81 0 0 0
72 0 0 0 0 0 0 39 0 35
