0 0 0 0 0 9 0 0 0 21 48 0 0 32 0 0 54 0 0 0 0 0 0 6 0 0 0 12 0 73 0 55 0 0 0 0 0 0 0 0 0 0 0 0 0 97 88 0 0 70
0 0 40 0 0 0 0 0 0 0 37 5 0 0 0 0 0 0 86 0 72 0 0 0 0 0 0 0 0 0 0 0 0 0 39 0 86 0 0 0 90 0 35 84 0 0 0 0 29 0
76 0 20 0 0 0 0 0 0 51 0 86 0 46 57 0 0 0 11 0 0 79 0 0 0 0 0 0 0 0 0 0 6 0 0 0 0 0 0 0 0 23 0 63 9 0 0 0 35 0
71 0 0 0 0 0 0 0 0 52 0 0 0 0 0 0 0 0 0 0 0 84 0 0 0 0 0 31 0 0 0 0 0 0 0 0 0 0 0 7 0 21 0 0 0 89 0 0 0 0
0 0 0 0 23 0 0 45 0 0 0 29 0 31 0 0 0 0 0 61 0 0 0 0 0 0 73 0 89 0 0 51 0 61 0 0 0 6 0 0 0 56 0 39 0 0 0 19 0 4
53 64 0 0 0 0 19 79 0 0 33 26 0 0 0 0 0 0 0 0 0 0 0 0 0 0 23 0 0 0 0 0 0 0 0 92 0 0 0 0 0 0 0 0 37 24 98 0 0 0
0 19 0 0 0 0 0 0 0 0 0 0 23 0 0 74 0 0 2 0 0 0 0 59 92 0 0 0 0 0 0 0 0 0 0 0 0 0 94 0 0 18 0 0 0 0 18 35 87 0
0 52 0 0 0 0 27 0 0 0 0 53 0 0 0 0 0 0 0 82 0 0 0 0 0 90 39 0 0 0 0 0 46 44 0 0 0 0 43 0 0 0 0 0 0 0 0 0 0 0
47 0 0 0 0 0 0 0 0 0 82 0 0 0 19 49 0 0 0 0 0 0 0 0 0 0 0 0 0 0 0 0 71 78 0 0 0 0 0 0 0 0 0 0 0 0 0 0 0 0
90 0 16 62 0 0 0 0 0 0 0 0 0 0 0 0 0 0 58 0 0 0 0 0 0 0 0 5 0 4 0 0 0 0 0 0 38 0 0 0 0 0 0 14 0 0 0 0 0 4
0 51 0 0 0 40 0 0 0 0 39 0 0 0 0 0 0 0 0 0 0 0 0 95 0 0 0 0 0 55 0 0 0 0 0 29 43 0 0 36 0 0 0 0 0 22 92 0 0 0
0 0 0 71 47 0 11 0 0 0 63 0 90 0 0 0 29 0 0 0 0 6 0 0 0 0 0 0 38 0 0 0 83 0 12 84 0 0 4 64 0 0 0 0 0 0 82 70 0 0
0 0 0 0 67 0 0 0 0 0 0 0 0 0 0 96 0 0 0 0 0 0 0 0 0 0 47 0 0 0 0 46 0 0 70 0 0 0 0 0 0 0 0 0 9 19 0 87 0 0
0 0 0 0 0 0 6 55 0 0 0 0 23 0 0 0 0 0 33 0 0 0 0 0 0 11 0 0 0 0 0 0 0 0 0 0 40 0 0 0 0 0 0 0 0 0 0 0 2 93
0 0 0 0 0 0 0 0 0 0 0 0 57 59 0 0 0 0 0 0 98 0 0 0 0 22 0 0 0 0 0 0 0 0 0 0 0 0 9 0 0 0 0 0 0 0 0 0 0 0
35 0 0 0 0 4 0 0 0 0 0 0 64 0 0 0 0 0 0 0 0 0 0 0 0 0 0 0 0 59 0 35 0 0 0 0 0 0 0 67 98 0 0 0 0 0 0 66 0 97
44 0 0 96 82 0 41 0 0 9 0 8 0 0 0 0 0 0 0 41 0 0 37 0 0 0 14 0 25 86 0 0 0 0 40 0 49 0 0 6 10 96 0 0 0 60 0 0 0 0
0 0 0 0 0 0 0 0 0 36 0 0 81 0 91 0 0 0 0 0 0 0 0 0 0 0 0 0 0 0 0 0 0 0 0 24 0 0 0 0 0 22 0 0 0 0 0 46 0 0
0 0 0 0 0 0 0 0 0 0 0 0 0 0 0 0 0 0 0 0 0 0 0 0 0 0 0 0 0 0 0 0 0 0 63 0 0 0 0 0 0 0 0 0 0 0 24 0 0 0
0 0 88 0 0 44 0 0 0 0 0 37 0 0 0 0 0 0 0 0 0 0 0 0 51 0 0 0 0 0 0 0 0 0 0 0 0 0 0 0 0 0 0 0 0 0 0 0 0 0
0 0 0 0 0 0 0 12 0 78 25 0 0 0 40 0 0 0 58 0 0 0 0 0 0 0 0 0 0 0 57 0 0 0 2 0 0 0 0 0 6 0 0 0 0 0 0 0 0 0
0 0 0 0 0 0 0 0 0 0 41 0 10 0 78 86 0 0 0 0 0 78 0 0 0 0 0 0 0 79 0 0 0 0 0 0 0 0 0 57 0 0 0 0 0 40 0 0 0 0
0 0 0 0 0 0 0 0 0 55 0 42 0 0 0 0 0 4 39 0 0 0 0 0 0 0 0 0 0 0 28 0 0 0 0 0 0 86 0 0 0 0 0 67 0 0 0 0 0 99
0 97 0 0 0 0 0 83 0 0 0 0 0 0 6 0 0 0 0 0 0 84 0 0 0 56 0 0 0 93 0 0 0 0 58 0 83 0 0 0 0 0 0 0 33 28 0 0 0 0
0 57 90 43 0 0 0 0 0 0 68 0 0 0 0 0 0 0 0 0 21 0 0 0 0 0 0 0 24 0 0 0 82 0 0 0 0 0 0 50 58 0 0 68 0 0 0 0 0 0
0 0 0 0 0 96 94 28 11 0 65 4 0 0 0 0 84 0 96 0 0 38 96 0 0 0 0 0 0 0 26 0 62 92 0 0 0 0 54 0 0 0 0 0 0 0 0 0 0 0
0 0 0 0 0 0 0 0 0 0 0 0 0 0 0 0 0 0 98 0 0 22 0 18 0 82 0 0 0 0 43 91 0 0 76 56 0 12 0 0 0 33 83 0 0 54 0 0 0 0
81 48 0 0 0 0 41 0 0 60 0 0 0 0 0 0 0 0 0 0 0 0 0 58 93 0 0 0 0 28 0 0 0 0 46 0 49 0 0 9 0 63 0 0 0 0 49 0 0 2
0 0 0 66 0 0 0 51 0 0 0 0 0 0 0 0 0 0 0 0 0 0 0 28 0 0 65 0 0 65 9 0 0 0 19 0 98 0 0 0 0 0 32 0 0 0 0 19 0 0
0 40 0 0 0 0 0 0 64 0 0 0 10 0 0 0 0 0 0 10 0 0 27 0 88 0 0 0 71 0 72 0 0 67 8 65 68 0 0 0 0 0 0 0 14 0 0 50 0 0
56 0 0 0 95 0 31 0 0 0 47 0 11 0 0 0 0 30 0 0 0 0 0 90 0 0 0 0 0 0 96 0 0 0 0 0 0 0 0 0 0 0 0 0 0 5 0 0 0 0
0 0 0 0 0 0 0 0 0 17 0 0 0 27 0 0 0 8 0 0 0 65 0 0 0 0 0 0 73 0 0 0 0 0 0 0 0 0 0 12 0 0 0 0 0 0 0 0 0 0
0 0 82 0 18 0 0 0 0 0 0 0 0 0 0 62 0 0 0 0 0 0 0 98 0 0 0 68 0 16 0 0 0 0 0 0 0 0 0 0 0 0 95 0 53 0 0 25 0 7
0 0 0 92 0 0 0 0 0 0 0 0 0 0 0 0 0 7 26 0 0 0 0 0 0 0 0 0 80 20 0 0 0 0 30 0 0 86 85 0 0 0 0 0 0 0 90 0 0 0
0 0 0 0 0 50 0 0 66 8 0 0 0 0 0 57 0 64 0 89 0 67 40 0 0 95 0 0 74 0 96 0 0 17 0 0 0 0 0 0 0 20 0 0 0 0 0 0 0 0
0 0 0 0 0 0 0 0 0 0 0 0 0 0 0 0 0 0 0 0 0 0 0 0 0 0 0 0 0 0 3 0 0 0 0 43 0 0 0 66 0 0 0 0 0 0 0 50 0 62
0 44 0 35 0 94 0 0 0 0 0 0 0 0 0 0 15 0 0 0 0 0 53 0 0 0 3 0 50 13 1 0 0 0 0 0 0 0 0 86 0 0 34 0 0 0 47 54 0 0
0 0 0 0 0 0 0 93 0 0 30 23 48 0 0 0 11 0 9 0 0 0 49 0 27 0 0 0 0 86 0 15 55 0 51 0 0 0 0 10 9 0 0 0 54 0 0 0 0 0
0 0 0 0 20 0 0 0 0 0 75 0 0 0 0 0 0 0 0 0 0 45 61 77 63 0 25 0 0 0 0 0 47 85 0 0 0 30 0 0 0 0 0 0 0 0 49 0 0 0
39 0 0 0 0 0 0 0 0 0 0 0 0 3 20 0 0 0 76 0 0 0 0 0 0 0 0 0 0 0 81 0 0 0 0 20 0 0 0 0 90 3 0 22 0 0 0 0 0 9
