0 30 0 0 10 0 0 0 73 0 0 0 0 0 0 0 94 0 0 0 0 4 0 0 0 0 0 0 18 47 0 75 0 85 88 0 80 86 42 41 0 0 0 0 94 73 12 0 36 0
0 0 0 0 18 0 0 0 0 0 0 0 0 0 43 0 4 0 0 0 0 0 0 15 0 0 5 0 87 0 0 0 0 0 0 0 0 0 76 0 0 40 1 0 0 88 19 0 0 0
56 0 0 76 0 0 51 16 0 0 0 0 0 68 2 65 0 0 0 0 0 0 4 0 0 0 0 0 0 7 33 0 83 0 71 0 0 20 0 44 0 21 0 0 24 7 22 61 0 56
36 15 0 53 77 0 97 0 0 0 60 6 0 0 0 0 64 46 0 75 0 3 0 0 70 62 0 99 58 0 0 0 0 92 0 0 84 0 47 76 89 0 0 0 7 0 0 13 88 7
0 0 47 0 89 13 0 0 11 0 0 0 0 81 61 71 0 0 0 0 0 0 47 0 0 0 86 59 0 21 89 26 0 0 0 0 0 0 0 51 0 25 27 2 0 0 0 0 53 0
0 0 15 0 69 55 0 0 47 73 0 0 0 0 92 0 0 0 0 0 0 0 0 0 0 0 0 0 0 0 64 0 0 61 0 0 0 0 67 69 0 0 6 0 0 0 63 0 0 0
0 86 11 0 0 0 0 0 68 0 0 0 0 15 15 5 0 56 0 0 0 0 0 0 11 0 6 0 0 0 0 0 0 25 0 0 77 0 57 0 0 0 0 0 35 0 0 42 0 65
63 48 7 7 0 25 0 0 0 35 0 0 0 0 12 0 0 0 0 39 54 0 0 0 0 0 99 62 50 23 79 59 0 65 93 0 0 0 0 0 0 0 0 0 0 0 34 0 0 0
35 0 25 73 84 39 0 90 72 0 0 20 86 43 0 0 0 0 0 0 0 0 0 35 0 0 75 0 0 0 0 7 65 13 0 0 52 59 0 14 0 48 0 0 0 70 17 37 6 0
0 0 7 0 63 0 52 0 0 0 0 66 0 0 0 0 0 68 0 41 0 0 0 0 0 0 97 0 0 0 22 66 9 58 0 0 0 0 0 10 0 14 0 5 0 20 4 92 91 0
0 39 61 0 0 0 0 0 0 0 7 0 66 0 0 23 0 0 0 64 0 67 90 0 0 0 0 71 97 0 61 0 0 0 70 70 0 80 0 0 89 0 0 95 0 0 81 0 0 97
0 64 0 0 93 0 0 0 0 0 0 0 0 17 71 0 0 0 0 0 40 0 0 0 22 24 0 68 0 0 0 47 0 0 0 0 89 76 0 57 0 47 0 0 0 0 62 0 0 99
13 0 0 0 0 37 52 0 0 60 0 0 0 0 0 0 84 0 0 60 0 0 0 0 0 0 93 0 0 41 36 70 0 0 0 0 0 0 0 94 0 0 32 0 78 0 0 0 0 0
0 0 0 62 0 3 74 90 46 0 0 0 1 0 0 50 0 93 0 0 0 86 0 0 36 0 0 0 0 0 0 0 0 0 0 0 0 0 26 0 38 81 0 0 94 39 0 91 0 0
0 0 0 76 0 0 0 0 0 0 0 0 0 0 89 0 59 0 0 0 88 0 8 0 0 77 0 0 98 0 0 0 22 84 0 49 43 12 0 0 0 0 0 0 0 22 71 25 70 0
0 0 0 0 0 0 82 0 74 44 0 0 0 0 0 0 0 22 11 0 47 0 0 0 71 0 93 26 0 62 0 0 78 72 0 0 36 0 49 92 0 88 0 13 87 0 2 0 0 40
96 0 0 0 0 44 0 0 25 87 87 25 0 88 63 9 0 51 0 33 0 0 0 91 26 0 87 26 0 0 24 93 0 3 0 84 0 0 0 0 0 0 88 79 0 48 0 0 0 0
0 0 0 0 0 0 0 0 0 38 29 0 75 79 0 0 83 61 0 0 0 58 0 71 0 0 0 0 0 0 0 67 89 0 0 0 0 0 0 30 77 0 0 0 0 0 0 80 84 0
0 0 0 0 0 81 13 0 92 64 0 0 0 33 0 0 0 37 0 0 43 0 0 89 86 68 86 0 0 0 0 0 0 98 0 59 0 0 0 0 0 58 0 0 67 82 0 0 0 0
0 0 65 0 22 48 14 0 11 66 0 75 0 0 0 0 0 0 0 0 0 0 0 0 0 0 0 0 98 0 0 0 0 8 0 0 66 73 4 0 4 0 0 0 0 0 10 0 10 4
0 0 23 0 37 7 0 81 0 0 0 0 0 0 0 0 71 0 0 0 0 0 77 36 0 36 0 0 0 0 46 28 0 0 49 0 52 30 0 0 0 0 0 0 0 85 0 0 0 73
37 0 0 0 0 0 0 20 0 0 89 0 0 0 0 0 92 0 0 0 0 0 0 27 0 0 93 0 0 64 29 0 0 0 0 0 0 70 0 0 0 0 0 0 75 17 0 38 68 0
0 0 68 0 0 0 0 32 0 0 0 0 0 80 0 0 0 64 85 0 0 0 0 0 0 0 0 0 30 0 86 0 0 0 42 0 64 0 0 89 0 0 0 0 0 0 0 0 4 81
0 0 68 0 0 3 38 0 89 0 0 0 95 0 41 0 0 46 73 7 0 0 15 65 0 0 0 0 5 0 48 59 0 0 60 0 0 0 6 0 0 0 62 0 6 0 0 0 0 0
0 0 46 0 0 0 0 6 0 0 0 0 61 89 0 0 0 15 25 0 0 95 56 0 64 60 0 0 66 0 0 0 0 0 37 0 0 0 69 53 0 18 0 0 0 85 21 0 13 0
0 79 0 0 0 0 0 0 29 0 0 0 81 0 0 46 0 39 0 3 77 32 45 0 0 82 32 0 0 0 0 0 13 21 92 63 0 55 0 40 0 0 0 0 0 0 0 0 0 15
0 98 54 0 0 0 0 73 0 0 0 25 0 0 0 0 32 95 0 0 85 1 0 0 0 0 0 0 0 0 0 0 0 0 0 0 0 0 0 0 60 0 0 0 0 0 58 64 0 0
1 7 0 0 52 0 0 5 0 77 0 0 0 27 0 0 0 0 0 0 11 0 61 0 31 0 0 87 99 0 0 0 0 0 46 0 0 0 0 0 0 69 0 0 0 0 66 0 0 0
0 0 57 80 0 0 0 58 0 28 0 0 0 0 0 0 0 0 85 1 0 0 66 0 0 0 73 81 0 42 0 14 27 0 0 0 0 32 0 4 0 0 0 0 0 85 0 50 0 0
92 0 0 0 0 0 0 0 0 0 0 10 0 0 90 0 61 0 0 0 6 0 0 74 0 0 12 83 0 0 0 11 86 51 0 0 0 0 13 49 0 0 22 0 0 30 91 0 0 0
