0 0 0 83 0 0 0 0 0 0 0 85 0 17 0 0 0 0 0 81 0 66 0 0 0 46 0 0 0 0
0 0 0 47 0 64 0 0 0 0 42 15 0 30 0 0 0 88 41 0 0 0 94 0 0 71 0 0 0 0
58 0 0 0 0 0 0 0 0 0 0 98 0 0 58 0 12 69 0 0 0 29 1 0 0 0 0 0 0 0
0 56 0 0 0 0 0 0 0 0 99 0 65 0 0 52 0 12 0 0 33 49 0 0 0 0 0 0 57 0
0 0 0 0 4 0 67 0 5 0 0 0 0 40 0 0 53 0 0 0 42 0 86 20 0 0 83 0 12 0
0 0 0 0 0 0 0 22 0 0 65 64 65 0 0 0 0 39 1 0 0 6 0 0 0 0 89 27 0 0
0 0 57 0 61 0 0 14 9 6 0 0 88 0 0 0 49 0 0 0 0 6 71 0 7 0 60 0 0 0
0 86 0 57 28 0 21 0 0 45 8 0 0 2 0 0 0 49 61 0 0 0 2 0 0 0 0 18 21 0
0 40 0 0 0 0 0 0 0 82 0 0 0 36 0 0 12 0 0 0 0 0 90 0 0 30 26 73 0 4
51 0 0 0 29 36 0 38 45 0 0 0 0 82 0 0 0 0 62 3 35 0 0 0 0 0 0 0 0 88
0 77 3 0 0 54 28 0 46 0 0 0 0 0 0 0 54 17 0 0 0 31 0 0 10 0 0 59 0 0
0 0 0 0 82 0 79 8 87 0 0 0 65 0 0 0 21 0 29 0 0 23 98 0 0 0 0 0 0 0
0 0 92 0 0 55 0 0 26 0 0 0 22 38 0 0 0 1 0 0 0 0 0 0 9 0 0 59 40 0
0 0 0 0 58 40 1 67 85 0 0 0 0 33 0 0 0 0 43 70 0 0 0 82 77 0 0 0 58 55
35 0 0 0 61 0 0 0 77 0 0 0 0 18 0 0 0 0 92 0 76 0 0 0 0 39 0 83 59 98
0 0 0 0 77 0 0 0 0 26 0 0 0 0 0 0 0 2 0 42 0 0 0 87 61 0 0 2 0 0
0 53 37 0 20 0 0 22 72 0 0 0 59 0 0 0 44 0 36 0 0 0 37 0 0 69 0 47 0 0
83 34 44 32 0 0 0 0 37 0 91 0 0 0 97 19 0 0 0 0 0 97 35 1 0 0 75 87 0 0
0 0 0 0 0 0 35 0 72 0 0 0 0 53 0 0 0 0 0 0 0 0 0 0 0 0 0 0 0 0
0 0 0 0 14 0 57 0 0 84 97 0 0 0 19 0 36 12 0 0 0 33 0 0 0 0 0 36 0 0
0 0 0 0 21 95 0 18 79 0 30 0 0 0 0 0 0 92 0 95 0 0 9 20 51 0 0 0 0 95
33 0 0 23 56 52 0 87 0 30 49 0 36 0 3 19 60 0 0 0 85 32 0 28 1 0 0 27 0 40
0 54 34 0 0 0 0 0 0 0 91 0 0 7 0 0 0 95 0 19 0 74 0 22 0 0 0 25 0 34
0 77 0 0 57 0 0 48 1 0 0 0 30 0 0 15 0 60 6 0 0 43 0 0 38 0 0 35 0 0
77 69 0 0 41 61 46 71 27 0 89 0 3 95 0 0 0 82 0 0 0 93 65 0 0 58 0 0 0 0
0 0 0 0 0 0 24 15 0 0 66 0 0 0 0 0 0 0 0 0 49 0 0 0 61 56 9 34 0 42
52 85 22 83 0 0 0 38 0 0 0 0 58 62 0 0 0 0 0 0 79 28 0 0 0 0 0 61 80 0
54 0 70 0 0 0 0 0 0 0 0 0 4 0 0 0 0 52 0 97 0 49 0 11 0 0 72 94 0 0
0 0 0 0 0 0 5 52 0 0 0 71 0 0 0 0 0 78 63 0 0 0 25 12 0 0 71 69 0 0
0 0 0 96 0 71 0 0 58 0 0 0 0 0 96 0 0 71 0 0 0 0 98 0 0 40 5 0 0 91
0 73 20 0 0 0 0 0 0 0 0 0 20 0 0 0 0 97 97 0 80 27 26 0 33 11 0 8 0 0
40 0 0 0 0 0 0 0 96 0 22 0 0 1 0 0 0 36 76 82 16 7 0 78 6 0 0 0 0 91
0 31 0 0 0 77 0 61 0 80 93 0 0 0 33 62 0 49 0 0 0 0 0 0 0 0 0 96 0 0
0 91 0 0 0 0 0 0 0 0 0 0 77 0 0 0 63 0 0 0 80 0 0 4 0 81 4 0 57 42
0 0 0 0 0 22 0 57 28 0 0 0 0 89 0 0 30 0 97 0 0 0 12 0 91 99 0 0 0 32
0 0 53 0 98 58 79 0 95 0 73 0 28 0 94 0 0 0 0 68 0 0 0 0 0 55 0 0 45 94
80 0 0 16 46 0 0 0 0 0 0 0 0 79 34 0 0 40 29 0 0 20 0 8 0 0 0 0 0 0
0 0 0 90 0 0 0 56 42 0 0 0 0 70 0 0 0 0 0 22 0 0 0 0 0 0 0 0 70 0
0 0 0 0 0 0 0 0 0 0 93 0 6 24 13 75 0 0 0 0 60 93 0 0 1 0 0 0 41 0
70 65 0 87 0 0 0 0 0 0 0 0 93 74 69 55 0 0 0 0 0 27 0 0 0 85 0 0 23 0
83 36 0 0 97 0 51 20 0 0 86 0 0 0 0 91 0 0 0 17 46 23 0 56 0 46 10 0 0 0
0 85 0 0 0 61 0 0 0 0 0 0 0 41 44 69 94 0 0 0 89 0 60 0 0 0 55 0 0 38
0 0 0 11 98 0 24 13 0 55 0 78 0 0 0 0 0 45 53 0 0 0 11 98 27 0 44 0 36 52
0 32 0 78 13 0 83 0 0 0 4 0 0 77 0 0 0 44 0 3 0 0 0 0 0 0 0 0 0 0
0 0 55 0 0 0 0 0 61 0 38 31 0 0 0 36 5 0 0 18 0 10 0 0 10 16 97 96 3 66
0 82 0 57 43 0 15 0 0 0 0 0 0 0 0 8 0 0 0 0 0 0 0 0 29 95 0 0 0 0
0 91 0 0 0 0 0 0 0 0 0 0 59 1 0 0 0 15 78 0 0 0 42 0 0 60 31 0 0 0
90 0 0 0 4 67 0 7 0 0 0 0 0 60 74 0 2 0 0 0 4 0 0 63 0 0 0 0 0 0
0 0 0 68 0 0 0 0 95 0 0 0 41 0 0 22 0 62 1 78 0 0 65 0 0 0 0 0 40 0
76 0 59 0 0 0 6 0 0 0 0 43 0 0 0 2 0 0 28 30 0 9 0 56 70 35 0 66 38 34
