0 0 0 0 0 36 0 0 0 0
0 0 0 0 22 0 0 0 86 0
0 0 0 0 0 0 0 0 0 0
0 0 0 0 0 0 0 0 0 0
0 44 0 97 0 15 0 0 0 14
0 0 0 0 0 0 27 38 0 0
0 0 74 0 71 0 0 0 88 0
0 27 0 0 73 0 0 82 62 0
0 0 0 0 0 0 0 0 71 0
0 0 0 0 0 0 0 0 0 0
0 0 0 0 46 0 76 0 0 96
0 0 0 0 0 0 0 0 26 0
0 0 0 0 62 0 0 0 0 0
0 0 0 0 0 0 93 87 0 0
0 80 0 0 0 15 0 91 0 62
0 0 0 45 0 0 46 0 73 0
0 0 0 0 0 0 0 0 40 0
11 0 0 0 0 0 0 0 50 50
0 0 34 0 0 61 65 0 0 0
59 0 75 0 0 0 0 0 91 0
0 0 28 0 0 0 0 0 54 0
0 0 0 0 0 0 71 0 0 0
0 0 0 0 0 0 17 0 0 0
0 0 0 0 0 0 0 0 96 0
0 0 71 58 93 83 27 0 0 0
0 0 0 0 0 0 0 0 0 0
10 0 66 0 0 0 0 0 0 0
0 0 0 15 12 0 0 0 0 0
0 0 28 0 0 0 0 0 20 0
64 0 0 0 0 0 0 93 0 0
0 63 0 0 0 0 0 0 58 0
0 0 0 0 0 0 0 0 0 0
0 0 0 0 0 73 0 0 98 0
0 22 0 0 0 67 46 25 0 45
0 5 0 0 0 0 0 0 0 0
0 93 0 0 0 0 78 0 51 0
0 0 0 0 56 0 0 0 30 99
40 0 0 0 0 0 0 0 0 0
0 0 0 37 0 0 0 0 0 0
0 0 13 0 0 98 0 0 0 11
