0 0 10 24 12 0 0 0 12 0
0 0 0 0 0 0 0 0 0 0
0 0 0 0 0 37 0 42 0 0
0 0 0 0 0 64 0 97 74 54
0 0 0 0 0 10 0 0 3 92
0 0 0 0 0 0 0 0 0 0
22 0 0 0 3 0 0 0 0 99
51 99 72 79 0 14 54 0 0 0
90 0 0 17 0 0 0 94 0 0
0 0 0 78 35 0 43 0 77 0
0 19 78 0 0 45 0 0 0 0
0 5 0 0 0 90 93 0 0 0
61 0 0 0 0 0 0 0 39 0
20 0 0 65 0 0 56 0 0 0
0 0 0 0 44 0 58 0 0 0
0 6 0 0 76 0 54 0 0 87
0 0 0 0 0 0 68 0 0 0
10 0 0 3 0 0 0 0 0 0
80 0 0 0 95 0 0 0 0 34
41 0 0 40 0 0 3 48 0 0
0 80 0 9 0 0 0 0 0 0
74 52 0 0 0 0 0 47 0 0
0 0 0 0 0 0 25 74 0 93
0 0 2 99 0 0 0 0 34 0
0 0 0 0 93 0 0 0 0 0
0 0 0 54 0 0 0 0 8 5
0 0 0 0 4 0 0 0 0 0
31 0 0 0 0 0 0 0 0 0
0 0 0 0 0 0 0 0 27 0
0 0 0 0 0 0 88 0 0 0
0 0 14 0 0 47 0 68 0 48
81 0 52 0 0 80 0 0 0 35
0 37 99 0 21 0 14 0 0 0
0 0 0 0 0 0 0 0 0 0
0 0 0 0 0 0 0 0 0 0
0 0 0 0 0 0 0 13 0 0
90 0 36 64 96 0 0 0 0 0
0 0 85 70 0 0 0 0 0 0
0 0 0 77 0 0 0 93 0 0
52 0 0 0 19 0 17 0 0 0
0 0 55 0 0 0 0 0 0 73
0 0 62 0 0 0 0 0 0 18
0 53 0 0 0 0 51 5 0 0
0 0 0 0 0 0 0 63 0 0
0 0 0 0 0 0 0 0 0 12
91 85 79 56 6 0 0 14 0 0
0 0 0 0 0 41 0 0 83 0
0 32 27 0 0 96 15 0 0 0
61 0 98 0 0 0 0 0 90 0
0 0 67 0 0 0 0 73 0 0
