0 0 0 0 0 90 22 0 0 0 0 0 77 0 0 86 0 0 0 0 0 0 0 0 3 0 78 0 0 0 0 0 0 0 0 0 0 96 0 0 0 32 0 0 0 47 0 0 0 0
0 0 0 0 0 0 0 0 42 0 0 0 0 0 78 65 0 0 89 0 0 51 0 0 27 0 0 0 24 0 56 0 0 0 0 0 0 0 0 0 47 0 0 0 52 0 0 11 0 0
0 0 0 0 0 65 0 0 0 0 0 0 0 0 0 0 0 0 0 0 0 0 0 0 0 0 0 0 0 14 0 0 0 96 0 0 0 0 0 0 0 0 78 0 0 0 11 0 0 0
0 0 0 0 0 82 0 0 0 0 0 0 45 39 0 0 69 0 0 0 0 0 86 0 0 47 78 0 0 99 0 0 41 0 16 1 0 0 52 0 0 0 0 0 0 0 0 57 0 0
0 45 0 0 0 0 0 0 0 0 0 0 57 0 0 0 0 0 0 0 0 62 57 0 0 0 0 0 0 0 0 0 0 0 0 0 0 0 0 96 0 0 0 89 93 0 0 0 27 0
0 0 0 46 0 0 0 0 80 0 0 0 0 0 0 0 0 0 0 0 0 0 0 0 0 0 0 0 0 0 33 6 0 0 0 0 0 0 0 0 0 0 0 42 0 0 92 0 52 0
45 0 0 0 0 0 0 99 0 0 0 0 0 0 74 0 0 19 0 0 71 0 0 0 0 0 0 0 0 0 0 71 0 0 0 0 0 0 0 0 0 0 75 0 0 0 0 46 0 0
0 0 0 0 0 0 0 40 0 0 0 0 22 0 0 9 78 0 15 0 0 0 0 0 0 0 0 0 0 0 0 0 0 0 0 0 0 35 0 91 0 0 60 0 40 17 0 0 0 0
0 73 0 0 0 3 98 0 0 0 0 0 97 0 0 0 0 32 0 0 0 0 0 0 0 0 0 0 0 75 32 0 0 0 0 0 0 0 0 0 0 0 0 28 0 0 0 0 0 92
0 35 0 0 95 0 0 14 73 0 0 0 91 0 21 0 0 0 0 93 0 37 0 0 0 0 0 0 0 57 0 0 0 0 0 40 0 0 0 0 0 0 0 0 0 48 0 0 0 0
0 0 0 0 0 0 0 0 0 0 0 0 0 0 0 0 0 0 0 0 0 63 0 0 0 0 0 0 0 88 0 0 0 0 20 0 0 80 0 0 37 0 38 0 0 0 79 79 0 59
0 0 0 0 96 0 97 0 0 0 48 0 0 0 0 0 0 0 0 0 0 52 0 0 0 0 0 0 10 0 42 0 0 0 0 0 0 47 0 0 83 0 0 0 9 0 0 65 0 0
48 0 0 0 0 0 0 0 0 0 0 0 0 0 49 0 0 0 0 0 0 0 0 2 89 0 0 0 0 0 0 0 0 0 0 62 0 0 0 0 0 0 0 0 0 0 0 0 0 0
0 0 0 0 0 0 0 0 0 59 28 0 0 0 0 0 0 0 0 0 0 0 0 0 0 0 0 13 0 0 56 0 0 0 0 0 0 78 0 1 29 19 29 30 0 0 0 62 0 0
0 0 0 84 0 0 22 7 97 0 0 89 0 46 0 0 0 0 0 0 0 0 0 0 0 0 0 0 0 0 20 0 73 0 0 34 31 0 44 0 14 97 0 0 0 0 0 0 0 58
39 0 94 0 0 62 12 0 0 0 0 0 0 0 0 0 0 0 0 0 77 23 0 0 0 0 0 0 0 0 0 12 0 0 95 0 0 0 61 0 6 0 33 59 0 48 0 0 0 0
56 0 0 0 30 0 0 0 9 41 0 0 0 6 0 0 0 0 0 0 5 0 0 0 0 0 0 0 46 0 0 0 0 3 0 0 0 0 0 0 0 0 0 86 0 0 0 0 0 28
0 0 0 0 0 0 0 0 0 0 0 52 0 0 0 0 0 0 0 0 0 0 52 56 0 0 0 0 0 0 12 0 0 5 18 0 18 83 0 0 0 0 99 72 0 47 61 95 0 0
0 45 0 0 0 0 0 0 0 0 0 0 0 0 0 57 61 0 50 0 0 0 0 0 0 8 0 0 0 0 0 0 3 0 0 0 93 0 93 0 0 0 19 0 0 0 31 0 0 0
0 0 0 0 0 0 80 33 0 0 77 0 0 0 57 0 0 0 0 0 70 19 0 0 0 79 0 72 0 48 22 0 0 0 17 0 98 0 0 0 0 0 0 55 0 0 0 0 0 0
