0 0 0 0 0 94 94 0 0 0
0 19 0 0 73 0 10 0 0 73
0 0 0 86 43 0 56 8 10 0
0 88 0 0 0 0 0 0 0 0
42 0 0 0 46 62 5 0 0 24
72 0 0 88 0 0 0 0 87 0
0 0 0 0 47 52 0 94 0 0
0 0 0 0 0 0 33 0 0 9
0 0 0 0 8 0 95 86 0 34
0 18 0 93 0 0 0 26 0 58
0 2 0 0 0 79 0 18 45 0
0 0 0 0 0 34 13 0 0 0
0 0 0 0 0 0 0 0 93 0
0 0 0 0 0 0 16 0 0 0
83 0 0 0 9 73 50 87 0 91
0 0 0 87 0 4 0 0 0 0
0 0 0 9 50 0 0 0 36 85
0 0 48 0 25 0 0 22 98 70
0 49 73 0 0 31 0 26 0 58
0 0 0 0 0 0 65 0 62 36
0 97 53 0 0 0 0 0 0 0
47 28 0 1 0 0 0 80 0 68
57 60 0 0 63 0 0 0 43 97
0 21 0 0 0 0 0 0 31 0
0 37 0 90 0 29 68 0 44 1
0 0 0 72 0 0 0 79 0 0
0 0 0 0 0 0 0 16 0 0
0 0 0 0 0 0 0 0 0 0
0 76 0 0 80 0 0 68 0 87
42 56 0 29 7 63 0 77 0 88
