30 0 0 95 0 0 0 97 0 0 0 0 38 17 0 0 8 0 40 0 17 0 71 0 0 26 0 0 0 0 0 0 0 0 41 0 0 75 0 22 20 0 0 0 0 0 0 80 0 0
0 0 0 0 0 0 0 0 0 0 33 0 83 60 0 0 0 0 0 0 0 74 3 30 86 0 0 40 0 0 60 97 0 0 0 0 0 0 0 0 34 0 10 0 97 0 48 0 0 46
12 0 0 0 2 85 54 0 57 92 0 0 0 0 0 0 0 0 69 0 0 0 0 0 70 0 0 0 0 0 0 0 1 90 0 0 93 0 0 0 0 0 0 0 0 95 0 0 0 0
0 0 0 0 0 14 0 0 56 90 0 72 0 0 0 94 0 0 0 0 0 0 0 0 0 26 0 0 10 0 0 0 0 0 0 0 0 0 48 0 0 0 0 51 0 10 36 0 0 94
0 0 15 58 43 0 0 0 32 0 0 0 0 0 82 0 73 0 0 0 0 0 0 69 0 0 0 0 0 0 82 0 0 0 0 0 0 0 25 62 16 0 0 0 0 0 0 0 0 0
0 0 0 0 0 0 0 0 0 0 0 0 0 0 0 72 0 92 0 0 0 0 2 0 0 0 0 0 0 0 83 0 0 0 73 0 0 0 0 7 0 0 0 0 0 0 0 67 17 96
0 0 0 22 0 7 72 0 38 15 0 0 0 0 0 0 54 0 0 0 97 29 0 20 0 0 0 0 0 0 0 0 0 0 0 55 32 0 0 0 0 0 0 0 87 26 0 0 0 0
0 66 0 0 0 0 0 0 35 52 0 43 0 0 0 0 0 0 0 98 75 0 19 0 0 28 0 44 0 0 0 0 94 0 0 0 0 0 0 0 0 0 0 68 20 0 0 0 78 0
0 0 0 0 0 0 0 39 0 0 0 0 0 0 0 0 2 0 0 0 0 0 0 0 35 0 0 0 88 5 60 0 0 20 0 0 0 0 0 0 0 0 0 0 91 0 0 31 0 0
0 0 0 0 0 0 0 61 0 0 0 0 0 0 0 0 0 0 0 35 0 0 0 0 28 63 0 0 0 0 76 0 0 0 0 93 46 0 0 84 0 0 0 33 0 4 0 0 16 14
0 0 0 0 72 0 38 85 0 78 0 0 0 0 3 0 84 0 0 0 0 0 47 0 0 0 0 0 0 0 0 39 0 53 0 43 0 0 0 0 0 33 74 88 0 0 0 0 0 0
87 41 0 92 0 0 0 0 0 0 0 0 0 0 0 0 64 78 0 0 0 40 0 0 0 0 0 57 13 0 66 8 0 0 76 0 89 0 0 0 43 0 0 0 0 25 0 53 63 0
0 0 0 0 81 0 0 98 0 0 13 37 0 0 0 0 0 43 0 0 0 0 0 0 78 0 0 0 0 0 0 0 0 22 0 0 0 0 0 0 53 0 22 0 0 98 0 0 0 0
0 37 0 80 0 0 0 0 0 49 40 0 0 0 0 0 89 0 0 0 47 9 0 0 45 0 94 0 0 0 60 0 0 0 0 0 0 0 0 13 0 0 84 0 0 0 0 0 0 0
0 0 0 0 0 0 49 0 0 0 0 14 0 0 0 0 0 0 0 94 0 34 0 17 98 0 0 90 0 0 0 0 0 0 0 0 0 14 0 0 0 0 0 0 0 17 70 0 0 0
72 0 96 19 0 0 0 0 0 0 0 29 0 0 0 93 0 0 0 0 0 0 0 0 4 0 0 69 83 0 55 21 0 0 0 98 0 0 0 0 0 0 0 0 69 68 33 0 0 88
0 0 0 0 0 0 0 0 0 16 0 73 0 72 20 27 0 0 0 0 0 0 1 0 90 0 0 0 0 0 0 0 32 0 10 0 0 0 99 0 0 0 0 0 0 0 0 0 0 0
0 0 0 0 0 46 0 0 0 0 74 0 50 95 27 0 0 34 0 3 73 0 10 0 0 0 72 48 0 0 50 53 0 0 34 0 0 89 0 0 0 14 0 0 0 0 0 0 0 0
0 0 0 0 55 34 0 25 52 0 0 0 17 0 0 97 0 0 74 0 15 0 0 0 0 0 0 0 0 8 0 99 0 0 0 0 0 27 0 0 0 0 0 0 0 0 0 0 0 0
0 0 0 29 44 0 0 53 0 0 0 0 72 0 0 0 0 0 0 0 0 0 0 0 0 0 0 0 0 76 0 0 60 0 0 0 0 0 27 6 0 0 0 0 0 0 0 0 72 0
0 0 0 0 0 0 0 79 0 0 5 0 86 0 0 87 0 0 0 53 0 76 1 0 50 0 0 0 0 0 0 75 0 30 0 0 83 0 0 0 0 0 86 0 0 0 0 0 0 0
0 26 0 0 0 0 0 7 27 10 4 0 0 0 0 5 0 0 0 31 71 75 0 0 54 0 0 0 31 27 0 0 0 0 0 0 10 0 87 0 0 75 0 0 0 0 0 0 0 57
0 0 0 0 87 0 0 55 0 0 86 0 0 0 0 0 0 21 0 0 0 0 0 0 0 0 0 2 0 0 98 0 0 45 0 76 0 0 0 0 6 0 0 0 6 19 0 0 14 0
0 0 54 0 49 0 0 24 0 0 2 90 0 0 0 0 0 0 0 0 94 0 77 0 40 28 31 0 0 0 0 0 0 0 0 0 0 0 0 0 0 0 0 35 29 0 0 0 0 0
0 0 0 0 0 0 0 46 0 53 0 66 0 0 0 59 0 8 20 0 0 0 82 0 0 0 12 43 0 0 0 21 0 0 0 0 0 0 0 42 0 0 0 0 0 36 0 0 0 0
0 89 0 0 63 52 0 0 78 0 0 0 0 96 0 87 0 0 0 0 0 87 0 97 7 0 0 0 0 26 59 0 0 0 0 0 0 73 0 0 0 0 0 0 4 0 0 42 84 0
59 59 0 0 87 0 10 0 22 14 0 42 0 0 0 0 0 0 0 47 34 34 0 62 24 0 28 78 0 97 0 0 0 97 44 0 0 0 0 87 0 0 0 0 34 58 0 0 0 0
0 0 72 59 0 0 0 0 0 0 0 0 0 0 0 0 0 42 0 0 0 0 0 0 0 0 47 20 0 0 83 0 85 0 0 0 0 0 0 32 0 0 0 50 0 0 0 0 0 0
0 71 0 0 0 0 0 35 0 0 0 0 0 0 28 75 98 0 0 0 0 24 0 0 0 0 7 56 0 0 0 0 14 33 0 0 0 0 0 0 68 0 0 0 0 0 0 0 68 0
0 0 0 0 0 5 0 0 0 0 31 0 53 82 0 85 0 0 0 0 0 0 0 0 0 52 0 0 86 0 0 0 0 0 0 0 0 0 0 0 0 0 0 0 0 0 0 0 0 0
0 0 0 0 7 0 51 0 0 0 99 0 0 69 84 0 0 0 0 0 0 86 0 0 83 0 76 0 0 0 0 0 0 0 18 0 0 26 0 73 0 0 0 0 47 0 48 0 0 94
0 0 0 4 0 37 0 0 0 4 0 0 0 3 0 14 0 0 0 0 0 0 0 0 83 78 0 0 0 0 0 35 0 0 0 0 0 0 0 91 0 0 0 0 0 0 0 0 0 0
0 0 0 0 0 18 50 0 0 0 32 0 0 0 0 0 0 81 0 0 58 62 44 41 43 0 0 0 0 0 0 0 0 0 0 60 49 0 39 0 0 0 0 0 0 0 21 35 6 0
0 48 19 0 0 0 0 0 58 18 43 0 0 0 0 0 0 0 0 0 0 0 0 0 0 0 0 0 28 0 23 0 50 0 65 0 49 0 0 0 55 0 0 0 41 0 0 0 0 49
0 0 0 0 0 0 0 0 88 0 0 0 50 0 0 0 0 0 0 0 16 0 0 0 0 0 0 0 0 0 0 0 69 0 0 0 0 0 0 0 0 0 0 0 0 0 0 0 0 78
56 0 0 0 66 0 0 0 0 92 0 0 0 35 0 0 0 0 0 0 65 14 0 18 98 0 0 30 0 0 0 7 26 0 0 0 0 53 0 32 36 0 0 36 0 0 0 0 0 0
71 66 0 0 0 6 0 0 54 0 0 58 3 0 0 0 0 0 0 0 0 0 0 97 0 0 0 0 0 57 0 0 0 0 89 85 0 0 0 0 0 86 0 0 30 0 0 0 0 0
0 57 0 0 0 0 0 60 0 0 0 0 0 0 16 0 0 0 0 63 0 0 0 0 58 12 0 0 0 0 0 0 64 93 0 65 55 0 51 63 78 0 0 0 0 0 12 0 79 0
0 0 0 62 10 0 0 0 40 0 0 0 50 55 0 0 0 0 0 0 6 0 0 0 8 0 0 0 0 0 0 0 0 0 53 0 34 89 0 0 5 0 30 0 7 0 0 0 0 0
56 0 0 82 0 0 0 0 63 0 55 0 0 59 0 0 92 0 7 0 0 25 58 0 0 0 0 0 16 0 0 62 13 0 0 90 0 0 0 0 0 0 54 0 0 0 0 29 0 0
67 0 0 68 0 0 0 0 0 0 36 0 28 0 0 55 40 0 12 0 0 0 0 0 0 8 0 0 0 39 39 0 0 20 28 0 0 42 0 0 0 0 0 0 0 0 91 0 0 0
0 55 0 0 0 36 0 0 0 0 0 0 0 77 71 0 0 0 85 0 49 0 0 0 0 0 0 59 0 0 62 0 0 0 0 0 78 0 0 0 0 0 0 0 0 0 0 0 0 0
0 0 0 0 60 0 0 61 92 80 0 0 0 66 0 0 0 28 35 0 18 49 0 0 0 0 0 0 0 0 0 0 0 0 0 0 0 10 29 0 0 0 31 0 0 0 0 0 0 0
0 0 0 35 0 0 0 0 6 87 0 77 0 0 33 76 16 19 0 28 57 0 0 0 0 0 32 0 0 0 0 0 0 11 0 0 0 43 0 0 0 83 90 0 60 0 90 77 0 0
63 0 82 53 0 0 0 0 0 28 0 0 0 0 0 0 0 0 0 0 0 84 30 0 40 0 0 0 0 0 0 0 17 0 0 0 0 0 93 0 0 0 0 0 60 59 72 0 0 0
0 0 0 0 0 0 57 0 0 0 0 60 89 0 0 31 0 0 0 0 0 0 0 0 92 0 0 0 0 0 0 0 0 47 0 59 10 0 0 0 0 91 0 0 0 78 0 7 34 0
0 28 0 0 0 0 0 0 0 0 28 0 0 0 46 0 0 2 0 77 0 0 0 0 0 0 0 0 0 0 0 31 0 0 0 0 0 98 0 0 0 14 0 0 48 0 27 0 0 0
0 0 0 0 0 0 0 0 88 0 0 50 0 0 75 0 19 0 41 89 0 0 0 0 0 65 0 0 0 0 0 0 0 0 4 0 87 46 0 0 0 0 0 0 0 0 0 0 0 0
0 0 0 0 0 0 0 24 93 0 0 0 74 0 0 0 0 0 64 0 0 34 0 0 0 97 0 76 0 16 0 0 0 0 0 0 0 0 0 0 46 0 0 0 0 0 0 0 91 0
0 0 0 42 18 0 49 34 0 94 0 63 0 0 0 0 28 0 0 0 67 0 85 0 0 0 0 0 27 0 0 46 0 6 0 0 0 32 0 0 4 0 2 0 0 0 61 0 0 0
