0 0 0 36 0 0 50 0 0 0 0 0 0 0 0 0 0 0 44 44 0 0 0 0 0 40 0 0 0 0
90 0 0 0 0 0 0 0 0 0 0 0 70 0 0 61 0 31 0 0 0 0 80 0 0 0 73 2 0 24
0 0 0 0 0 82 0 0 52 66 0 0 0 0 0 88 0 0 0 98 0 0 0 15 0 92 0 0 0 0
0 0 0 0 80 0 0 67 0 7 0 54 0 0 0 0 94 0 0 0 0 12 0 98 0 9 0 0 2 10
85 0 0 0 18 0 0 0 0 0 66 0 0 0 86 0 0 0 9 16 24 0 13 0 79 0 96 0 43 0
0 52 28 0 0 73 0 80 0 55 0 47 39 44 59 55 0 24 0 0 0 22 0 0 0 23 0 50 12 85
0 90 0 20 87 54 85 63 0 0 17 73 0 0 73 0 76 0 0 0 96 0 0 63 0 92 0 24 0 0
0 45 3 0 61 81 99 0 52 0 0 0 0 0 72 0 0 0 0 0 0 0 0 22 0 19 59 0 0 0
2 11 0 41 0 2 0 0 57 0 0 83 56 0 0 0 0 30 0 56 0 78 29 64 28 0 0 90 34 0
0 84 0 0 0 0 47 0 83 0 0 0 0 0 40 0 55 85 59 0 0 0 14 0 0 0 0 80 0 0
62 0 0 0 0 0 0 0 87 0 0 27 93 96 0 0 96 0 0 0 0 0 80 71 0 0 11 0 0 0
96 0 0 68 41 65 0 0 0 0 0 57 0 61 0 0 0 0 84 73 25 0 24 0 0 94 0 0 0 0
0 0 0 0 94 10 75 36 32 0 0 94 0 0 79 0 0 58 96 0 0 0 0 0 0 95 48 0 57 0
50 28 0 92 0 70 0 0 53 47 0 0 92 0 0 0 0 0 0 0 0 0 0 0 79 0 0 0 0 48
28 73 0 0 0 0 21 0 0 69 0 0 0 26 0 0 41 79 0 0 0 0 0 0 0 0 21 74 0 0
0 0 0 0 0 59 0 0 0 20 0 86 0 0 0 0 63 0 0 0 0 0 0 0 0 0 0 0 0 0
0 0 0 0 0 0 0 0 21 0 0 0 0 26 55 0 0 0 0 1 0 18 0 0 22 0 0 0 0 0
0 0 62 0 31 0 71 46 0 73 62 0 0 0 57 0 0 0 0 51 0 0 11 76 47 0 75 0 0 0
0 0 41 0 0 73 86 0 0 99 70 95 0 0 0 71 0 0 0 0 0 3 17 39 7 0 12 0 78 0
0 0 0 0 0 0 0 0 92 0 0 62 0 0 83 0 0 0 48 0 0 0 0 0 6 11 0 0 0 72
