0 0 0 0 0 0 36 0 0 0 0 0 26 99 0 0 0 0 0 46 0 0 0 0 0 0 62 0 0 0 0 0 16 0 0 0 0 0 76 36
0 0 0 0 0 0 0 82 0 15 0 0 0 0 0 0 0 0 0 0 0 39 0 0 0 0 3 0 0 0 0 0 0 64 0 0 0 0 0 0
0 0 0 0 0 0 0 0 0 0 49 0 17 0 50 0 0 0 0 0 0 0 0 0 45 0 0 0 50 0 53 75 0 0 0 0 0 0 0 0
0 0 91 87 0 0 0 0 0 0 0 75 0 0 0 24 0 0 0 0 0 0 0 0 0 0 0 22 0 0 0 0 0 0 92 0 0 93 0 0
0 0 48 0 77 0 0 41 0 0 0 0 30 0 0 0 0 0 0 0 0 31 0 0 0 0 30 0 0 0 0 0 0 32 8 0 79 0 0 0
0 0 0 0 0 0 0 36 0 0 0 0 0 0 0 0 71 0 0 0 0 35 0 0 0 56 77 0 21 0 0 0 0 0 0 0 0 0 0 79
45 0 0 0 31 15 0 0 0 0 56 0 0 0 0 0 11 0 0 55 42 38 16 12 0 0 0 0 0 0 0 0 0 0 0 0 0 0 0 0
11 0 0 0 0 76 0 0 0 0 0 0 0 0 61 0 0 0 0 0 0 29 41 91 0 0 0 0 0 0 0 55 96 0 0 0 0 0 25 83
52 0 0 0 69 0 0 0 0 0 0 0 0 0 0 0 0 0 0 0 0 0 0 0 0 7 0 0 0 0 0 0 0 8 0 0 0 0 61 86
0 0 8 0 0 0 19 0 0 0 0 45 0 0 0 0 0 61 0 0 0 7 0 38 0 0 0 0 0 63 0 0 0 0 0 15 0 0 0 0
