0 0 51 0 0 0 0 0 0 0 0 0 0 0 12 0 4 0 0 0 86 0 0 0 0 0 0 0 0 0 18 0 0 34 0 0 0 2 38 0 0 0 90 0 0 0 8 46 0 0
0 95 0 0 0 0 39 0 0 0 0 56 0 0 0 0 0 32 0 0 0 0 0 93 61 0 0 0 0 0 0 0 0 0 0 0 0 0 0 0 0 0 0 38 0 0 0 0 0 0
0 0 0 77 0 0 0 0 15 8 0 0 0 52 0 99 0 0 86 66 0 0 0 0 89 21 1 0 0 0 0 16 0 0 0 0 0 61 0 0 0 0 97 24 0 0 27 0 0 0
0 0 0 0 0 0 14 0 0 0 0 0 0 0 0 58 0 0 0 0 80 0 0 0 0 22 59 0 0 81 0 53 0 76 0 0 0 52 0 0 4 0 47 0 0 0 0 0 87 72
0 0 46 0 0 74 0 0 0 0 0 19 78 0 0 0 0 20 0 0 0 0 0 0 0 0 0 0 0 0 0 0 0 0 45 57 0 0 89 0 0 26 0 0 0 0 0 0 0 0
0 0 0 0 0 0 0 0 29 0 0 0 0 0 0 0 0 2 50 67 55 0 0 0 0 0 0 0 0 0 0 0 0 60 0 0 0 0 0 0 0 76 0 58 60 0 0 0 0 37
0 6 0 0 1 0 0 0 0 0 6 0 82 0 0 0 0 0 0 69 0 0 0 65 3 0 0 0 0 0 0 71 0 0 0 73 91 9 0 0 93 0 0 0 0 88 87 0 63 95
0 42 3 0 0 0 0 67 0 0 0 18 35 0 0 73 0 96 0 27 0 0 0 0 0 0 0 0 89 0 22 0 0 0 43 36 48 0 0 0 0 1 0 38 55 0 85 0 0 0
0 0 83 0 0 0 89 0 58 0 0 12 0 0 0 0 57 0 45 0 0 0 0 0 27 0 0 0 0 0 0 0 0 0 0 0 0 42 0 60 38 0 64 0 0 99 0 0 21 0
0 0 0 93 0 0 0 46 0 0 87 80 0 0 0 0 0 63 0 38 0 11 0 0 0 0 0 85 0 0 0 0 0 0 0 0 26 0 0 0 0 0 8 75 0 0 0 0 66 0
