0 0 0 0 0 0 0 0 0 0 0 36 0 35 0 0 0 0 0 0 38 0 0 0 0 0 0 0 0 66 80 0 0 0 0 0 0 0 0 0 0 68 0 0 0 58 0 0 0 0
0 0 0 0 88 66 0 0 0 0 0 60 81 0 96 0 0 0 0 0 0 0 0 0 0 0 14 0 0 0 19 0 0 67 0 0 94 0 0 0 0 0 0 0 71 0 0 0 0 0
0 0 52 0 60 0 0 0 0 0 0 0 0 0 6 0 0 0 54 0 0 0 0 64 0 0 0 0 0 0 68 0 0 0 0 0 0 0 0 17 0 0 0 0 0 0 52 0 0 0
0 0 0 95 0 0 0 0 0 0 0 0 0 0 62 0 0 0 0 0 0 0 0 40 0 0 0 0 0 95 0 0 0 0 0 0 0 0 3 0 0 83 0 0 19 0 0 0 0 0
0 0 0 0 0 0 0 0 0 0 0 95 0 0 0 0 0 0 0 0 0 0 35 57 0 0 0 0 24 0 0 0 11 0 0 83 68 0 55 0 0 0 0 0 0 0 0 0 0 0
0 0 0 0 0 0 0 10 0 0 0 0 0 0 0 0 30 23 0 0 0 0 0 96 0 0 70 0 0 0 0 0 0 59 0 0 0 0 0 0 0 0 25 0 0 9 54 14 0 0
0 0 0 0 0 80 0 40 0 0 42 0 0 0 0 0 0 34 58 0 0 6 0 10 0 0 0 0 0 88 36 0 0 0 0 0 0 0 0 0 0 0 0 44 0 0 0 0 0 0
0 74 0 47 0 0 0 0 0 0 0 0 0 0 32 0 49 0 0 28 0 0 83 0 32 0 0 0 0 0 0 0 0 0 0 0 71 64 0 0 0 0 0 0 0 24 0 0 0 31
0 0 0 0 0 60 26 47 60 0 0 0 0 78 0 46 0 0 0 0 0 84 0 0 87 91 0 56 0 0 48 64 0 0 0 81 69 0 0 0 53 95 0 0 0 0 0 0 0 0
67 0 86 0 0 0 36 2 0 0 0 0 0 0 0 0 0 0 0 0 95 0 0 0 21 0 0 75 0 0 85 0 0 9 0 0 0 0 0 0 0 0 0 21 0 0 8 0 0 97
