0 0 0 73 0 0 0 0 0 0
0 0 96 0 0 0 49 0 0 0
0 86 46 0 0 0 38 0 0 0
48 0 0 0 0 0 0 0 0 0
91 44 26 98 0 36 0 0 0 46
6 0 0 0 0 0 0 45 70 0
76 0 0 0 0 0 0 0 0 0
47 36 0 0 0 21 0 0 62 19
0 0 0 0 0 0 0 42 0 0
0 0 0 0 0 0 75 0 0 0
0 48 71 0 0 0 1 0 0 0
0 0 0 0 0 98 0 0 0 0
96 29 0 0 0 0 0 0 0 0
52 0 0 0 0 0 9 37 6 0
0 37 72 38 0 0 0 79 0 0
0 63 0 0 40 0 0 0 0 0
0 0 0 0 0 43 0 0 0 0
53 0 0 0 0 0 0 7 0 0
0 0 0 0 0 0 32 65 0 24
0 0 0 0 0 0 0 0 26 0
0 0 25 6 49 0 0 0 0 99
0 0 0 0 0 0 0 0 0 0
0 80 0 0 0 0 0 0 0 0
18 0 0 0 0 0 0 0 0 81
0 0 0 0 0 0 0 0 0 0
12 0 0 0 0 17 0 0 52 0
0 0 0 0 0 0 0 0 0 0
0 0 0 0 27 0 0 0 0 0
0 0 0 0 0 0 0 0 0 0
0 0 0 0 0 0 0 37 17 0
0 57 0 70 0 0 0 0 0 0
0 0 12 0 55 0 0 0 23 0
59 0 0 0 26 0 0 0 0 0
0 0 0 76 0 90 63 0 0 0
86 0 0 73 0 0 0 0 0 0
0 0 0 0 0 0 0 0 0 0
12 0 0 0 0 50 0 0 0 0
0 0 14 0 0 0 0 0 0 0
69 0 0 0 0 0 0 0 0 0
55 0 0 0 0 0 0 0 0 34
