66 0 0 0 0 0 26 0 0 0 0 0 0 37 0 0 0 0 89 0
85 0 0 56 0 0 45 28 0 0 0 0 0 49 61 58 0 0 0 0
0 77 4 0 0 0 55 0 90 0 0 0 0 0 16 0 0 0 0 0
23 0 0 0 68 80 0 0 28 0 0 0 0 0 0 50 98 0 0 0
0 0 55 0 0 81 4 0 23 83 0 99 0 67 0 46 0 0 59 17
44 0 0 0 69 76 0 0 0 0 63 0 0 34 50 0 64 0 0 20
0 0 27 0 0 67 39 0 0 0 0 37 0 57 71 0 0 0 40 0
0 82 14 0 64 0 90 0 0 0 0 59 0 0 0 35 1 0 0 65
19 0 0 55 0 0 0 0 81 0 88 0 9 0 55 0 62 0 1 49
0 0 80 0 0 0 0 36 0 0 24 0 12 96 0 58 44 0 72 0
31 0 0 0 40 0 78 0 0 0 40 0 0 96 83 52 0 0 0 0
0 0 0 22 0 38 59 0 0 87 0 0 86 73 0 0 0 0 0 31
0 44 0 0 0 0 58 0 0 0 0 0 0 0 0 98 7 0 0 0
0 35 0 98 0 45 9 59 59 0 0 0 0 0 0 75 0 0 0 0
76 69 57 0 0 83 59 57 32 69 16 12 0 0 90 21 75 0 0 0
0 93 0 0 0 75 0 62 5 83 0 0 0 0 0 0 0 0 43 0
0 58 0 0 0 0 0 31 35 91 0 0 0 0 0 0 55 0 88 0
0 32 0 34 0 0 0 0 0 55 70 0 0 0 0 0 0 0 0 0
30 0 89 24 0 0 0 27 46 0 0 0 0 0 0 9 0 0 0 0
0 23 0 0 0 0 0 0 0 0 0 0 0 57 0 0 0 0 0 0
