46 79 21 0 0 77 0 79 64 93
0 44 0 0 30 0 93 79 4 0
0 0 0 0 0 0 0 10 0 0
0 21 0 51 0 0 0 0 0 0
0 0 0 0 0 72 0 41 0 87
0 59 0 59 95 79 0 0 0 0
0 0 83 0 0 4 0 0 98 0
0 0 0 0 0 0 0 0 68 0
4 0 0 0 0 0 0 0 0 0
8 0 72 0 0 67 5 0 0 98
93 0 4 0 1 4 0 82 0 18
0 69 0 0 0 58 41 0 0 0
67 0 0 0 26 0 27 0 0 0
0 0 39 0 0 0 0 16 0 84
0 0 0 0 0 0 0 42 98 94
0 0 48 41 0 55 92 0 0 0
62 0 86 0 76 32 0 98 0 0
0 54 0 0 97 44 0 0 0 50
42 0 0 0 76 0 0 0 0 15
0 0 0 64 0 39 0 0 0 65
0 0 92 0 0 0 81 0 0 0
0 17 0 78 49 24 32 0 0 69
47 0 0 29 1 0 0 11 0 0
0 0 54 71 0 0 0 55 50 0
0 77 0 0 0 0 0 0 54 0
0 99 0 9 1 40 0 41 0 88
0 46 0 0 29 0 29 0 93 0
0 0 0 0 0 66 0 0 35 0
0 0 0 0 48 0 0 0 0 0
0 16 0 69 0 0 0 0 0 0
0 0 0 94 0 20 0 0 0 81
0 0 0 0 0 0 0 0 0 10
37 0 33 70 0 63 0 0 94 0
0 39 0 13 0 30 0 0 0 0
0 0 0 21 65 52 0 0 0 0
0 0 0 24 55 21 0 8 0 0
91 0 0 0 0 55 0 0 0 21
80 0 0 0 0 0 0 0 78 8
0 0 0 84 0 0 11 19 0 0
58 0 0 89 0 0 5 11 0 8
72 0 0 36 94 0 0 0 59 76
81 0 0 0 82 7 0 78 0 0
0 0 0 0 0 85 0 0 16 0
12 0 0 50 84 52 43 0 0 0
0 0 0 0 60 0 0 0 9 0
66 97 30 0 0 0 0 49 0 0
0 0 0 0 0 0 0 18 0 0
0 99 0 0 0 0 44 0 65 0
0 0 0 0 0 0 0 0 0 0
0 87 22 0 0 0 0 85 0 0
