0 73 0 0 0 70 0 54 0 0 0 0 0 0 0 0 18 0 0 0 0 51 0 67 24 0 66 0 0 82
0 31 46 7 4 0 0 24 0 78 0 0 0 0 0 0 0 0 0 18 0 0 34 0 0 0 0 58 0 0
0 26 0 11 0 79 0 0 0 86 0 0 89 0 0 0 26 54 0 98 0 0 44 0 0 0 13 19 1 48
11 0 0 23 0 0 0 17 0 51 52 73 0 93 0 12 0 0 0 21 5 0 0 19 0 0 0 85 0 0
0 0 89 0 0 0 30 18 39 0 0 97 87 0 0 0 45 45 27 0 0 0 0 94 0 0 0 0 0 73
76 0 22 0 0 0 64 0 0 8 61 0 0 0 22 0 4 0 0 0 0 0 4 46 48 0 39 29 0 75
9 0 52 0 0 0 0 91 0 0 0 0 40 0 99 0 0 0 0 8 0 81 0 0 0 0 0 0 0 0
36 0 75 0 72 20 0 0 0 0 0 0 36 21 0 67 60 0 0 0 0 0 0 0 0 0 0 58 0 9
0 0 0 0 0 0 19 88 47 2 51 79 0 85 0 0 27 96 0 65 97 55 0 0 10 0 77 0 0 5
0 15 44 0 62 79 0 0 0 5 0 85 1 0 0 0 0 42 0 0 61 41 0 0 97 81 44 0 0 0
89 0 0 77 0 0 0 0 0 50 0 0 71 9 62 0 0 0 4 27 0 91 2 0 0 0 46 0 0 31
0 0 0 0 58 65 58 0 0 0 0 0 37 0 59 0 25 0 0 0 2 0 47 0 0 0 60 44 0 0
7 0 0 0 0 0 0 57 35 0 48 7 70 0 0 0 0 0 0 0 99 0 0 0 0 0 0 0 88 0
0 51 17 0 0 0 0 0 0 84 19 0 0 0 0 28 0 0 0 0 0 0 0 24 0 14 0 0 0 32
43 68 86 0 0 0 0 0 0 81 0 0 31 0 0 32 62 28 0 0 0 0 0 58 0 0 0 0 0 0
0 0 0 62 0 0 0 0 0 0 0 60 0 0 0 72 0 51 0 0 0 0 0 52 89 0 0 0 0 0
72 0 0 92 0 0 0 0 0 55 0 0 0 77 0 0 27 37 0 0 0 98 0 0 0 0 0 10 18 43
0 0 0 0 0 0 0 0 0 35 0 0 0 0 0 86 20 0 0 0 48 0 71 14 0 0 90 9 76 26
0 31 0 95 74 0 16 0 0 0 2 0 72 0 0 0 48 0 0 0 0 0 40 0 35 59 0 49 0 0
0 75 66 0 0 0 3 40 0 0 0 0 0 70 0 15 0 0 0 0 0 0 0 8 0 49 0 0 0 55
97 73 0 0 0 0 0 0 0 0 0 46 0 0 0 51 0 0 0 81 81 0 0 44 62 0 0 0 28 0
0 89 49 0 0 33 0 0 87 69 0 0 0 0 0 37 0 0 0 15 57 0 0 30 7 94 0 0 38 26
0 0 4 43 0 0 46 25 0 62 0 0 0 0 0 0 0 77 79 68 0 0 0 0 15 9 0 0 0 59
0 0 0 0 0 0 0 0 0 38 0 0 0 0 0 0 0 0 0 96 0 12 0 0 52 0 86 0 0 0
95 0 50 0 83 0 43 0 0 0 0 0 53 0 0 75 21 0 0 0 0 32 0 0 0 0 0 88 0 0
0 68 0 0 0 0 58 0 0 0 26 40 31 2 0 81 58 0 0 6 0 0 0 39 0 0 54 85 96 18
0 0 77 0 11 0 0 0 68 18 0 28 0 0 0 15 80 0 0 0 49 74 0 0 0 73 55 86 0 0
46 6 0 22 0 33 66 0 37 21 0 0 85 54 0 84 0 15 0 0 68 38 0 0 0 0 73 21 0 0
36 0 0 0 0 0 0 0 0 0 44 0 0 0 0 0 0 18 0 51 96 0 0 44 17 0 0 89 0 0
0 0 84 0 0 0 0 28 65 0 0 0 0 0 3 0 0 0 0 4 0 0 0 60 0 0 0 0 0 0
0 0 70 0 0 28 36 0 0 0 0 0 0 0 0 0 47 24 0 0 0 0 0 0 0 0 0 0 0 0
26 82 0 0 28 42 0 0 0 0 0 10 0 0 0 75 0 0 0 0 0 0 0 0 0 23 55 0 0 0
0 66 0 0 0 0 0 0 0 0 0 0 0 0 0 0 0 82 80 0 0 0 0 0 0 7 51 63 0 0
0 89 17 25 64 0 0 0 0 0 0 0 0 0 0 0 59 44 86 0 0 0 21 0 0 62 72 0 0 0
0 86 0 0 0 11 0 0 62 0 0 0 74 82 0 0 0 0 18 0 99 24 0 92 0 33 56 0 0 36
0 23 0 0 92 0 0 0 39 0 0 0 0 0 50 0 0 58 0 0 0 0 13 0 0 0 69 58 6 0
0 0 0 0 0 0 0 0 0 42 16 42 2 0 22 0 0 0 0 59 50 0 0 0 61 44 83 0 42 0
0 0 20 0 40 0 0 0 75 0 41 5 21 0 0 0 15 0 0 0 0 67 0 0 0 0 0 0 0 79
0 88 93 0 0 0 0 0 25 0 32 8 0 84 11 0 0 0 0 0 80 0 0 98 0 0 1 66 0 54
0 92 0 0 50 73 0 99 0 16 0 0 76 0 83 63 19 0 0 4 0 0 18 0 0 47 0 0 0 0
0 0 0 0 0 80 0 5 0 0 0 74 37 0 88 10 73 0 44 0 0 0 81 83 0 0 0 47 0 80
54 0 35 36 0 0 0 0 0 0 0 0 35 0 0 95 0 87 0 0 0 0 26 0 0 0 20 95 81 15
15 0 70 27 0 0 0 0 0 0 0 0 0 0 0 0 0 0 0 45 0 0 0 0 0 0 0 0 0 0
0 0 2 41 0 53 0 17 0 45 0 0 0 0 93 0 0 1 0 44 0 85 0 36 0 0 0 0 0 0
0 0 0 0 0 0 0 0 0 0 1 0 0 0 88 0 47 0 0 0 97 0 8 0 0 0 35 0 0 0
0 40 0 58 57 0 0 93 0 79 0 24 0 0 0 0 0 10 18 23 0 0 95 0 0 0 0 0 0 5
0 17 0 23 0 0 25 0 0 0 0 0 0 0 0 26 10 0 0 0 42 0 0 0 0 0 0 0 61 0
0 0 0 0 0 18 0 0 45 0 16 0 0 0 53 77 51 0 37 0 0 0 0 41 43 0 0 0 23 0
2 0 0 0 0 47 0 99 0 0 0 6 0 68 0 50 18 7 0 0 0 41 0 59 76 98 13 0 51 32
33 0 73 16 0 43 0 0 0 0 0 0 62 14 75 0 0 0 0 0 0 0 0 0 0 31 0 70 0 0
