0 0 0 0 62 48 0 10 0 54 0 31 0 0 0 0 0 0 0 61 0 0 0 0 31 0 0 21 0 0 0 97 0 0 4 90 0 0 0 0 0 47 0 0 0 0 0 80 0 77
41 0 0 0 0 0 0 0 93 14 0 0 0 19 0 0 0 0 0 0 0 0 0 0 95 16 75 0 0 0 0 0 0 0 91 0 0 0 0 61 96 25 0 0 76 0 0 93 0 0
0 98 0 0 26 0 0 0 0 76 81 0 65 0 0 0 0 0 0 0 0 0 22 63 64 46 0 31 27 51 93 0 0 0 0 0 0 0 96 0 0 7 84 0 0 0 40 0 0 8
0 62 0 14 55 0 0 10 0 0 0 58 0 0 16 58 46 0 49 0 0 32 0 11 0 86 0 0 60 0 0 0 0 0 0 0 96 2 58 0 26 22 0 0 0 0 0 0 80 0
0 31 0 15 34 94 74 0 0 43 0 0 22 93 0 0 0 0 85 94 86 0 0 0 0 99 0 0 0 0 12 0 0 0 35 0 0 37 14 0 0 1 0 0 0 0 0 0 0 0
0 0 0 89 21 0 0 0 0 0 65 0 0 20 92 37 72 0 0 0 33 0 38 48 0 0 10 0 0 0 0 0 0 0 96 0 0 0 26 69 0 0 0 0 0 0 63 0 0 77
22 0 5 57 85 80 0 0 0 0 0 92 79 51 58 14 26 0 56 0 0 0 0 0 0 0 0 19 0 38 79 0 0 0 0 0 53 0 0 0 0 92 0 66 0 0 0 0 0 0
44 90 22 0 99 86 12 0 0 0 0 96 0 0 0 0 3 0 0 28 0 0 0 0 0 69 0 0 0 89 0 84 70 60 24 0 0 35 83 69 0 0 0 23 74 0 0 3 0 0
0 0 0 75 92 0 0 0 70 75 0 0 0 0 0 0 0 0 0 0 0 0 61 0 0 0 0 74 1 34 21 0 0 0 0 0 0 0 0 32 66 0 99 65 0 0 0 86 0 67
90 0 0 78 0 0 17 0 0 0 58 0 0 0 0 0 55 0 47 77 91 0 10 70 0 0 0 42 0 0 0 0 0 0 0 0 81 0 0 0 97 0 0 0 0 88 0 0 0 35
