0 71 17 0 0 0 0 0 59 40 0 35 37 0 0 0 0 0 0 4 0 0 0 0 0 0 0 63 0 0 0 0 0 0 95 0 0 0 65 45 0 0 0 0 0 0 0 95 0 0
0 0 0 0 0 0 0 0 0 0 0 0 0 0 55 0 82 7 88 40 29 0 59 0 0 0 0 93 2 0 99 0 0 0 28 0 59 0 70 0 0 0 0 0 0 0 0 0 87 5
0 0 0 92 7 0 0 0 0 0 0 0 0 0 0 2 0 0 30 61 0 0 0 0 0 31 0 0 0 0 0 0 0 0 0 0 0 0 0 57 0 0 0 19 0 0 0 0 0 0
0 0 0 0 83 0 0 0 0 0 0 0 0 0 0 0 0 0 0 86 0 0 88 0 0 0 0 0 0 0 34 3 0 0 0 0 41 14 69 0 97 38 0 27 0 0 0 0 86 91
0 0 0 0 0 0 0 0 71 0 0 0 0 40 0 97 31 0 95 83 0 56 54 0 55 0 23 0 0 0 98 81 0 66 0 0 0 0 87 0 0 0 0 0 0 0 0 0 45 0
0 0 0 11 17 0 0 0 67 0 0 61 0 0 54 0 0 0 0 0 0 0 0 0 0 0 0 0 0 0 0 0 0 0 0 93 0 0 0 0 96 0 0 0 0 75 98 50 0 38
0 0 0 58 0 90 8 0 0 0 0 0 0 0 35 82 0 10 0 0 0 0 47 80 0 55 0 89 0 0 0 1 0 0 0 0 0 0 0 0 0 0 52 0 0 19 0 0 0 13
0 0 17 0 51 85 0 0 0 0 0 0 0 0 0 0 26 0 0 0 0 0 0 0 56 0 0 0 37 0 0 0 80 0 0 0 0 0 0 0 64 97 0 0 0 0 26 0 0 0
0 0 13 0 0 0 0 0 0 46 0 0 0 0 0 0 0 0 41 0 14 0 0 0 0 0 79 0 53 0 0 87 0 0 0 82 0 56 0 0 0 0 0 21 12 0 0 0 56 0
0 0 0 0 60 0 0 0 0 0 71 0 83 0 41 0 0 0 43 0 71 0 3 0 0 0 0 0 44 45 68 0 0 0 49 1 0 0 0 0 0 0 0 0 0 0 0 40 0 84
