0 0 0 0 0 0 98 5 0 0 0 84 38 0 0 56 0 0 0 0
0 57 0 0 77 0 0 0 0 0 8 0 0 0 0 0 60 0 27 0
0 0 0 35 0 53 6 0 49 51 0 0 0 38 43 74 0 0 0 0
63 29 0 0 0 39 0 0 0 0 0 0 0 0 0 0 0 0 0 0
0 97 58 0 0 0 0 9 0 0 98 0 0 0 80 0 0 9 0 0
0 14 0 0 0 0 0 88 0 0 0 22 0 0 82 0 86 0 68 0
0 0 42 0 0 0 0 0 0 0 60 0 0 51 0 0 0 0 19 0
0 23 92 57 0 0 0 0 0 50 0 56 0 0 0 0 0 0 77 0
0 33 84 0 32 15 90 0 0 0 0 0 0 0 0 0 0 0 0 0
0 0 86 0 0 0 0 0 0 0 0 0 72 0 0 8 42 77 0 0
0 23 0 0 96 0 0 0 0 75 0 0 0 0 0 0 93 81 0 0
41 0 0 98 0 0 79 0 0 2 0 0 0 0 0 0 0 27 91 18
0 44 0 0 9 77 0 0 0 0 0 0 0 83 33 14 0 82 74 0
0 0 0 78 0 0 0 0 0 13 0 0 0 0 0 0 0 9 0 79
0 0 0 0 0 0 0 0 0 33 0 0 0 0 0 0 0 0 0 17
0 0 0 73 85 0 0 0 57 0 38 0 0 0 0 73 0 0 0 0
0 0 0 0 0 0 52 0 6 0 0 0 0 13 0 0 0 74 82 0
0 68 0 0 0 0 0 0 0 0 0 0 0 0 0 0 0 0 0 0
0 85 0 34 0 0 0 0 75 0 11 0 0 0 0 0 0 0 0 95
24 0 0 0 0 0 3 42 0 0 0 4 34 0 0 0 52 0 0 0
0 0 0 0 0 0 0 0 0 0 0 0 0 0 0 0 0 0 0 0
0 0 0 38 54 21 0 0 0 0 43 0 0 0 0 0 0 0 0 0
0 0 0 0 0 0 4 0 71 95 0 84 32 0 0 0 94 43 0 0
28 0 0 0 0 0 0 0 0 0 81 0 0 0 9 0 0 0 0 0
9 0 51 1 0 0 0 0 1 6 0 0 0 0 0 0 0 0 0 74
18 0 0 0 0 0 0 0 97 0 2 73 0 0 0 94 0 39 0 95
0 99 0 0 0 0 0 0 0 12 0 0 36 0 0 0 13 0 0 0
0 44 0 0 0 0 92 0 0 79 0 0 0 0 0 0 0 56 0 35
42 11 0 0 0 0 0 13 0 0 0 88 0 0 0 76 0 0 0 0
27 0 0 0 0 0 0 0 62 0 0 0 75 75 0 0 0 0 0 0
