0 0 0 0 0 99 55 0 0 0 0 0 0 0 0 0 87 0 66 0 0 0 0 23 0 0 0 0 0 0
0 0 0 48 0 0 0 0 0 0 36 0 0 0 0 0 33 0 17 0 0 0 65 0 0 0 0 0 0 0
0 0 0 0 96 0 0 0 82 0 0 0 0 0 34 0 81 0 0 0 0 0 0 0 0 0 0 59 0 0
0 0 13 0 0 0 0 0 5 0 0 0 0 0 0 0 30 0 0 0 0 0 0 0 0 0 0 2 63 41
0 0 0 0 0 72 0 97 0 4 0 0 0 67 0 87 54 2 0 0 0 0 66 57 0 0 0 55 15 96
0 56 42 0 0 0 0 0 0 0 0 0 0 0 51 0 0 96 9 60 0 98 42 0 0 31 0 77 33 0
0 46 38 57 0 0 0 0 0 59 0 0 0 0 15 0 91 0 0 0 0 16 0 14 0 0 0 0 0 0
0 42 0 0 0 0 0 0 0 0 0 0 86 0 13 0 0 0 0 43 0 0 0 0 0 0 0 0 0 0
0 0 0 0 0 0 0 68 0 0 88 58 97 0 0 0 0 0 0 0 0 0 0 46 0 0 0 0 0 0
0 55 65 0 0 86 0 31 0 0 0 35 19 49 0 0 0 0 7 0 33 54 56 0 0 0 0 0 52 59
