4 0 0 55 61 51 0 60 0 0 93 21 0 0 0 86 0 0 0 0 50 0 0 0 0 0 25 0 0 0 0 0 0 0 0 0 0 0 54 23
0 0 14 0 0 0 99 0 0 0 18 0 0 0 0 0 0 0 69 7 0 0 0 94 27 0 0 0 0 0 28 0 0 0 0 0 43 33 0 0
95 0 0 9 0 37 0 0 0 85 67 0 86 0 62 0 0 0 0 0 0 0 0 0 0 36 75 37 0 0 0 0 76 0 0 34 0 5 0 76
0 12 0 0 0 0 70 0 0 0 82 0 0 98 0 70 0 25 0 91 0 0 53 98 0 0 0 0 33 80 14 0 0 0 0 0 0 19 0 0
0 0 21 48 0 0 48 0 0 0 0 0 0 0 0 59 0 10 0 54 70 0 62 42 0 0 5 0 0 0 0 60 0 0 0 0 18 89 37 13
49 0 0 0 0 0 0 0 77 0 0 0 42 0 61 0 0 0 0 0 0 0 0 0 0 13 0 0 0 0 92 0 0 24 0 42 0 0 17 0
0 0 0 0 0 53 0 0 53 0 0 91 0 48 2 30 93 49 68 0 33 0 77 26 3 0 57 0 0 0 0 0 0 0 0 0 0 20 0 0
18 0 0 0 25 35 16 75 0 0 0 92 0 0 48 0 0 0 0 56 0 0 84 0 37 0 9 0 86 0 76 0 0 28 35 0 0 0 0 0
0 0 0 0 0 0 52 0 15 41 78 0 0 0 42 0 1 66 1 0 0 0 0 0 0 25 34 0 0 0 0 0 0 0 0 95 0 80 0 0
0 44 0 0 0 0 66 0 78 2 0 0 60 0 1 0 94 0 3 0 0 0 0 0 59 0 0 0 0 0 0 49 32 37 0 0 0 63 0 20
33 48 0 0 0 0 0 0 0 69 49 24 0 17 0 11 0 0 95 73 72 82 61 71 0 0 81 94 0 89 0 36 0 0 92 0 0 0 37 0
24 26 99 0 0 20 0 0 0 54 0 0 0 0 0 0 12 15 94 0 0 0 0 0 0 76 0 75 57 9 0 0 0 43 58 0 0 53 69 44
0 0 0 89 16 0 14 44 66 0 0 20 71 46 0 0 0 0 24 91 0 0 0 0 15 0 14 0 96 0 0 0 65 0 0 0 0 50 8 0
0 0 0 0 0 0 0 0 0 86 0 35 0 17 0 0 0 0 0 0 68 31 62 75 64 53 21 33 0 0 0 0 48 0 0 18 0 98 69 0
0 0 91 96 0 0 0 0 0 38 0 19 49 61 0 0 0 76 71 0 2 75 0 0 0 0 0 0 24 0 0 0 0 0 0 0 24 0 0 51
0 0 0 0 0 92 99 0 0 30 0 88 0 0 70 0 0 0 0 0 15 99 0 0 0 0 62 0 0 0 39 0 0 0 6 0 41 0 0 0
0 0 43 0 21 0 0 0 0 1 0 58 0 99 0 0 0 0 0 0 12 0 0 0 0 0 0 0 0 0 0 49 0 0 0 0 58 28 77 0
55 95 70 0 0 0 23 7 0 0 68 0 0 50 33 0 0 0 0 11 0 0 0 0 0 0 3 42 0 33 0 0 0 0 0 87 64 29 0 0
0 0 86 0 1 0 0 18 0 0 0 0 30 4 97 0 0 0 0 0 0 0 0 0 0 0 0 80 0 0 0 0 0 0 0 0 0 0 0 0
0 0 0 0 0 12 22 0 0 0 76 0 0 0 28 15 36 0 0 53 0 0 0 0 0 0 11 0 0 0 0 81 0 0 38 0 25 2 0 0
0 70 99 0 78 0 0 97 0 29 0 0 62 0 22 0 0 0 76 0 0 0 30 55 0 0 0 0 52 0 47 0 75 0 26 0 0 59 0 96
0 68 0 0 0 0 0 0 51 0 0 0 41 0 0 0 4 0 46 0 70 63 45 21 0 0 59 0 0 67 0 87 0 0 0 0 0 72 0 40
48 14 0 8 0 0 0 0 0 0 0 0 0 0 52 0 49 0 0 43 0 0 0 8 0 27 21 0 78 49 84 0 0 0 0 0 63 38 0 0
0 0 14 12 0 91 82 40 0 0 0 0 0 0 0 0 0 0 0 0 0 36 0 92 0 0 0 0 0 0 0 0 84 0 8 0 0 91 0 0
84 0 16 0 0 36 0 0 0 0 0 0 0 36 0 39 0 0 22 0 0 0 0 0 0 0 0 73 0 0 27 0 0 0 0 0 0 0 0 0
0 73 86 0 0 0 60 0 0 0 0 8 87 54 17 0 54 69 0 0 49 0 0 21 0 17 95 0 0 0 0 93 0 0 56 0 56 0 0 20
0 0 0 0 0 0 0 0 93 13 0 83 0 0 8 0 0 11 0 83 11 44 0 0 90 59 0 55 0 0 13 0 99 23 41 0 35 12 0 49
8 0 0 0 87 0 0 22 0 74 0 0 0 0 95 0 0 64 34 0 69 0 92 0 0 52 0 20 0 0 0 0 0 8 44 31 57 0 0 0
96 0 0 0 16 0 0 0 0 65 0 0 0 0 0 0 90 0 4 0 0 0 0 0 0 0 0 0 0 0 0 0 0 0 0 16 0 0 0 0
43 4 0 9 0 0 0 0 0 0 0 67 0 0 0 0 0 39 68 0 0 6 0 37 70 0 0 0 0 48 3 0 0 0 87 19 27 87 18 55
0 0 76 40 54 34 0 0 0 0 0 0 61 0 0 83 0 0 0 0 0 0 0 0 0 0 90 25 0 0 13 55 0 40 85 52 0 0 0 0
0 57 0 0 0 0 0 0 8 0 0 86 0 0 0 0 0 38 0 50 0 0 0 0 45 0 0 0 0 26 0 80 0 0 20 0 0 0 30 0
0 22 39 0 75 0 0 43 10 0 46 6 0 0 0 0 9 0 0 0 39 97 0 0 0 0 89 0 0 0 0 0 0 0 0 0 18 0 0 0
0 45 0 0 0 0 0 0 0 0 0 0 0 48 0 18 27 30 0 0 0 0 15 0 7 0 0 0 20 95 91 0 0 0 0 0 0 0 0 0
0 4 0 0 63 24 65 0 0 0 0 0 43 0 0 0 0 0 45 0 0 60 0 0 0 0 23 0 0 0 0 0 0 84 24 85 56 0 0 0
0 0 0 0 0 0 0 56 30 0 79 57 0 53 0 0 0 69 0 0 0 80 81 0 89 0 0 0 0 0 22 19 41 0 88 0 41 10 98 96
0 0 0 33 3 0 0 0 0 0 65 0 0 0 20 0 0 38 0 0 0 0 0 91 0 45 0 19 0 0 0 98 28 0 0 22 56 5 81 67
0 0 3 0 50 0 0 38 44 40 0 0 80 0 0 64 4 0 0 0 69 81 4 0 0 0 46 74 0 0 0 0 0 0 0 0 0 92 0 0
0 0 0 51 0 55 4 0 0 0 88 49 0 0 45 5 0 85 0 0 0 0 42 0 84 0 0 46 0 0 0 0 57 50 45 0 47 0 0 10
0 87 0 35 33 0 0 0 0 28 45 0 0 0 0 0 48 68 0 0 0 0 75 0 0 0 65 0 0 0 0 0 25 0 3 0 0 0 0 0
0 0 27 0 0 82 0 0 0 95 53 0 0 0 0 69 0 0 22 0 90 35 0 19 0 95 0 0 83 87 83 22 10 0 0 0 0 0 66 19
0 0 0 0 0 0 65 0 0 0 0 0 68 0 0 0 84 19 0 3 62 0 0 0 0 0 80 0 64 43 31 0 0 89 0 66 66 0 0 0
0 0 0 0 0 0 0 63 42 0 34 32 42 0 43 0 0 0 0 0 0 0 28 0 0 76 0 0 28 0 0 56 0 82 0 0 0 0 0 0
0 0 0 0 83 0 0 24 0 0 0 82 0 31 34 40 89 0 0 52 0 0 14 7 84 45 0 0 0 41 0 0 0 71 0 0 50 0 12 0
17 0 0 84 0 39 0 0 45 0 0 0 54 16 0 0 0 0 19 0 6 0 0 0 0 42 0 0 0 0 0 94 0 0 0 21 0 0 0 0
0 0 0 54 0 0 0 12 0 0 0 1 0 46 0 0 0 0 0 0 82 0 50 0 30 60 0 0 0 0 49 0 31 0 25 73 0 11 0 25
61 0 0 81 0 0 0 0 0 9 52 0 82 0 0 32 0 0 0 0 0 0 0 0 64 0 0 95 0 0 0 0 0 47 0 0 0 0 0 22
0 19 0 0 0 0 18 0 0 0 0 0 0 3 0 0 0 0 0 39 0 0 0 35 6 0 0 0 0 61 0 0 0 65 61 33 22 87 0 0
86 0 10 0 0 0 52 0 0 57 0 0 75 23 0 12 0 0 0 0 0 0 35 0 0 0 74 0 0 0 0 0 0 0 0 0 0 0 0 0
0 81 0 21 95 0 0 0 0 40 0 4 86 0 0 99 74 21 0 0 66 35 0 0 0 0 2 0 96 0 0 0 41 0 54 0 0 0 0 0
