0 0 0 0 0 95 0 0 50 93 0 93 83 0 0 0 52 0 34 0 18 0 81 40 37 98 0 0 0 0 0 0 0 0 0 68 0 0 0 19
40 0 0 0 0 41 0 69 88 86 69 0 0 68 0 0 35 84 0 0 0 0 0 0 39 3 47 0 0 1 8 0 0 0 0 0 61 14 0 0
0 0 43 0 0 0 0 0 0 85 49 0 0 0 0 95 0 0 0 76 31 81 0 0 0 0 76 0 0 0 92 0 0 0 59 56 65 0 64 0
0 0 80 44 24 0 46 0 0 0 99 0 0 0 0 0 64 8 0 0 0 0 0 0 37 0 86 0 0 86 0 71 21 18 0 32 0 0 76 0
83 0 0 0 0 0 0 0 0 0 0 0 0 63 0 55 0 0 10 23 5 44 0 0 17 0 95 16 0 0 0 0 3 0 0 0 75 0 0 0
19 0 82 0 0 0 0 31 0 0 8 0 0 67 73 0 0 0 0 0 20 78 0 0 0 0 0 0 0 0 7 0 0 0 0 74 34 0 56 0
0 0 0 72 0 83 81 0 93 5 0 7 0 0 0 10 0 0 0 0 0 0 0 18 74 90 0 0 15 0 66 0 0 68 0 31 89 0 27 0
33 53 97 82 4 0 0 0 0 91 0 0 0 0 42 21 38 0 0 0 0 0 78 32 0 80 0 0 76 97 0 0 0 0 0 13 84 0 0 0
0 76 89 0 5 0 0 0 0 0 0 40 80 0 67 93 0 0 0 88 0 74 0 48 33 0 0 0 0 0 71 36 0 0 0 1 0 0 87 0
80 0 99 0 0 99 0 0 0 0 23 70 0 0 88 0 66 0 48 0 0 0 48 8 0 0 69 0 0 50 0 0 0 31 0 0 56 0 0 0
81 0 70 0 0 0 82 29 75 0 0 60 0 0 0 0 45 0 0 0 80 77 0 0 0 0 0 45 41 52 0 94 0 0 9 0 81 82 0 21
86 73 56 0 0 0 0 0 0 71 0 5 2 0 51 0 0 0 0 0 91 0 0 0 0 0 0 45 8 0 0 0 52 5 0 0 0 0 0 33
0 0 0 0 0 0 0 34 0 99 29 60 0 0 49 23 18 0 0 0 0 92 0 72 81 65 0 25 11 0 44 0 0 93 3 0 0 36 72 44
0 0 0 74 0 62 77 55 0 0 0 69 0 0 0 0 0 0 0 64 0 26 0 53 85 0 0 0 0 97 57 0 0 0 0 0 0 0 0 0
0 0 0 0 48 88 0 0 0 0 60 0 0 51 0 0 0 0 41 0 38 74 0 0 91 0 0 0 0 0 0 68 0 0 0 0 99 88 57 25
0 0 72 0 0 0 0 0 0 29 49 28 0 0 9 37 0 0 95 0 0 36 51 8 22 0 0 0 72 0 0 0 0 0 0 0 0 87 0 0
63 0 0 0 0 0 58 0 0 34 0 74 17 0 61 79 88 73 0 0 0 81 2 0 0 37 0 0 0 0 0 0 0 0 0 0 1 0 0 0
0 0 53 13 0 87 78 0 0 0 0 25 0 77 0 66 0 0 0 46 26 47 0 0 51 46 0 0 67 78 0 0 0 0 0 16 43 13 36 0
0 0 0 0 76 0 0 19 0 0 22 0 0 0 0 0 53 84 0 0 78 0 0 0 27 0 92 0 0 0 0 0 0 37 0 53 76 0 0 0
0 0 0 0 9 30 97 0 0 26 0 0 0 0 0 0 71 0 51 0 0 0 0 0 0 0 0 18 25 0 99 0 0 67 0 11 0 0 52 34
0 0 0 0 39 0 95 0 42 32 82 0 91 0 88 64 44 0 0 0 0 0 0 0 12 72 95 0 0 0 0 0 0 0 0 0 51 63 0 84
44 69 0 44 0 0 0 0 0 0 0 0 0 0 0 89 0 4 0 0 33 0 74 0 28 48 36 5 0 0 0 0 6 0 0 0 91 0 0 0
0 0 90 0 0 0 0 89 71 47 6 0 60 0 0 0 0 0 75 40 0 0 0 0 0 0 0 0 0 0 54 0 0 0 0 0 48 0 0 0
0 0 0 0 0 0 0 0 0 0 0 8 0 0 74 0 0 0 68 0 0 0 31 0 0 0 69 0 30 96 0 19 0 85 0 0 0 0 0 59
79 0 0 0 0 0 0 66 2 0 0 0 62 0 2 50 51 28 0 0 98 0 0 0 81 0 0 0 27 0 0 0 0 0 67 0 96 19 0 2
39 0 28 0 0 0 0 0 0 0 0 0 36 0 0 0 0 0 0 0 0 38 0 0 81 0 0 0 0 0 0 0 87 0 12 31 0 47 0 0
0 61 0 0 22 28 40 79 0 18 0 0 0 80 0 0 0 0 0 0 0 82 75 0 0 0 0 0 0 42 0 0 0 0 0 26 0 0 38 0
0 0 0 0 0 57 0 0 47 36 0 0 0 5 7 0 93 0 0 6 38 0 0 44 0 0 19 10 0 83 0 33 0 0 0 40 0 0 34 0
17 0 0 45 0 0 23 0 50 0 0 56 66 89 86 0 0 0 14 0 0 0 0 0 0 0 0 0 0 0 0 0 0 0 0 0 0 0 0 0
35 0 0 0 0 1 0 0 0 0 0 0 0 0 68 0 0 76 0 31 0 0 0 0 0 48 0 10 0 0 0 9 0 0 0 4 62 0 0 0
0 0 14 0 0 0 4 52 50 0 76 10 0 0 0 9 0 0 0 70 75 81 69 0 30 0 0 27 90 45 0 0 0 24 0 0 0 0 0 0
0 0 39 0 0 0 0 0 0 89 55 0 0 25 0 12 0 0 41 37 0 0 0 0 0 0 0 0 0 0 0 88 0 0 0 0 0 30 0 2
0 0 76 0 62 0 0 0 0 75 0 0 0 9 10 0 0 0 9 0 0 0 0 0 47 33 0 0 0 0 0 51 0 0 0 0 0 0 0 42
76 13 0 0 0 1 18 0 34 0 0 0 61 0 2 0 33 0 97 0 0 0 94 60 45 0 78 0 0 0 0 0 75 68 0 0 82 0 88 0
0 73 0 44 0 3 76 2 0 0 0 0 61 0 0 33 0 85 68 11 72 38 0 97 0 0 0 0 81 0 42 0 0 0 0 0 94 0 0 0
0 88 42 0 0 0 0 0 0 0 90 0 0 58 0 84 0 0 0 0 19 40 0 0 0 68 0 0 0 31 0 38 0 72 0 9 0 0 75 0
33 0 0 0 0 0 0 17 5 0 49 28 0 0 85 0 0 0 10 78 0 0 20 28 0 19 63 41 0 0 0 0 0 0 0 0 0 0 7 0
0 0 0 0 50 0 8 0 0 0 0 0 68 88 0 0 0 0 0 0 0 0 0 11 29 52 0 0 0 0 0 52 0 0 0 67 0 0 18 27
0 49 0 0 0 0 0 90 0 0 0 0 46 64 91 0 0 0 0 39 0 82 91 0 0 0 0 0 0 0 38 75 0 0 0 0 0 0 0 0
0 0 0 0 0 0 0 0 0 0 3 0 0 86 0 0 91 0 38 85 0 64 95 0 0 0 0 0 0 0 0 0 0 0 0 0 0 58 31 14
