0 68 0 0 0 31 0 0 0 0 97 0 23 0 0 45 0 0 0 45 57 0 0 29 53 68 0 2 26 39 77 0 0 74 0 81 0 0 68 36 32 0 0 0 0 91 0 45 14 6
0 0 7 0 0 10 0 0 0 0 0 0 0 0 0 0 0 0 11 38 0 0 74 0 0 0 0 9 0 51 0 98 0 0 34 94 0 0 0 0 70 0 0 0 71 0 0 0 55 0
0 0 4 0 27 0 0 43 0 63 0 0 0 0 0 87 0 51 0 0 0 0 0 0 87 0 0 0 0 0 59 0 0 0 0 82 0 0 0 0 0 0 88 0 97 0 72 37 0 0
78 0 0 0 0 0 0 0 0 0 0 10 90 0 0 0 71 26 62 0 61 41 0 0 0 0 0 18 9 0 0 0 0 13 0 0 0 73 0 0 58 89 65 52 0 0 0 0 12 74
94 0 0 0 61 0 0 0 31 0 34 3 0 0 0 66 58 68 0 0 0 66 0 80 0 0 0 0 49 0 0 0 71 92 67 34 73 0 0 0 0 2 0 5 47 0 0 37 0 0
0 41 74 60 0 0 0 0 0 94 0 0 31 75 0 0 0 77 0 92 60 48 0 0 14 0 98 0 97 44 88 0 0 0 0 0 76 27 0 0 22 0 0 0 0 29 0 0 32 0
0 0 84 4 0 0 0 0 61 0 0 0 0 0 85 0 0 0 83 0 0 91 35 0 0 11 0 0 0 77 93 0 24 0 35 0 0 89 0 0 31 0 0 82 0 0 20 15 18 0
19 0 0 63 0 0 0 0 0 0 0 67 0 0 0 0 0 0 0 79 0 0 0 0 0 0 0 0 0 0 64 80 0 0 0 57 0 0 0 0 0 56 90 0 0 0 0 0 0 26
0 55 0 73 0 46 35 0 0 88 10 33 0 64 0 0 40 3 0 0 32 0 0 0 0 0 90 64 75 0 0 9 0 0 0 0 0 65 0 66 94 0 2 80 0 77 0 0 0 0
39 30 8 0 0 0 20 0 23 0 46 0 31 0 0 0 0 38 0 94 0 0 0 0 60 16 0 0 79 89 0 53 0 0 0 24 32 0 12 0 18 97 68 23 0 0 0 33 0 45
88 13 0 0 80 78 0 0 0 0 25 0 0 47 0 97 0 0 0 0 0 87 0 0 0 75 0 24 0 0 5 0 41 0 0 0 0 0 93 0 4 0 0 0 0 0 98 21 56 19
0 1 0 0 0 0 0 0 0 0 0 0 0 0 0 0 0 18 0 0 84 0 0 0 75 0 0 0 42 0 16 0 87 32 88 0 0 0 28 0 62 77 0 0 0 0 0 19 54 0
0 48 86 0 0 31 0 0 82 0 62 0 8 86 0 52 48 0 58 0 0 0 15 0 0 0 9 11 0 0 0 0 0 0 0 0 0 0 83 0 0 62 0 80 37 0 0 0 37 0
0 9 75 1 0 0 0 0 0 0 29 0 0 0 64 0 1 85 0 0 75 91 0 0 0 0 18 68 31 0 0 0 0 0 25 0 74 3 0 0 36 13 17 0 0 0 0 0 0 0
94 0 0 0 0 0 82 0 0 71 0 0 0 0 41 0 0 24 64 55 0 0 0 41 19 0 0 0 0 23 0 99 0 0 22 78 0 0 0 59 0 48 18 0 0 0 0 0 0 0
18 0 73 0 44 1 91 0 0 38 0 0 0 0 0 0 36 0 0 0 0 0 70 0 0 0 0 84 0 65 55 77 14 0 0 56 0 0 0 0 0 48 41 35 11 0 0 0 0 0
0 0 59 0 0 0 0 0 0 0 0 29 0 0 55 0 0 0 74 0 18 0 0 0 75 0 66 0 6 36 97 57 26 0 0 0 0 0 0 0 38 0 0 0 0 0 0 0 34 6
0 0 0 0 0 19 17 0 0 0 0 0 0 34 0 0 26 80 0 0 0 0 0 0 0 6 59 83 0 21 0 0 1 7 39 52 0 0 0 0 0 20 0 59 0 0 0 0 0 1
4 0 95 0 23 0 0 0 0 0 77 0 0 0 0 0 0 11 0 15 0 18 99 0 3 0 24 0 0 13 0 0 54 12 0 0 0 0 0 7 0 0 39 0 0 0 55 0 0 0
21 0 0 0 38 23 0 61 0 31 0 0 48 98 0 66 50 0 0 17 0 6 0 26 34 0 0 0 63 0 0 44 0 0 0 0 0 70 0 84 0 96 0 0 0 0 0 0 19 34
0 0 0 0 85 0 0 0 0 0 81 71 0 0 0 0 0 0 0 0 20 15 0 87 0 0 0 0 0 0 0 0 0 5 43 82 0 0 67 22 0 0 0 0 0 0 23 0 0 0
0 0 0 4 0 0 0 0 0 24 0 0 24 0 0 0 0 24 0 66 0 0 21 0 0 81 0 0 0 7 0 0 0 46 0 0 0 27 0 81 0 30 0 0 30 83 0 45 0 49
0 0 86 0 39 0 0 0 0 28 0 0 59 0 0 29 47 0 0 0 0 42 71 71 0 45 0 0 0 9 0 0 0 53 0 18 0 0 0 0 0 81 30 0 0 0 0 0 0 0
0 84 65 0 93 0 0 0 0 0 0 0 0 0 0 0 0 0 0 0 0 0 0 0 0 0 0 0 0 0 0 0 0 0 0 0 71 5 1 24 89 76 0 0 68 0 0 0 0 0
33 0 0 0 0 0 0 16 0 0 0 18 0 0 0 0 2 0 0 5 0 11 0 0 26 4 0 10 0 0 0 69 0 0 42 0 14 0 84 0 0 0 0 27 0 0 76 60 1 90
74 0 0 0 0 0 80 98 0 0 0 0 0 38 0 0 0 0 0 62 0 0 0 0 0 0 0 0 0 0 0 0 0 0 0 0 0 2 0 0 0 0 85 0 0 66 0 0 89 0
0 45 2 39 0 61 0 49 0 0 0 0 87 0 67 0 0 0 31 0 0 0 0 0 0 0 38 0 0 14 0 25 76 69 0 0 0 0 0 0 0 0 20 0 0 0 0 0 47 0
0 0 15 0 0 0 0 95 0 0 0 0 0 0 0 0 0 0 0 0 0 59 67 83 55 0 0 92 0 84 11 0 40 73 0 0 0 0 0 94 98 0 0 0 0 0 0 0 4 66
0 0 0 0 0 20 0 0 0 0 28 63 12 0 0 0 51 0 0 62 0 0 0 0 0 46 0 0 25 0 4 0 0 0 0 0 0 0 0 0 0 0 4 56 50 0 40 0 0 0
0 0 0 0 0 33 70 0 37 0 92 0 0 40 0 0 0 0 38 0 10 0 0 69 71 0 0 0 0 79 0 0 0 0 0 10 99 0 0 0 0 49 0 0 47 79 0 0 54 0
67 0 0 0 74 0 0 54 0 0 0 72 0 89 8 97 0 79 0 0 0 22 7 0 0 0 76 0 0 86 81 0 0 0 0 0 0 0 0 0 0 0 74 0 0 0 64 43 93 0
17 87 0 0 0 58 0 0 0 65 0 23 0 74 96 0 44 69 0 0 5 0 0 0 0 0 2 46 0 0 92 93 0 0 66 0 0 0 0 0 33 11 81 0 0 0 0 93 0 0
0 54 0 37 0 50 0 0 15 94 0 62 11 33 68 87 0 56 91 0 0 85 11 0 0 0 0 0 0 41 0 56 53 88 1 77 0 0 0 0 0 31 34 0 0 47 0 0 0 83
0 0 3 41 0 0 78 0 0 0 0 0 47 14 0 7 0 0 0 0 16 0 0 0 0 0 0 8 0 0 0 0 99 0 0 0 0 0 0 0 72 0 0 0 22 0 0 0 21 0
14 1 2 0 0 0 32 0 0 0 3 0 46 0 0 0 0 0 0 9 35 0 0 34 0 0 0 0 0 0 0 60 0 0 0 0 1 0 0 0 0 75 49 0 0 19 0 0 19 0
82 0 0 0 0 0 0 48 42 0 98 0 66 0 21 0 0 0 0 25 0 0 0 0 76 0 0 0 0 0 0 9 67 0 49 18 0 0 0 0 96 0 0 0 84 0 0 7 39 42
19 0 0 0 18 0 27 0 42 0 9 0 94 0 0 89 0 11 70 0 28 0 0 40 0 0 0 0 80 0 0 0 0 81 0 0 0 54 0 0 0 0 0 0 0 0 30 0 0 0
0 0 0 0 0 0 0 45 0 0 62 0 94 0 0 66 0 0 0 0 0 0 0 83 38 0 0 87 0 0 61 0 0 0 0 2 0 0 0 53 0 0 0 89 41 0 75 0 66 3
0 0 29 0 28 0 0 11 0 0 50 0 0 0 76 0 0 0 55 0 0 24 0 0 94 0 0 0 0 0 6 0 0 88 0 0 0 0 0 0 5 0 0 0 12 0 0 0 0 56
0 45 0 93 0 71 85 58 0 0 7 0 75 0 49 57 3 0 0 0 11 0 55 93 0 74 64 61 0 72 55 0 0 32 0 70 0 57 39 0 39 22 0 0 0 1 0 69 0 0
0 0 0 92 0 0 25 67 99 99 36 0 0 0 97 75 4 0 0 0 72 9 0 96 60 15 23 0 0 0 0 96 0 0 0 0 31 0 0 3 0 0 4 0 52 0 0 0 0 0
0 2 12 70 0 0 0 15 0 0 0 0 0 0 0 0 8 8 0 0 0 0 24 0 31 0 96 0 0 0 0 54 0 7 0 0 0 0 0 0 77 0 51 0 0 0 0 99 0 5
0 0 94 0 0 0 82 60 0 0 0 86 0 0 0 0 0 0 92 0 0 47 0 66 27 88 0 95 0 0 0 0 79 0 13 85 0 0 55 0 0 91 0 0 0 0 0 0 65 0
0 0 0 0 8 53 40 21 46 0 0 0 0 0 0 0 48 61 0 0 0 75 0 60 0 0 0 0 0 0 0 40 0 0 22 0 45 0 0 0 70 5 98 0 0 0 0 0 0 0
0 0 0 4 0 0 0 0 29 0 0 0 17 0 2 0 0 73 0 0 0 0 0 65 0 0 0 72 0 49 0 24 0 61 78 0 0 0 53 14 0 0 0 0 0 0 0 55 34 0
42 0 74 24 0 0 0 0 94 0 0 88 0 27 0 86 0 0 68 70 0 36 0 0 0 0 0 0 25 0 55 0 39 68 0 0 0 58 0 0 0 0 48 28 0 67 79 86 14 0
0 49 0 0 0 0 0 17 55 5 69 0 0 0 0 0 0 0 0 0 0 0 98 0 0 68 0 0 88 0 57 0 0 0 0 41 0 0 19 0 0 0 0 0 0 68 0 0 69 87
47 0 0 45 0 69 0 0 84 0 0 0 0 0 15 0 0 94 0 0 0 0 0 66 92 0 32 0 0 0 11 79 0 0 98 85 26 72 0 75 34 0 0 0 0 0 0 0 0 0
0 0 91 37 0 0 0 0 71 0 0 0 0 89 2 0 0 0 69 4 0 67 0 0 0 0 0 74 0 0 0 57 0 20 0 0 0 0 8 0 0 63 0 75 0 0 0 0 0 23
82 44 0 0 0 0 0 13 0 72 0 0 52 0 0 0 0 0 0 0 0 0 87 0 0 82 0 0 0 58 9 35 51 0 0 0 0 0 0 39 0 0 0 0 0 39 0 75 0 0
