0 64 35 0 54 0 0 0 0 0 91 0 0 0 0 0 0 8 0 0 0 0 0 0 0 0 0 0 0 0
0 0 0 0 23 27 13 0 0 0 0 0 0 0 0 0 0 0 4 0 80 7 0 81 0 0 0 0 10 0
0 55 50 21 0 0 71 0 0 0 0 0 0 0 0 53 87 25 0 0 0 0 0 10 0 0 27 0 0 0
0 5 0 88 36 18 86 0 0 49 0 48 83 0 0 0 0 0 44 0 0 0 6 0 0 0 0 1 0 0
0 0 51 0 0 26 0 0 0 63 41 53 0 0 0 37 0 0 0 52 0 0 53 0 79 0 0 73 0 0
63 0 62 77 0 0 72 21 0 0 0 0 59 0 0 0 0 0 19 0 0 0 0 53 38 86 51 77 0 0
0 0 75 13 0 62 0 0 0 61 95 0 0 0 0 0 0 0 81 0 82 0 77 0 0 0 0 0 63 13
2 0 0 0 0 0 13 0 0 0 98 8 0 0 78 0 0 87 55 0 10 21 0 80 0 66 91 0 0 63
0 0 0 0 48 0 44 90 0 0 96 0 0 0 86 0 0 75 16 0 0 0 0 77 0 0 0 0 37 52
0 0 0 0 0 0 0 0 25 25 0 50 0 90 0 0 0 0 0 0 96 0 0 51 0 0 0 0 0 69
0 0 0 55 55 35 0 49 0 0 0 0 0 30 7 0 0 0 0 0 0 0 0 17 43 0 89 0 0 0
0 0 0 36 0 0 21 0 87 0 0 33 99 6 0 0 0 0 71 0 0 0 0 0 0 0 0 0 0 2
0 0 0 0 0 0 0 49 0 0 0 0 0 0 0 0 0 0 31 0 63 0 0 41 0 0 0 0 0 0
0 0 0 0 30 0 0 15 97 0 81 0 0 15 0 92 0 0 0 0 65 72 88 0 53 0 0 25 67 0
0 0 0 0 0 0 0 0 0 0 45 73 0 34 13 0 0 28 45 0 0 5 0 0 4 0 68 0 0 0
0 0 19 0 3 0 0 0 0 98 0 26 0 0 0 0 0 0 0 0 49 0 95 0 47 0 0 0 55 0
0 0 0 81 75 0 19 0 92 96 0 0 17 0 56 0 0 0 0 0 30 0 0 66 13 31 0 61 40 55
1 26 34 0 0 35 0 0 0 99 59 0 9 13 0 9 0 1 0 0 98 0 0 31 0 42 55 15 34 0
0 0 32 49 45 0 0 0 77 0 36 26 92 0 76 50 0 66 0 0 0 0 0 95 16 0 73 19 0 0
46 0 76 44 0 0 0 0 0 91 15 0 0 0 0 3 9 0 53 0 57 80 0 0 17 0 0 0 0 0
