0 0 0 0 0 0 0 0 0 30 0 0 0 0 0 0 0 0 0 17 53 0 0 0 0 0 0 0 0 0
0 0 0 95 0 55 33 0 0 85 0 32 0 0 0 81 65 96 0 96 0 21 0 0 0 0 0 0 0 0
0 56 0 0 0 0 0 0 0 0 6 0 0 19 0 0 0 11 28 0 0 0 0 0 84 0 21 0 0 0
0 0 0 0 12 0 0 0 0 0 0 13 0 86 0 0 0 0 79 0 82 16 0 0 84 0 0 83 0 0
0 0 0 0 0 0 0 0 14 0 30 0 0 0 0 0 15 3 0 63 0 0 0 0 0 34 0 19 0 41
0 0 0 0 0 82 0 0 0 0 0 0 0 0 0 0 0 0 0 63 0 56 0 0 67 0 0 0 0 0
0 11 0 17 0 0 0 0 0 0 0 0 0 0 0 0 0 45 0 99 0 0 0 0 0 0 14 0 0 87
0 0 0 0 0 0 0 0 0 46 0 0 0 0 0 0 16 29 0 0 28 0 0 37 0 88 93 0 0 0
0 0 0 0 0 0 29 0 0 0 0 0 0 0 0 52 0 0 0 22 0 0 0 0 0 0 0 0 2 0
21 63 0 0 0 0 0 0 0 10 0 54 0 0 0 0 0 0 0 0 0 0 0 79 13 0 0 0 0 45
93 0 16 16 0 0 0 0 72 0 0 0 0 0 75 76 13 0 52 0 3 0 0 2 0 0 0 0 0 0
0 28 11 0 0 0 0 0 47 0 0 0 0 0 0 0 0 0 0 0 0 0 0 0 0 0 0 0 0 0
92 0 0 0 0 38 0 0 0 0 0 87 0 89 10 39 0 12 0 0 0 0 0 0 0 0 0 0 0 0
55 0 0 74 0 0 0 0 35 0 4 0 0 0 0 0 0 79 0 99 0 0 0 0 0 32 0 96 73 85
0 63 0 0 0 89 0 0 21 0 58 0 0 0 0 0 0 0 0 0 0 0 3 0 53 0 0 62 0 19
0 0 0 0 25 0 0 0 0 0 0 0 0 0 10 0 0 62 38 0 0 0 7 0 0 0 0 0 0 0
0 34 0 72 0 0 88 65 0 0 0 0 0 0 0 0 0 0 0 0 0 7 0 91 0 0 0 21 0 73
0 0 0 0 0 0 7 68 0 0 0 68 0 0 52 0 0 0 58 3 0 97 0 0 67 0 27 0 0 0
91 0 35 0 74 0 22 0 0 0 16 36 54 0 0 0 0 18 91 59 0 11 0 22 0 0 0 0 0 93
0 76 0 82 0 65 0 0 60 65 52 0 0 0 0 0 0 0 0 59 0 0 0 3 0 7 0 84 0 3
