0 0 0 0 0 48 92 0 0 0 0 64 0 0 0 0 0 0 57 0 0 0 0 15 0 0 0 0 58 17
74 14 0 0 70 34 0 0 0 0 0 70 0 0 0 0 0 0 0 51 0 0 0 0 0 58 83 0 0 0
59 0 57 0 0 0 0 87 71 0 0 57 0 0 75 44 0 61 0 0 11 0 77 23 0 4 0 54 0 0
0 64 0 0 0 0 13 29 0 76 0 0 0 0 24 0 43 0 13 0 26 0 5 94 0 0 0 0 0 0
20 10 0 31 0 0 0 54 19 0 0 0 0 0 48 79 0 26 0 13 0 80 0 0 0 0 6 0 0 0
4 0 0 13 0 3 33 49 0 94 0 0 0 24 0 0 0 70 15 0 46 0 42 58 94 0 0 0 39 96
0 36 0 0 0 0 25 31 0 0 45 89 64 0 0 13 63 0 0 0 0 0 37 0 0 0 0 0 0 0
48 0 2 0 51 13 0 0 0 91 0 0 0 0 0 0 0 58 0 0 10 32 0 15 0 0 0 27 0 0
0 64 0 13 0 0 49 0 27 0 0 0 0 0 0 0 0 67 0 0 0 0 97 0 23 0 0 0 0 0
0 0 0 0 0 40 0 0 25 42 5 0 54 19 0 0 0 0 0 0 0 0 0 32 0 0 0 0 95 98
