0 31 0 0 88 0 0 0 0 0
31 89 0 0 0 0 85 0 21 0
2 73 80 0 0 0 46 0 0 0
0 92 85 0 0 0 0 0 0 0
0 73 35 0 0 0 64 0 0 66
42 0 0 0 99 37 0 0 79 0
0 0 0 0 0 14 0 0 0 0
0 0 0 0 9 77 0 0 0 0
0 0 91 0 0 0 23 0 0 0
0 0 0 0 0 59 0 0 63 94
0 22 0 0 0 0 79 0 0 0
0 0 0 0 0 0 87 0 0 0
0 0 0 96 0 22 0 0 45 0
0 71 0 0 0 0 0 0 41 97
2 0 0 48 42 14 49 0 0 0
0 40 0 0 0 0 35 0 0 0
0 0 64 13 79 87 62 0 89 0
69 40 0 0 0 0 0 0 0 0
0 0 0 0 39 0 0 32 0 75
0 16 0 0 0 36 0 0 0 0
0 0 0 0 0 25 0 0 0 0
56 51 4 64 79 0 9 0 0 84
0 0 0 0 0 77 0 79 0 0
68 0 72 0 0 30 0 85 0 0
0 0 0 0 64 0 23 0 0 0
0 0 0 63 56 69 0 0 33 33
38 0 0 0 57 4 0 0 0 0
58 3 0 38 28 0 36 0 66 98
0 0 73 0 0 0 93 0 0 65
27 39 0 98 0 0 0 0 0 0
56 0 0 0 43 35 0 0 52 0
0 99 0 0 6 65 0 0 0 0
0 0 83 0 0 51 0 0 93 75
7 0 0 0 33 36 47 0 0 0
59 0 0 0 63 98 0 26 43 0
0 0 94 66 13 0 0 96 29 0
60 0 0 0 89 0 0 22 0 0
96 0 0 0 92 0 0 18 0 18
0 0 60 0 59 0 0 0 57 63
0 11 0 0 40 0 0 0 50 0
