31 72 0 83 0 0 42 53 0 88 0 0 0 0 38 0 0 0 0 0 75 0 0 38 0 0 35 0 0 0 11 0 0 0 0 15 0 0 0 93
46 79 93 65 29 0 0 0 0 75 80 0 28 0 55 0 0 0 0 45 0 84 0 0 0 0 0 88 0 0 96 0 26 0 61 25 0 0 0 0
9 9 40 12 27 0 0 0 87 0 0 0 0 9 96 0 0 0 94 0 0 89 0 0 0 0 0 43 0 0 0 0 16 0 0 0 0 0 63 0
38 0 0 70 0 0 0 0 0 0 0 39 0 0 81 0 3 0 7 0 0 0 86 0 0 0 25 0 57 0 0 0 15 42 0 0 0 88 48 0
81 0 12 49 0 16 0 0 10 0 0 3 0 0 93 0 0 0 72 44 0 0 0 37 67 0 0 0 0 0 0 69 0 0 0 0 0 0 85 0
0 99 18 24 60 0 60 0 99 0 83 89 0 0 0 0 41 0 0 27 0 0 45 0 0 93 0 0 33 0 0 0 0 26 0 56 0 0 0 0
0 0 39 0 38 0 51 0 0 0 41 0 0 0 0 0 0 0 0 0 1 0 0 0 0 0 0 0 0 45 0 0 5 0 0 0 0 0 30 82
0 0 0 59 0 0 0 0 0 8 61 47 48 0 12 56 72 0 0 23 73 57 0 0 0 12 0 0 0 7 0 0 0 0 0 0 0 0 0 70
0 53 0 68 0 0 0 0 0 27 0 80 0 0 0 0 0 97 78 0 0 0 0 0 0 0 0 8 85 31 0 0 0 84 0 46 87 19 0 53
0 0 0 0 0 0 84 66 0 57 0 0 0 0 74 0 0 0 64 0 27 0 29 0 0 18 0 0 0 0 0 0 96 30 0 5 0 0 64 0
