0 0 0 0 2 63 0 0 10 0 52 0 0 0 29 0 0 0 0 0
6 0 0 0 0 0 12 0 52 95 66 0 65 48 0 0 50 0 62 0
58 0 0 0 0 0 82 19 0 0 15 0 0 0 0 37 0 0 23 0
0 0 0 0 0 0 0 0 78 0 96 0 0 0 0 82 0 0 0 0
0 0 0 0 0 0 0 0 29 0 0 0 0 0 33 0 0 0 0 0
0 72 0 27 0 0 51 0 0 88 0 0 0 0 0 0 0 0 0 78
0 0 0 0 54 95 0 0 33 56 0 0 0 83 36 0 75 0 0 0
0 0 54 0 31 38 0 0 60 0 0 0 97 0 0 0 0 0 0 0
0 80 56 0 38 0 43 0 0 0 0 0 26 30 9 0 0 46 0 0
0 0 0 0 0 0 0 66 0 0 56 0 0 0 0 0 0 7 76 0
76 32 0 0 7 0 76 48 0 96 39 0 0 53 0 0 46 0 51 28
0 0 0 0 88 14 0 0 87 80 93 0 32 0 37 14 0 57 47 0
42 0 13 3 52 0 82 94 0 0 0 0 0 80 90 0 0 0 0 0
26 0 0 0 0 0 40 0 0 0 0 55 0 0 19 0 0 0 0 0
44 43 75 42 0 53 0 36 0 55 0 0 27 0 56 19 0 0 53 0
52 36 0 90 0 0 0 31 0 0 38 0 2 0 0 0 0 21 0 0
0 0 18 0 0 0 51 0 22 58 0 0 99 0 0 0 0 0 38 99
70 25 62 61 0 0 0 0 81 13 0 0 0 0 0 0 66 0 89 0
0 0 0 0 0 0 95 28 0 83 0 89 47 0 0 0 56 0 0 0
77 0 16 0 0 0 0 0 22 63 0 62 0 0 0 57 0 57 9 48
1 0 0 0 0 0 42 84 0 0 0 39 0 0 73 0 91 14 4 38
0 0 0 0 0 37 37 78 39 0 0 0 0 0 0 0 60 0 0 28
0 0 0 26 83 0 0 0 0 0 0 47 0 34 0 87 0 0 0 0
0 0 0 45 0 0 0 0 54 26 0 0 0 0 99 0 0 0 0 0
0 46 81 0 0 0 0 96 19 0 0 47 26 0 0 0 0 56 0 5
64 0 87 74 37 0 0 42 0 0 0 15 0 0 63 0 0 76 26 0
0 0 0 0 0 0 0 0 0 0 0 63 0 98 0 0 97 74 0 2
0 0 0 46 0 54 0 0 0 83 34 0 85 0 0 0 0 0 0 0
0 12 0 0 0 0 93 0 0 4 0 0 0 74 0 0 0 11 4 0
0 0 75 0 0 0 0 0 0 0 59 80 0 0 91 42 23 21 0 0
