0 0 81 0 3 0 0 0 0 62 0 0 73 63 0 0 0 0 33 43 33 0 0 0 0 0 0 34 79 0 0 0 0 0 11 85 87 0 0 0 28 0 72 82 8 0 23 47 0 0
94 88 0 0 79 0 0 69 0 0 0 0 0 51 0 0 51 71 0 0 0 0 0 0 0 0 59 52 14 43 0 0 0 58 0 0 0 47 0 0 18 0 0 0 0 0 0 12 64 0
0 0 46 21 0 2 0 0 0 0 24 0 0 81 0 66 0 48 72 0 0 28 0 0 0 0 0 0 0 0 14 0 0 0 0 0 0 0 83 0 75 73 5 0 0 0 82 0 6 0
0 0 0 0 0 0 0 0 0 0 0 0 0 0 0 46 0 0 0 0 0 0 95 57 0 97 0 0 0 0 15 0 0 76 0 0 0 0 0 12 0 0 0 0 0 29 0 0 26 0
35 0 76 0 84 51 0 0 0 6 0 0 0 0 28 0 67 0 0 0 0 88 0 0 55 0 77 85 0 79 0 0 0 0 0 0 28 84 60 3 0 0 0 0 0 88 0 0 0 0
22 79 0 0 10 0 26 0 0 0 0 0 58 0 48 0 0 0 71 0 0 0 0 47 0 97 0 0 0 53 0 0 0 18 16 0 39 0 46 0 0 0 0 25 0 0 0 0 7 12
91 0 0 0 0 0 0 17 44 0 0 0 0 0 34 0 0 0 62 0 79 0 0 73 51 52 0 46 0 97 4 0 0 95 0 1 0 0 0 0 0 0 0 42 0 0 0 0 4 0
0 0 0 0 48 0 0 25 0 21 0 34 0 0 0 0 0 29 31 90 3 75 0 0 0 42 0 0 39 0 0 55 0 0 0 0 38 13 0 0 0 0 45 0 0 0 7 95 0 0
0 0 0 0 0 65 80 53 0 0 0 83 0 68 0 0 0 13 0 0 0 16 2 64 0 0 0 0 0 0 0 0 0 51 31 0 0 71 14 0 0 0 0 0 0 71 0 0 0 0
3 0 87 68 0 82 0 0 0 18 3 0 0 0 0 0 0 0 7 0 0 76 0 95 28 0 0 0 0 0 0 66 0 0 76 0 10 19 0 0 0 0 0 0 95 0 0 0 0 0
0 71 0 0 0 0 0 38 0 0 0 0 0 95 0 0 0 0 0 96 0 52 94 0 0 0 0 0 0 0 10 0 0 0 3 0 0 0 0 61 0 36 13 0 0 24 0 12 0 0
22 77 55 0 0 86 0 0 0 20 0 22 82 50 0 96 20 61 0 63 0 0 0 1 92 31 0 0 0 0 0 0 0 0 36 33 0 0 68 0 24 0 0 0 80 0 49 0 0 0
0 0 20 43 0 0 95 0 0 35 0 0 78 0 0 3 27 0 83 0 0 44 0 80 25 0 0 23 0 0 89 45 0 0 0 0 98 0 80 0 9 0 0 89 0 0 0 85 0 75
0 0 0 62 0 22 0 0 0 0 0 0 0 0 0 0 0 0 0 3 54 0 0 36 0 93 0 0 78 0 46 16 0 49 0 55 0 0 0 0 0 0 0 64 85 0 0 57 0 0
80 0 0 59 0 56 76 0 0 0 59 0 36 85 68 31 79 0 0 0 57 87 86 0 0 0 0 0 0 40 95 0 0 10 32 0 0 88 78 0 0 0 0 44 33 88 0 0 58 0
0 0 56 0 49 46 0 99 72 42 50 0 60 82 92 76 39 0 0 37 0 14 0 0 0 0 0 0 14 0 0 12 90 0 11 17 74 0 0 0 0 0 34 79 31 28 91 81 18 73
81 73 0 35 0 91 79 0 22 0 0 0 99 50 0 0 0 0 0 64 78 40 84 0 0 38 0 97 61 0 0 88 19 0 0 0 57 0 0 98 0 21 85 0 0 64 0 0 31 82
67 0 24 0 0 0 0 0 79 0 0 77 7 0 0 5 0 0 90 63 96 98 0 0 0 0 64 0 87 0 90 30 0 0 0 94 0 0 0 0 0 76 92 0 14 0 0 0 0 0
0 0 0 0 0 23 0 0 0 0 0 46 0 99 0 64 57 0 0 0 0 0 0 0 78 0 0 0 0 0 0 3 34 87 0 0 84 0 0 0 92 0 61 40 0 0 79 18 0 0
79 0 0 0 0 0 46 0 11 0 0 18 0 5 0 0 0 74 0 0 0 6 0 0 0 0 0 0 0 0 0 16 55 0 89 0 0 0 0 88 0 0 0 0 0 61 0 0 4 0
0 8 0 37 0 0 0 64 35 8 32 0 6 0 0 0 20 0 0 0 0 0 0 0 0 56 0 0 8 0 0 0 0 0 57 92 0 0 73 0 58 0 0 0 0 36 57 0 0 0
0 0 0 0 0 0 0 40 94 80 19 84 0 17 9 93 34 0 91 0 0 0 0 73 0 0 64 0 0 70 0 0 0 49 0 0 0 96 86 0 0 0 0 55 87 0 0 0 76 0
0 31 0 0 22 0 0 0 0 0 86 22 0 0 69 0 38 37 49 54 0 0 0 0 0 50 45 89 0 76 68 0 0 0 74 12 0 0 51 0 93 0 0 0 0 0 10 0 87 0
0 0 85 50 0 34 0 0 76 0 0 0 0 72 67 51 0 5 81 0 0 0 0 57 0 0 0 37 0 36 67 95 0 0 0 77 0 0 54 0 9 0 0 0 89 0 0 42 0 0
0 0 0 5 0 0 0 94 46 0 40 0 0 0 0 0 0 0 0 67 0 0 85 49 0 0 0 0 60 0 0 0 0 0 0 14 0 47 0 0 0 91 28 20 0 0 0 0 0 38
75 0 0 0 0 0 55 11 0 0 0 68 0 61 81 0 0 0 0 0 53 0 73 0 28 0 92 81 0 0 0 0 64 0 68 92 0 83 14 90 95 0 0 0 0 0 53 0 0 96
76 96 97 88 0 0 0 1 94 0 0 0 0 0 0 61 81 16 95 0 0 0 0 0 10 59 0 58 0 0 0 0 0 4 0 0 0 2 0 0 0 0 81 0 0 0 0 0 0 0
0 0 0 87 0 11 0 0 0 0 25 0 42 0 41 0 15 0 0 0 0 0 0 75 0 61 45 59 71 30 0 0 0 0 61 43 0 58 0 10 0 48 65 0 0 0 0 0 35 77
12 64 0 0 0 0 0 0 0 0 0 90 0 0 0 0 0 0 81 60 0 0 95 0 46 62 0 0 0 0 99 0 0 0 0 0 98 0 0 0 45 0 21 0 44 0 0 0 46 8
0 0 0 7 1 7 0 79 0 0 0 0 91 0 0 0 0 26 0 0 0 0 0 0 0 0 0 0 6 57 3 0 92 0 76 0 0 94 51 0 0 0 0 82 0 70 93 0 0 88
0 11 0 0 79 0 0 0 0 0 0 58 94 0 0 0 0 16 13 0 99 0 0 0 26 0 0 0 0 0 0 0 93 47 0 46 53 64 0 84 32 0 0 0 24 0 77 29 0 0
0 86 63 0 0 0 0 0 0 0 0 57 0 0 0 0 35 41 51 0 0 0 0 0 0 0 0 86 0 0 30 0 0 0 85 0 44 0 0 0 87 59 0 0 0 46 6 0 0 66
0 0 0 0 0 93 0 0 84 0 75 0 20 0 0 0 27 0 12 42 0 0 0 0 0 0 0 0 33 0 32 68 74 6 79 0 0 21 91 88 0 0 28 0 0 0 29 0 24 0
20 61 0 95 50 0 0 0 0 17 0 57 0 0 0 0 0 17 0 64 0 23 0 0 0 0 5 64 0 0 0 30 0 0 0 54 0 0 92 0 0 0 44 0 0 0 0 0 0 23
3 0 0 0 0 92 0 0 0 0 0 0 0 0 43 0 0 44 57 0 0 0 0 0 46 60 0 51 0 66 0 0 0 0 0 4 0 0 6 0 0 48 63 0 0 68 0 73 25 44
64 43 0 0 0 0 39 0 0 0 0 0 0 0 57 0 0 0 82 0 0 0 0 86 92 0 85 0 95 0 0 0 0 4 16 76 0 0 0 0 0 0 0 0 88 0 0 51 0 84
88 0 0 0 49 27 36 61 40 0 0 0 0 0 0 0 0 98 23 0 26 14 0 83 0 0 0 0 0 0 0 0 0 0 0 47 14 0 0 0 0 7 0 0 0 75 0 46 91 0
65 0 0 0 0 43 38 0 0 0 0 0 0 0 54 47 0 78 0 0 0 40 0 0 46 0 0 0 0 0 0 29 99 0 0 0 84 49 0 27 18 97 0 46 0 0 28 0 10 0
43 0 0 0 0 0 0 0 0 50 0 0 44 0 0 0 54 0 59 0 86 0 0 42 77 0 0 0 92 0 0 0 93 0 0 0 74 0 0 24 0 0 0 0 69 80 0 0 0 0
0 0 0 88 95 98 0 50 0 0 0 88 96 0 0 0 33 0 90 0 6 0 0 0 46 96 0 0 0 0 0 41 0 0 88 0 0 0 0 0 0 35 0 71 0 0 0 0 4 4
0 36 4 31 0 0 0 0 0 0 43 0 0 90 0 0 0 0 10 0 0 0 0 35 0 29 96 0 29 0 57 0 0 0 92 0 0 0 0 0 0 65 0 27 69 0 0 0 0 55
57 0 0 0 0 47 0 75 99 0 0 0 83 0 0 0 0 0 0 0 0 0 0 41 39 0 0 0 22 0 0 0 0 0 84 0 0 0 0 0 3 0 0 0 0 0 0 0 0 8
0 0 0 0 0 0 87 0 0 0 0 52 0 99 34 0 0 70 0 15 0 2 38 0 83 31 0 92 8 0 0 34 0 0 0 66 0 0 0 0 0 0 0 0 0 0 0 0 0 0
0 26 0 92 0 0 0 0 0 0 5 65 0 28 0 0 0 0 0 0 0 78 0 0 0 21 0 6 0 0 0 25 0 63 0 9 83 0 38 24 13 0 0 0 0 0 21 0 0 0
0 48 0 0 28 0 59 45 0 97 0 30 5 99 0 0 0 0 0 0 0 0 0 0 0 62 53 48 68 0 0 68 31 0 0 0 0 29 0 0 77 0 0 0 0 0 0 6 0 2
92 0 0 0 0 69 0 0 0 0 0 0 90 0 94 0 0 0 0 0 0 0 0 42 0 0 0 66 23 20 0 0 0 0 44 0 0 0 0 8 0 95 0 0 0 0 0 0 77 0
10 0 0 84 0 0 53 0 0 0 0 0 33 37 0 0 0 0 0 0 0 0 0 0 0 49 0 0 0 52 0 35 0 0 0 4 0 30 0 0 0 0 0 0 35 0 0 0 0 0
0 0 21 6 0 0 0 33 0 0 86 86 0 0 0 0 0 0 19 0 0 0 0 62 0 0 0 52 0 0 0 0 0 0 18 0 0 0 0 43 0 69 0 0 91 36 0 0 0 0
19 0 0 0 0 0 0 0 0 71 0 0 0 0 73 0 39 0 58 24 0 0 0 0 0 0 0 84 0 99 0 9 0 0 40 11 0 0 62 88 0 42 0 84 1 0 0 0 63 0
0 0 0 0 73 0 0 0 33 0 0 0 0 93 0 0 0 26 50 0 50 0 0 0 0 0 0 0 0 0 0 0 0 73 60 0 0 0 0 0 0 0 0 25 0 58 0 0 0 0
