0 0 0 0 0 0 40 0 28 0 68 0 0 0 0 0 23 18 73 0 0 0 0 37 0 0 80 59 0 0 0 0 0 0 0 0 0 0 0 0 15 6 0 0 81 0 0 0 0 0
0 44 0 0 73 75 0 0 0 62 31 0 0 0 0 0 0 11 0 0 0 1 50 53 64 0 0 0 31 0 0 0 0 0 11 0 49 15 83 0 0 0 0 93 0 0 0 0 0 0
0 0 0 0 7 0 69 0 0 0 86 65 62 0 4 8 0 0 78 0 0 18 0 0 51 0 0 84 57 83 44 0 0 0 0 0 0 38 21 0 17 77 10 0 0 2 0 0 0 40
5 0 0 0 84 22 0 0 0 0 0 0 0 0 0 18 0 0 5 0 0 24 0 0 0 0 87 0 0 51 49 42 7 40 0 0 0 0 0 0 0 0 0 0 11 0 0 99 0 59
0 0 0 0 1 0 0 85 91 0 0 0 42 21 0 0 0 0 24 22 0 0 78 0 0 0 0 0 0 0 57 0 0 0 0 75 0 0 0 0 36 0 0 0 0 0 0 0 0 0
0 0 0 89 0 75 0 0 0 0 0 97 0 0 0 0 0 0 0 0 0 0 66 0 0 16 0 0 0 30 64 0 0 59 0 0 0 0 0 0 0 0 30 2 0 30 0 42 0 0
1 0 0 0 94 0 0 0 0 30 0 0 0 70 0 0 39 0 0 0 16 0 0 8 70 40 33 35 0 17 0 0 9 9 30 6 0 0 0 0 23 23 0 87 0 46 0 34 0 0
0 6 79 0 0 0 29 92 0 0 0 55 0 0 0 0 88 0 0 96 93 80 0 22 0 94 0 0 0 0 30 0 31 35 21 49 0 0 0 59 0 0 0 43 0 65 0 0 0 24
81 0 0 0 0 0 0 0 0 0 0 0 0 63 92 35 0 95 0 0 0 70 0 0 0 0 0 0 80 93 60 0 0 0 49 49 94 0 0 0 52 0 94 60 75 0 0 0 0 81
19 16 0 14 0 18 0 0 43 0 0 60 0 0 0 0 0 1 0 78 51 0 34 0 10 0 0 16 43 81 0 93 0 0 0 38 81 0 0 0 0 0 77 51 0 32 0 0 44 0
15 3 0 0 0 0 0 24 0 0 71 0 36 0 79 0 0 0 86 0 0 0 0 0 0 0 0 84 0 77 22 26 48 0 0 0 0 0 71 0 56 0 0 0 0 0 0 0 0 0
0 2 0 0 0 0 0 0 0 0 0 0 43 0 0 0 0 0 0 29 75 0 0 0 0 0 0 0 0 0 68 97 46 0 0 0 77 0 38 0 81 6 0 0 0 0 0 0 0 56
0 0 0 0 0 0 56 0 0 96 15 0 93 93 74 0 27 13 0 0 0 0 21 0 63 42 0 0 0 0 0 59 73 20 42 0 69 0 0 0 53 38 0 0 0 13 0 0 87 0
52 88 0 73 3 91 0 0 0 0 39 0 0 0 0 0 0 0 33 14 24 27 21 3 80 47 0 0 0 44 0 0 0 57 0 0 0 0 0 0 0 0 0 97 0 0 0 18 0 13
0 9 0 0 0 0 55 53 0 72 75 0 97 26 0 8 0 26 0 0 28 0 0 88 24 61 47 95 22 0 0 0 83 78 0 0 0 53 59 31 0 0 0 93 93 72 0 45 0 0
0 0 0 0 36 20 0 16 61 0 0 0 0 72 71 82 0 8 0 0 0 0 91 0 79 0 0 0 0 0 0 0 85 0 0 0 0 0 87 13 0 0 0 36 15 6 0 0 0 0
0 20 0 71 77 37 12 33 0 0 69 0 0 0 0 0 0 48 0 0 0 47 88 87 0 57 0 74 0 0 36 78 0 9 0 0 0 0 16 0 0 0 0 39 0 0 0 35 0 71
0 0 0 50 5 0 74 0 0 0 0 0 0 0 96 0 0 0 15 0 68 7 0 0 35 0 0 0 0 25 0 92 0 63 0 0 87 0 58 14 0 0 0 38 85 30 0 43 0 0
53 49 0 0 47 25 0 0 0 30 13 90 0 98 50 5 0 0 0 0 0 0 0 0 72 0 0 0 0 0 0 31 0 0 0 0 0 0 0 14 47 94 0 67 0 62 0 0 50 0
69 49 0 0 0 0 47 60 0 0 0 62 73 0 58 0 46 88 0 5 0 0 8 0 3 0 0 0 0 0 36 71 27 0 0 0 53 67 46 0 35 0 0 0 0 0 0 0 0 0
14 57 0 0 0 68 0 28 20 93 54 0 25 86 61 0 0 0 34 0 0 0 0 0 38 0 0 0 83 28 83 0 0 0 0 0 0 73 0 0 0 0 95 0 0 0 0 0 0 0
0 0 0 21 27 0 75 0 0 0 0 84 0 0 59 0 20 0 0 0 18 0 0 36 0 0 0 0 2 0 0 0 0 0 0 0 55 7 0 0 0 0 0 0 0 0 0 0 0 3
0 0 26 16 0 40 44 0 0 0 0 50 0 43 34 0 0 1 0 0 20 0 0 81 0 0 0 0 0 0 0 82 0 1 0 0 30 42 0 0 76 0 31 0 0 39 74 1 66 72
0 0 0 0 71 0 0 0 3 51 24 0 0 0 6 56 40 0 93 47 0 0 0 0 0 0 0 0 0 0 74 0 64 0 40 31 0 0 0 0 0 0 0 0 0 67 0 0 70 0
0 0 0 8 0 0 0 0 1 0 0 59 0 0 0 5 22 0 0 57 0 0 0 0 27 3 0 0 0 0 0 72 15 0 0 0 0 67 5 0 0 19 0 60 0 70 0 91 0 0
89 0 86 88 0 71 45 1 25 0 0 41 0 68 0 21 0 81 67 0 59 0 0 14 0 51 91 0 9 0 25 0 57 0 0 0 0 45 0 0 0 73 0 0 0 0 24 0 0 0
96 0 0 0 0 0 0 24 21 0 81 0 0 0 84 74 94 19 57 80 24 0 0 0 0 0 0 0 0 0 0 0 0 0 43 40 0 36 94 77 0 72 0 0 2 2 24 0 0 0
81 0 0 0 37 75 3 36 0 0 42 0 78 85 8 75 0 0 85 42 77 81 0 73 13 0 0 0 15 0 0 68 0 0 0 16 13 58 0 0 0 0 0 28 18 19 73 14 0 86
0 0 0 26 0 0 94 0 0 0 0 0 0 0 85 0 0 0 0 41 0 0 0 73 87 0 0 25 0 0 91 0 60 91 0 0 0 0 0 0 74 0 0 0 29 0 0 0 0 0
0 0 6 0 0 0 81 0 0 0 0 0 0 0 45 73 57 0 0 7 0 41 0 28 0 0 22 0 0 0 0 61 0 78 98 57 0 0 0 0 85 0 47 0 0 0 65 0 0 54
0 44 0 18 0 0 0 0 0 0 0 0 0 10 0 26 0 4 0 0 0 0 0 0 12 0 0 0 0 0 0 11 0 0 0 0 0 15 28 0 59 0 0 0 0 0 44 92 51 0
0 0 60 44 98 0 0 95 0 0 0 0 3 0 0 0 0 0 0 0 8 0 0 92 0 0 0 0 0 86 0 0 75 0 0 0 40 29 0 0 0 70 60 0 44 1 0 0 0 0
0 17 57 52 83 45 0 0 0 17 0 0 0 20 0 0 0 0 0 0 0 7 0 0 0 0 12 4 0 44 46 0 0 58 0 23 63 0 0 0 0 0 0 0 29 0 0 0 10 0
0 0 0 47 0 4 74 0 63 0 0 0 35 30 0 10 0 0 0 86 0 33 0 67 0 51 0 0 0 0 0 15 95 60 0 0 0 72 0 0 21 0 93 42 0 0 0 0 30 78
0 0 0 0 0 0 83 87 0 0 0 0 0 0 0 0 91 0 75 0 0 0 57 7 92 0 0 0 0 92 0 0 17 0 0 0 0 0 85 0 63 0 0 0 51 0 0 82 0 89
0 0 14 0 0 0 0 0 11 71 0 0 50 0 96 15 0 32 85 0 0 0 0 86 0 0 0 7 26 0 0 0 1 0 0 0 74 84 0 50 87 0 0 83 0 30 70 70 0 58
0 0 97 0 0 10 0 0 0 0 72 23 77 0 0 82 0 0 0 0 0 0 0 0 12 8 0 0 22 31 4 0 20 0 28 0 0 0 33 80 72 52 0 0 41 0 0 0 0 87
8 0 0 0 0 0 83 0 0 0 20 0 0 0 0 0 0 0 0 4 0 29 0 13 0 0 0 0 0 0 0 0 0 0 0 0 0 80 96 0 0 0 0 70 0 0 35 0 50 16
0 5 0 0 0 28 0 0 0 0 0 0 0 36 0 90 72 0 0 83 0 0 0 0 0 30 73 0 0 0 0 0 0 13 0 0 0 0 0 25 14 0 0 0 0 58 0 0 92 0
97 0 0 40 1 81 0 0 68 0 0 0 0 0 74 0 38 0 96 85 75 0 0 94 22 74 42 0 70 95 66 0 0 0 0 32 0 0 0 19 0 0 0 0 0 0 0 0 74 0
67 67 0 0 0 0 0 37 0 0 61 0 0 0 51 0 25 0 0 0 0 0 0 0 0 2 4 0 77 0 0 36 0 0 0 0 0 59 0 0 81 0 0 0 0 0 0 6 78 14
57 0 0 0 0 0 0 0 0 0 79 6 0 0 0 0 0 0 76 0 0 0 0 0 0 70 0 50 0 0 0 53 0 19 65 0 54 0 0 0 0 10 30 0 0 0 0 0 0 83
0 0 69 0 0 0 0 0 13 76 99 0 39 93 0 37 0 0 0 98 0 0 35 0 44 21 0 0 0 0 24 77 0 0 0 0 0 68 0 0 0 0 59 98 84 99 25 0 0 0
0 0 25 4 0 77 0 0 0 0 0 0 53 0 0 0 0 75 0 0 0 0 0 0 0 0 0 0 92 0 90 0 0 37 33 0 0 0 0 0 0 92 5 0 0 0 0 12 0 0
0 0 0 88 0 6 0 0 0 0 39 0 0 15 0 0 0 0 0 94 0 0 59 0 47 52 14 0 59 0 0 0 0 74 37 0 13 0 0 0 0 73 0 0 0 0 0 88 0 0
0 0 0 0 0 16 0 0 0 0 0 17 0 0 0 17 0 0 0 0 66 5 48 0 26 0 0 0 0 0 0 0 0 0 0 0 0 7 53 21 54 21 0 0 0 0 54 90 0 6
0 0 0 96 0 0 0 0 0 0 0 0 41 0 93 0 76 0 16 0 0 0 27 0 0 0 0 0 76 72 0 0 0 72 0 36 0 0 0 0 4 0 0 0 0 19 0 0 0 12
0 0 0 41 0 0 0 0 0 0 0 0 0 0 0 0 0 0 0 90 0 91 0 0 0 0 84 35 0 0 0 0 0 0 0 0 0 0 25 0 0 0 0 78 10 97 0 0 0 0
0 0 0 15 3 50 0 0 64 39 0 0 0 0 0 0 0 96 28 0 0 82 0 0 0 78 0 29 0 83 91 1 0 78 0 0 0 0 18 0 0 0 0 0 0 0 0 0 0 93
0 99 0 0 0 12 0 0 0 47 0 87 0 0 0 94 0 0 0 0 0 0 0 0 0 49 0 0 0 0 0 0 0 0 0 0 0 0 0 12 84 0 0 0 0 0 0 0 0 50
