0 0 0 73 75 0 0 43 0 0 0 39 0 0 0 0 0 0 0 0
0 0 0 0 0 0 0 0 0 0 0 0 0 0 0 0 0 0 0 0
0 0 0 55 0 0 66 0 0 78 43 0 0 0 77 0 0 0 0 0
0 35 96 0 0 0 0 80 0 0 0 0 0 0 61 0 0 0 0 89
46 0 0 0 0 0 0 0 0 51 0 73 10 0 0 45 0 0 0 0
0 0 0 0 0 57 55 0 0 27 82 0 0 0 0 0 0 0 0 51
0 26 32 0 0 0 0 0 0 0 71 0 0 45 0 0 72 36 13 0
0 0 0 43 0 0 0 0 0 0 0 0 0 0 0 28 0 0 0 0
0 0 0 16 0 0 0 2 0 0 0 15 16 0 0 0 0 0 0 0
0 0 0 0 22 0 0 0 0 31 0 82 0 36 0 0 76 0 0 0
0 40 0 40 0 0 0 0 0 0 0 0 0 0 0 0 0 0 0 2
0 59 0 0 0 0 0 0 0 0 0 0 0 0 0 0 6 0 0 0
0 0 0 0 1 0 40 0 0 0 19 0 0 0 38 0 0 0 0 0
0 0 0 0 0 0 0 0 80 46 0 0 0 0 0 0 0 0 0 0
0 0 0 0 0 84 0 16 79 0 0 0 0 0 0 0 0 0 0 0
0 0 72 0 0 0 0 0 0 0 0 0 0 0 0 0 0 0 0 0
52 0 0 0 29 86 0 0 0 0 0 0 58 49 0 0 0 81 40 0
29 0 0 46 0 11 0 0 0 0 0 0 0 0 0 0 0 18 0 0
0 92 0 0 0 95 0 0 0 0 0 0 0 29 42 0 33 0 0 0
0 0 0 0 0 0 0 0 0 81 0 0 0 14 0 0 0 0 0 0
0 0 0 0 0 79 74 66 23 0 60 0 0 0 0 0 32 0 0 11
51 0 0 0 0 0 0 0 45 0 0 0 0 0 0 88 0 0 0 0
0 0 42 0 0 0 0 0 0 0 0 0 0 0 0 0 0 0 0 66
0 0 0 0 0 0 0 0 0 0 0 26 0 0 0 24 0 0 0 0
0 11 0 0 14 27 0 35 0 0 0 0 0 0 46 0 0 0 0 0
0 94 0 61 20 0 0 0 0 91 21 0 0 0 22 0 0 6 0 80
0 0 0 0 0 0 65 0 0 0 0 0 0 33 0 0 0 51 0 17
0 0 0 0 0 0 0 0 0 90 49 0 0 0 0 0 0 0 62 0
0 29 0 0 0 0 16 0 0 65 0 0 0 48 0 0 0 0 0 0
0 0 0 0 0 78 0 0 0 81 0 0 0 0 0 0 0 0 53 45
0 0 0 24 0 0 0 64 79 0 59 0 4 0 0 0 24 0 0 0
0 47 0 0 0 76 0 0 0 14 0 0 12 75 0 0 0 0 41 0
0 0 0 0 87 0 0 20 0 0 0 0 79 0 0 0 0 0 0 0
0 0 0 0 0 0 0 0 99 0 29 55 0 0 0 0 0 87 0 61
0 0 0 37 0 0 0 77 0 0 37 97 0 37 62 0 0 0 0 0
0 0 0 0 0 19 0 0 0 0 0 0 0 0 24 0 67 0 0 0
0 0 53 0 0 0 0 0 0 0 0 10 0 0 0 0 0 0 32 0
94 0 0 0 0 0 0 77 0 0 0 91 0 0 0 0 0 59 48 0
82 23 0 0 0 0 0 0 0 0 82 0 8 0 0 0 0 0 0 82
0 0 0 0 0 0 0 0 0 0 0 0 0 0 0 0 27 0 0 0
