0 88 0 0 75 60 0 7 0 0 0 11 39 0 45 0 0 0 0 0 0 0 0 0 0 0 0 0 26 0 22 0 20 0 0 0 41 0 91 0
0 0 42 76 39 0 0 0 61 0 0 0 78 54 0 0 6 0 0 0 38 0 0 0 0 57 22 63 0 0 46 0 0 91 0 0 0 65 0 41
0 73 0 68 0 0 36 0 0 0 72 0 0 0 0 0 0 38 0 0 35 0 0 34 0 0 0 0 0 0 25 80 0 46 0 0 0 2 0 0
0 35 0 0 0 46 0 0 0 0 0 0 0 0 0 0 26 0 0 4 64 0 0 0 59 0 0 0 0 0 47 0 0 0 0 96 0 0 0 0
0 99 0 0 58 0 0 75 0 0 0 0 0 5 0 0 0 0 0 0 0 0 0 0 0 30 0 0 0 0 0 0 0 0 0 7 0 0 0 0
0 0 0 0 0 0 0 0 2 35 0 0 0 0 0 0 0 0 0 0 0 0 97 0 0 0 76 0 50 0 71 0 65 94 37 46 41 0 0 0
0 0 0 0 66 0 0 0 0 0 0 6 0 0 0 82 0 0 70 0 0 0 0 0 0 0 0 0 0 0 0 0 0 0 0 0 0 0 0 47
0 0 3 0 7 0 0 0 0 0 0 0 0 87 0 28 86 0 0 0 0 99 0 0 0 0 0 0 0 8 0 3 0 27 0 0 0 0 87 0
0 0 0 0 0 0 58 0 0 0 14 61 46 91 0 0 0 0 90 0 0 0 14 88 0 0 0 0 0 36 0 0 27 77 0 0 28 0 0 57
0 0 0 98 0 0 0 0 0 0 55 0 0 0 0 0 10 0 0 0 0 0 85 0 0 0 0 8 32 0 0 69 28 38 0 93 0 0 0 48
0 0 94 0 79 0 0 0 0 0 0 0 0 26 0 30 0 64 0 0 0 0 0 0 0 0 0 0 0 0 0 28 0 0 0 60 0 60 0 0
0 0 0 0 84 0 0 0 0 0 0 14 71 0 0 49 0 0 0 0 83 5 0 0 0 0 72 0 0 0 8 21 0 0 0 58 80 0 0 49
0 0 0 71 0 0 0 55 0 0 63 45 0 12 0 0 0 0 0 40 0 0 0 92 0 95 0 0 0 0 0 26 0 0 0 0 0 0 0 0
0 0 0 0 0 0 0 0 74 0 0 0 0 0 83 0 0 2 6 0 15 0 0 0 0 0 0 0 0 0 78 0 0 0 69 0 0 0 0 15
0 0 0 0 0 65 85 50 0 0 0 0 0 0 0 59 74 96 99 0 0 99 0 76 0 51 0 94 0 44 0 0 0 36 0 0 0 88 0 78
0 0 0 0 0 36 0 0 0 0 47 0 0 0 0 31 89 16 0 0 0 0 0 0 0 0 25 0 0 0 0 0 0 0 0 0 0 0 93 0
0 0 0 0 0 0 0 80 0 0 0 0 23 0 0 0 3 0 0 0 0 0 0 0 0 21 0 7 0 0 0 0 0 0 1 21 0 0 2 0
0 0 14 0 39 0 0 17 0 0 0 0 0 0 78 0 84 69 0 0 0 18 14 0 55 0 77 95 0 0 95 0 40 0 0 0 0 0 0 0
0 0 0 0 0 0 0 0 0 0 0 35 0 0 9 0 0 0 24 0 0 0 0 0 0 0 0 0 51 13 0 0 0 0 83 99 0 0 0 0
0 93 47 0 0 0 97 0 0 0 0 0 24 0 0 0 7 0 0 0 0 0 0 0 0 0 0 0 0 0 0 0 0 15 79 0 0 17 20 85
0 0 57 0 42 0 70 0 83 0 0 0 0 0 0 96 0 75 0 0 0 0 0 0 0 0 0 0 0 91 0 0 0 57 0 0 0 63 0 0
0 16 0 0 0 25 0 29 0 0 77 0 0 3 0 0 71 45 0 0 88 81 0 0 0 0 95 0 7 35 3 0 0 74 0 0 0 0 0 0
64 0 1 0 0 0 24 0 80 0 10 0 0 99 0 0 73 57 9 0 23 0 0 0 0 0 0 0 0 83 0 0 14 0 0 0 0 0 0 0
0 0 0 64 0 0 0 0 60 0 0 0 0 24 0 0 30 0 32 0 0 0 0 0 0 0 0 0 92 0 0 8 60 0 0 98 28 0 0 0
7 0 0 24 44 37 11 0 18 0 96 0 0 0 0 0 0 25 0 0 0 0 0 0 0 0 12 4 0 0 0 0 72 0 0 25 0 97 31 0
0 53 0 0 0 0 0 0 0 0 0 0 66 39 0 0 0 0 0 0 0 0 0 83 0 91 0 0 8 0 0 0 0 0 0 0 0 0 0 68
44 0 22 0 0 40 0 19 0 0 0 71 48 0 25 21 0 0 0 0 0 0 55 27 0 0 0 31 17 0 0 0 0 0 0 61 14 0 0 0
0 0 0 67 16 0 0 0 0 0 0 0 0 0 0 0 0 0 5 0 0 0 0 0 0 0 0 0 77 0 0 0 0 1 0 0 8 0 0 0
55 56 0 0 0 0 0 0 0 0 0 0 0 0 0 0 0 0 0 0 0 0 63 0 0 81 80 0 56 7 0 0 12 0 0 0 0 0 0 0
0 0 0 58 72 0 0 0 0 0 0 0 0 0 0 0 0 29 0 0 0 50 0 0 0 5 0 0 0 0 0 0 0 32 0 0 0 0 0 92
75 0 0 0 0 0 84 0 87 0 98 0 0 0 0 0 36 0 49 0 77 0 29 0 0 27 0 0 0 78 0 0 0 0 67 0 0 83 0 0
0 0 32 0 85 0 0 0 0 88 0 13 0 96 0 56 21 0 0 23 0 0 0 0 0 0 0 46 0 0 0 24 0 20 0 0 87 67 0 77
29 0 0 0 27 0 0 0 0 7 0 0 14 0 0 89 0 0 0 0 0 0 0 32 0 0 93 0 87 39 0 23 70 48 0 0 34 0 0 0
0 0 0 0 0 0 0 0 2 0 0 0 0 0 0 0 0 87 0 66 41 0 12 0 52 0 0 0 0 0 0 0 0 0 0 95 0 0 0 0
47 0 0 4 0 0 0 0 0 0 0 0 0 0 38 0 0 0 0 0 0 0 0 0 69 0 69 0 0 26 0 68 0 0 0 0 0 0 0 0
48 0 74 0 0 0 58 0 0 0 0 63 3 0 38 93 0 0 0 0 0 0 0 0 0 0 0 38 0 44 0 0 0 0 37 0 0 0 0 0
92 0 94 0 0 0 0 0 0 0 0 87 0 0 0 0 59 0 0 83 0 0 0 59 0 0 0 0 0 0 0 0 0 0 0 0 0 0 0 0
81 49 0 0 0 0 0 0 0 0 14 0 0 83 0 0 0 0 0 0 0 29 0 40 0 68 0 0 42 22 0 73 0 77 0 0 0 0 0 45
0 0 0 10 0 0 48 0 67 0 47 0 16 0 0 0 0 43 36 95 0 0 40 0 0 0 0 0 0 0 0 0 0 0 0 0 0 0 70 0
38 0 49 0 0 0 0 0 43 0 89 0 0 72 0 0 0 30 0 0 0 0 58 21 82 0 0 0 0 0 0 0 0 0 0 11 0 0 56 0
0 44 6 0 0 0 0 0 0 0 0 0 0 0 0 0 0 0 99 0 0 45 0 0 25 0 0 78 0 53 0 60 0 74 0 0 40 30 0 0
0 77 0 0 0 0 0 0 0 0 0 49 0 0 69 0 0 0 0 71 0 0 0 0 0 0 0 72 68 0 21 0 59 0 0 0 0 0 19 0
0 0 0 0 0 0 0 0 0 15 0 0 0 0 71 39 0 0 0 24 0 77 0 0 50 0 0 67 48 0 0 0 0 17 47 0 0 0 0 84
0 0 0 0 89 0 0 11 62 0 0 0 0 0 0 65 0 99 0 0 53 0 0 0 0 0 0 0 0 0 0 0 0 0 0 0 48 0 0 0
90 0 0 0 52 74 0 0 58 0 0 26 0 0 0 0 0 0 0 0 0 81 61 0 0 0 0 0 0 0 0 73 0 0 0 0 0 0 0 99
0 59 86 47 0 0 0 81 79 0 0 0 0 34 0 0 0 0 0 0 67 0 0 0 8 0 0 27 0 0 93 49 48 0 0 40 0 91 71 0
55 66 73 82 0 0 0 0 0 0 38 0 96 0 0 88 0 0 0 0 0 0 0 0 0 85 0 0 0 0 0 0 0 0 0 0 0 0 30 55
62 0 0 0 0 0 0 0 0 0 0 0 60 74 0 0 0 47 0 0 67 0 0 0 0 0 0 0 0 0 23 0 84 0 0 0 64 66 2 0
0 0 42 0 0 0 0 0 0 0 0 0 0 0 0 0 51 0 0 0 34 0 9 33 40 0 0 45 10 0 0 0 50 0 0 90 0 0 0 0
0 0 0 0 0 0 45 0 0 0 0 0 0 7 0 0 0 1 32 0 0 0 1 0 0 0 0 0 0 0 0 0 0 0 0 0 0 69 0 0
