92 0 0 70 0 96 0 71 76 0 56 0 0 0 0 6 0 44 0 0 0 0 44 0 0 0 0 13 0 0 0 69 0 18 0 32 0 64 19 84 0 11 11 0 0 10 84 84 0 0
0 1 0 0 0 30 0 0 0 22 41 0 0 18 55 0 92 0 0 0 0 72 0 0 0 0 0 0 0 0 0 0 0 0 0 0 0 0 70 0 5 0 44 0 0 0 0 57 0 68
0 0 0 0 0 0 0 0 11 0 57 0 85 0 73 82 0 19 0 3 0 0 0 0 0 0 0 61 0 0 0 79 73 74 86 0 0 0 0 23 0 73 73 0 33 0 0 0 0 0
29 59 0 93 0 0 0 0 0 14 0 72 0 0 55 0 0 0 0 0 0 72 73 0 0 0 0 0 0 82 0 0 0 0 73 54 0 51 0 87 0 0 47 0 68 40 13 89 0 42
18 71 0 2 0 0 0 0 0 41 0 89 80 59 0 0 0 0 0 0 27 0 0 0 0 96 0 60 38 0 0 82 43 27 0 65 6 0 0 16 98 0 0 4 17 53 0 0 0 0
0 0 64 0 0 0 91 0 0 0 13 82 0 0 48 81 68 15 0 0 79 0 0 0 0 0 0 72 0 89 0 0 0 18 0 0 0 0 8 0 0 0 0 0 0 26 83 0 0 0
0 25 47 43 0 0 64 0 0 29 79 0 0 0 0 0 81 45 75 0 0 0 0 0 0 13 11 0 0 0 0 35 0 0 0 0 0 25 25 40 0 87 12 87 0 0 0 0 67 0
0 0 0 0 20 0 0 0 0 0 0 0 0 0 0 46 0 0 0 61 0 0 0 18 0 0 0 75 0 0 0 0 76 0 0 0 47 0 0 0 0 0 0 48 29 0 0 17 79 0
0 0 0 88 0 0 82 0 0 0 0 0 48 0 0 0 0 0 0 0 0 0 0 0 19 0 0 0 0 0 0 0 0 0 95 97 0 79 0 0 0 0 0 0 61 0 0 0 0 0
98 0 87 0 0 0 0 19 0 53 0 68 0 0 72 0 0 51 36 23 0 39 0 0 0 0 0 0 0 0 0 0 0 0 56 0 1 0 53 0 0 0 0 0 0 17 0 0 0 48
0 0 0 67 0 0 0 0 0 0 0 0 0 37 0 0 0 0 38 0 62 81 0 3 2 0 0 82 0 0 66 0 0 9 0 10 0 0 0 39 0 46 0 0 0 0 0 0 96 0
0 0 0 0 1 15 48 0 94 0 0 63 0 17 0 25 0 0 0 93 0 0 29 0 0 0 0 0 0 0 0 0 0 0 0 0 0 32 90 0 0 0 53 58 73 0 68 0 0 0
0 0 63 0 0 47 0 75 0 0 50 0 0 44 87 0 0 0 74 0 0 0 58 0 24 0 0 0 0 0 0 0 0 0 0 0 0 0 0 0 0 0 83 0 0 0 84 0 0 0
24 19 54 0 38 0 0 0 0 10 71 0 12 0 29 68 0 61 14 55 0 65 0 76 0 0 0 0 72 0 72 87 0 97 0 0 68 0 0 34 98 29 0 3 39 0 48 0 28 0
78 51 73 0 0 53 0 83 0 0 0 0 0 0 33 0 36 0 0 8 34 0 0 0 0 0 31 0 0 0 52 99 0 48 0 0 66 66 0 0 0 32 0 0 0 0 80 29 0 0
0 0 0 0 0 0 0 0 0 0 0 0 0 0 65 0 0 0 0 0 0 0 0 0 52 14 0 0 0 1 34 42 0 80 0 0 93 0 62 65 81 0 71 0 18 0 0 21 0 41
0 66 82 0 0 89 0 0 0 0 94 0 29 37 0 64 95 68 0 34 69 0 0 88 0 6 0 0 34 0 0 7 0 0 18 0 0 0 0 67 85 0 0 22 67 1 0 0 76 0
33 59 0 0 28 0 0 18 0 2 93 0 0 98 71 18 0 0 0 0 0 0 47 51 34 0 0 0 0 58 73 0 0 0 0 40 20 0 58 0 0 0 0 0 0 69 0 0 40 0
32 30 0 0 0 0 0 0 13 0 0 0 0 0 51 0 0 39 0 33 88 49 0 89 0 0 0 0 0 0 0 67 0 0 0 93 0 47 0 37 0 0 88 1 0 0 0 0 0 0
0 73 26 72 0 0 0 0 0 64 86 0 0 0 22 23 0 84 0 0 0 0 0 0 19 30 0 0 15 0 31 0 0 5 0 0 0 39 0 0 25 94 42 48 0 28 62 72 0 21
83 0 0 0 0 46 56 0 0 0 0 0 0 65 34 81 0 0 0 0 0 4 0 0 0 75 0 0 25 0 88 0 0 0 48 0 0 0 92 37 0 0 0 0 0 70 0 2 0 0
48 98 0 0 22 0 78 0 24 0 11 28 0 30 72 19 18 62 69 0 46 0 0 0 0 5 26 71 0 0 97 33 0 0 0 0 0 67 0 62 72 0 0 0 14 0 87 57 16 0
0 0 0 86 0 56 0 0 0 0 0 0 0 14 0 0 0 0 0 0 0 0 0 0 0 0 97 0 0 0 0 0 83 0 0 0 0 0 0 69 0 0 67 4 0 0 43 0 0 9
0 0 0 0 0 0 0 50 51 27 0 0 37 0 0 0 58 0 0 83 0 9 0 0 0 0 95 0 14 73 31 0 0 0 37 78 0 0 0 55 0 0 2 0 37 66 0 0 24 0
81 80 0 0 0 33 57 26 0 68 0 0 0 0 0 0 0 0 0 87 0 34 12 68 0 0 0 0 0 0 80 0 0 0 0 79 0 0 0 54 0 0 0 63 0 0 0 56 0 51
0 0 41 53 0 44 0 0 0 63 0 0 0 0 17 0 0 0 26 0 18 28 0 0 0 0 12 0 79 64 0 92 0 0 0 0 0 0 0 0 78 0 0 30 0 0 0 48 0 0
0 0 0 58 69 0 0 71 0 6 0 18 0 0 0 0 0 0 0 0 46 0 0 0 0 0 0 0 98 33 32 0 0 0 0 59 0 0 0 0 0 3 0 0 16 0 1 0 66 0
0 79 0 0 0 0 0 0 10 0 0 0 0 2 93 0 0 75 0 0 0 2 0 0 0 0 0 0 0 43 0 0 0 67 0 0 0 0 0 0 99 0 0 0 0 0 79 0 11 0
1 47 39 0 0 0 0 0 0 0 0 0 0 0 0 0 0 35 0 0 46 57 50 18 0 41 0 71 0 55 0 0 23 0 18 11 27 0 0 0 0 0 0 84 0 36 0 0 38 11
0 0 54 73 0 0 82 0 0 0 0 0 0 22 64 0 0 0 0 34 0 0 0 0 0 0 76 0 60 16 0 0 0 0 0 44 15 65 47 0 32 0 57 59 0 0 72 0 0 0
