0 36 0 0 0 0 98 0 0 28 0 20 92 0 0 5 0 0 64 0
0 0 0 0 0 0 2 0 0 0 88 0 0 0 0 0 0 0 0 0
43 0 52 0 74 68 36 0 0 0 56 0 0 0 0 77 0 0 0 0
67 0 55 0 41 99 42 25 37 0 48 0 0 0 0 0 88 0 0 0
0 0 79 0 0 0 39 0 0 0 80 0 43 0 53 0 51 52 0 91
0 0 0 0 38 13 91 48 0 75 0 53 0 85 71 0 0 0 0 85
0 30 0 31 0 0 0 30 70 61 0 0 0 0 0 0 91 0 0 0
0 12 27 4 74 58 0 0 0 0 0 90 0 0 0 0 6 45 0 0
0 83 0 0 50 0 0 0 0 0 0 0 0 0 0 0 17 3 0 51
0 0 0 50 0 0 0 0 0 28 0 0 59 0 0 0 6 16 0 0
0 0 13 0 0 0 2 0 67 0 0 6 0 0 0 0 3 93 0 0
82 0 85 0 20 77 0 55 10 0 0 0 0 0 25 24 0 0 40 99
0 20 0 0 0 48 0 0 0 0 0 0 0 0 67 0 0 0 26 0
0 0 0 21 0 61 0 50 0 7 0 44 0 0 0 14 0 0 64 0
0 0 0 0 0 72 79 68 0 83 0 22 0 97 0 0 0 30 0 0
0 0 0 0 0 0 0 0 22 13 0 0 0 0 0 0 0 0 0 0
93 0 98 0 12 0 0 33 77 0 0 0 0 0 95 0 0 93 77 0
0 90 0 0 0 0 0 17 38 77 0 21 0 0 0 0 15 0 0 0
31 0 0 0 0 0 17 0 6 0 15 0 0 0 0 0 0 0 0 0
0 0 63 0 4 0 0 11 0 0 0 0 0 0 0 6 0 51 0 0
88 0 38 79 0 0 0 0 0 0 0 0 0 0 0 0 0 33 3 36
16 99 0 37 0 0 44 0 76 0 0 0 0 0 0 0 0 0 0 86
0 86 0 5 0 0 0 79 0 31 0 0 40 0 0 0 0 0 0 0
0 2 0 0 4 0 95 0 0 81 0 0 0 0 0 0 0 0 41 5
0 0 0 22 0 85 0 0 69 0 19 15 0 0 43 0 0 47 0 0
0 0 0 91 65 2 40 73 0 5 82 0 0 0 80 0 0 0 0 77
0 0 0 0 12 24 0 0 39 0 0 0 0 0 0 0 0 98 70 0
95 0 0 28 0 0 71 0 0 0 22 4 0 0 0 0 0 3 52 0
0 13 12 0 89 0 0 0 0 55 40 0 0 40 0 0 21 70 28 14
0 0 97 94 86 46 0 0 0 0 74 0 0 0 0 57 0 14 0 71
5 0 0 9 0 0 85 98 0 0 0 0 0 0 0 0 0 0 93 0
60 0 84 0 34 98 0 98 0 0 0 0 0 0 5 96 93 17 0 0
0 94 0 0 0 18 40 0 0 0 0 0 0 54 0 66 0 69 0 2
95 3 0 28 12 0 66 17 29 0 0 0 0 43 0 0 0 0 6 0
0 70 0 87 0 43 0 90 0 0 33 0 0 0 0 0 8 0 70 15
0 0 40 0 22 0 0 0 0 0 0 0 0 4 77 36 0 7 0 23
96 0 0 39 0 0 0 28 0 60 0 0 0 0 0 0 43 70 15 0
0 0 0 0 0 0 0 0 0 0 49 0 0 0 1 0 26 0 0 0
0 0 0 0 0 44 97 0 55 66 55 87 16 45 0 0 0 0 68 0
99 0 0 0 0 0 0 0 0 0 2 0 0 0 0 67 88 0 0 0
20 0 0 88 50 33 0 0 85 0 0 0 0 0 0 0 0 0 37 16
0 98 0 0 0 70 0 0 0 0 45 0 0 62 80 5 47 0 0 0
46 3 0 0 0 95 99 0 0 0 0 0 0 0 0 62 0 0 0 0
0 32 0 0 89 0 0 87 7 36 0 0 72 0 0 82 0 33 0 0
0 95 0 61 0 0 18 0 34 99 0 0 0 0 73 0 0 15 0 0
0 0 0 36 0 0 0 0 0 0 25 62 19 0 15 0 70 0 68 17
0 0 0 0 0 0 0 0 0 0 31 0 0 0 0 44 0 0 0 79
23 0 0 0 0 0 0 24 0 13 1 46 5 55 0 73 65 56 59 0
38 0 0 0 0 0 0 95 0 0 34 96 52 88 0 0 0 0 0 0
7 0 91 0 25 24 3 0 11 90 0 27 0 14 58 0 0 0 0 0
