0 0 0 0 22 0 0 0 0 58 0 90 0 0 0 0 0 0 13 85 0 0 0 0 0 0 62 0 0 78
0 0 0 0 4 0 22 0 0 0 0 0 0 37 0 0 50 0 10 57 0 0 0 0 0 0 0 0 0 0
86 0 0 0 0 36 0 0 0 48 0 68 0 0 0 0 0 0 97 0 0 35 0 0 54 0 42 0 48 57
56 21 0 0 0 5 0 0 65 28 48 0 0 0 77 0 0 19 0 98 73 0 0 0 0 8 0 0 0 0
0 17 0 0 0 0 0 0 79 0 0 0 0 85 0 65 0 0 0 0 0 0 0 0 0 0 35 62 0 0
0 0 0 48 0 0 0 0 98 81 60 0 77 25 0 0 0 0 0 0 0 34 0 0 0 0 0 52 0 0
0 42 0 0 0 0 0 89 0 0 0 0 42 0 57 0 0 82 0 0 0 62 48 0 0 28 97 0 0 0
0 0 81 0 0 69 0 0 0 0 0 19 0 0 0 0 5 0 7 0 0 0 0 0 0 21 0 0 0 0
0 70 46 0 66 0 40 0 0 0 0 0 0 15 0 6 71 0 0 0 0 0 0 0 0 0 0 0 0 0
0 48 0 0 0 45 10 0 0 0 0 96 0 0 0 0 0 0 7 0 32 29 0 0 0 0 0 0 0 0
0 0 0 31 0 0 0 0 0 22 0 0 0 0 3 40 0 57 0 51 0 0 21 0 0 0 2 0 0 0
0 50 0 0 96 62 0 0 0 92 0 0 0 0 0 0 74 35 0 0 0 0 62 0 0 0 0 0 77 39
0 0 0 0 68 0 17 0 0 0 0 0 0 0 6 0 0 0 0 0 0 0 0 0 0 0 20 0 0 0
0 0 1 0 25 0 0 15 0 34 39 0 85 39 0 0 30 0 0 0 0 0 0 0 76 0 0 0 0 0
0 0 38 18 0 41 0 0 0 16 0 0 0 15 13 0 0 0 69 0 0 0 0 91 0 92 19 0 46 94
0 0 7 0 18 34 0 0 0 0 0 0 0 52 0 0 0 0 0 0 52 0 0 0 0 0 0 0 0 0
19 0 0 78 0 0 0 0 0 82 0 35 48 0 0 8 0 7 0 0 0 0 0 0 0 0 0 0 0 0
0 89 0 0 0 0 0 0 0 68 55 0 0 0 0 0 0 2 22 0 0 0 0 0 0 33 53 0 0 23
0 20 0 36 0 36 0 0 0 0 0 0 0 22 0 0 0 79 0 0 0 0 0 0 0 0 72 0 0 0
29 0 0 0 0 39 0 0 0 0 0 0 42 0 0 0 0 0 0 0 96 0 0 0 27 0 0 0 0 0
