0 0 0 0 0 0 0 0 0 0 0 68 0 0 46 0 0 0 0 14 0 71 7 0 69 0 0 0 26 0 0 0 0 0 0 0 0 0 0 53 0 93 0 31 0 0 0 67 0 0
0 0 0 0 0 0 0 31 14 0 0 0 0 0 0 0 0 0 0 0 0 0 0 0 0 0 66 0 0 0 0 0 0 0 0 0 0 0 0 49 0 54 0 0 0 0 0 6 0 0
0 70 0 76 0 0 0 0 0 0 0 0 0 0 0 0 0 0 0 0 0 0 0 0 0 0 0 0 23 0 0 0 0 9 49 46 0 12 28 0 0 0 0 0 0 0 0 30 0 0
0 0 62 0 0 0 0 0 72 0 0 0 36 0 0 11 0 0 38 56 65 0 0 0 69 0 0 0 0 0 0 0 0 0 0 0 57 57 14 0 25 0 0 0 0 0 95 0 0 0
0 0 0 98 0 0 0 0 0 0 0 0 0 0 0 0 0 0 0 0 60 0 0 0 31 0 0 13 0 0 57 0 0 0 0 0 86 0 0 0 0 0 0 0 26 0 37 0 0 0
0 0 0 47 5 0 0 0 0 0 0 0 0 0 0 0 0 0 0 0 0 0 0 0 0 61 0 0 74 5 0 0 31 0 0 0 0 0 0 91 34 0 0 97 0 0 0 52 0 0
0 0 0 0 0 5 0 0 0 0 0 94 0 0 0 0 0 0 0 0 0 0 0 0 0 0 0 41 0 0 0 0 0 0 0 0 0 0 0 48 0 0 0 48 0 0 0 0 0 0
0 0 0 0 0 0 0 0 0 87 0 0 34 62 77 0 0 0 0 0 94 0 0 0 0 0 0 0 52 0 21 0 0 0 0 0 0 0 0 84 44 0 86 0 0 0 0 0 0 0
0 0 27 0 46 0 0 0 0 0 0 75 0 0 0 0 0 5 0 0 0 91 0 0 0 0 0 0 0 0 63 0 0 0 0 0 0 0 0 0 0 0 78 0 0 0 49 0 0 19
0 0 0 0 0 47 67 93 0 0 0 0 0 0 25 0 52 0 0 0 0 0 0 0 38 75 0 0 0 0 0 26 0 0 10 88 0 41 14 0 0 0 0 0 0 0 0 0 0 0
79 0 25 0 13 0 0 0 75 0 0 28 0 0 0 0 47 44 0 0 0 0 0 0 0 0 62 0 0 0 0 71 0 0 0 0 0 0 0 0 51 0 0 7 0 0 0 0 0 0
98 53 55 0 0 0 0 65 0 0 0 0 0 77 0 0 0 0 0 0 0 0 0 0 47 0 0 0 0 0 0 0 0 0 0 0 44 0 0 0 98 0 0 0 0 0 0 0 0 0
0 0 0 0 0 64 0 0 0 0 0 44 0 29 0 0 0 0 0 0 14 0 85 0 0 0 0 0 0 0 15 0 0 0 0 19 0 0 0 0 0 0 0 0 0 0 0 0 22 0
0 0 0 0 0 0 0 0 53 15 59 0 0 0 0 90 83 0 0 0 0 0 70 0 87 0 0 25 0 0 0 0 96 0 66 0 0 0 0 0 18 0 0 0 0 0 0 37 0 0
0 0 0 62 0 86 57 0 0 0 0 0 0 0 0 4 39 48 0 0 0 0 0 0 0 0 0 35 0 83 59 0 0 0 0 0 0 0 0 0 42 0 22 72 0 0 20 0 0 0
0 0 0 28 0 0 0 97 0 0 0 13 0 0 63 0 78 32 92 0 0 66 0 26 0 0 0 0 0 0 0 0 0 0 0 0 4 0 0 0 0 0 19 4 0 0 0 0 0 0
0 0 0 0 0 0 0 0 0 0 0 0 0 0 0 85 0 0 42 0 0 0 0 0 0 8 0 0 0 0 0 0 0 14 0 41 0 0 0 0 0 0 0 0 0 0 46 0 0 0
0 0 0 0 0 0 0 0 0 0 75 0 0 39 0 0 26 99 0 0 0 0 23 0 0 0 11 0 63 0 0 0 0 0 0 0 0 90 0 0 0 0 24 0 57 0 0 0 0 39
21 0 0 0 0 64 0 67 0 8 88 0 0 0 0 0 0 0 7 4 72 0 0 0 0 97 0 0 74 0 0 0 0 92 0 0 0 31 0 1 27 0 74 0 0 0 0 0 0 0
0 0 0 0 0 0 0 28 0 75 0 0 0 0 0 0 0 31 0 85 0 0 0 61 0 0 0 0 0 0 0 0 0 0 0 0 0 0 0 67 0 0 0 84 0 0 0 0 0 0
0 0 0 0 0 0 0 0 0 0 0 0 0 0 0 0 0 0 0 0 0 0 0 0 0 0 0 0 0 0 0 97 0 53 0 0 0 91 0 0 0 0 0 0 0 0 0 0 39 0
0 0 52 38 0 0 0 0 0 0 0 0 0 0 0 0 0 0 0 89 0 0 0 0 0 0 0 0 0 0 0 0 0 0 0 0 0 0 0 0 0 0 0 0 0 0 0 51 0 0
0 0 0 0 0 0 31 0 86 0 41 0 0 0 0 57 0 0 0 0 0 0 93 0 36 60 0 0 0 62 0 0 0 96 98 0 0 0 0 0 30 0 0 0 8 0 31 0 0 0
1 0 0 0 87 0 0 0 44 98 0 0 48 17 0 0 0 64 0 0 0 0 0 97 0 0 30 85 0 0 0 0 25 73 0 0 0 0 62 0 63 0 0 75 0 0 0 0 0 32
0 0 0 0 0 0 0 92 64 0 0 0 0 0 0 0 0 60 71 22 0 68 36 0 0 49 0 12 0 0 0 61 0 0 0 85 0 35 51 0 0 0 0 0 0 0 0 0 0 69
29 0 0 95 27 0 0 0 0 0 0 0 0 0 0 0 0 67 0 0 51 0 0 0 96 0 0 0 51 0 0 0 0 0 0 0 0 38 0 0 0 1 0 0 71 69 0 32 0 0
0 0 0 0 0 0 80 0 0 0 0 0 36 0 0 0 0 0 0 28 0 0 0 0 0 0 0 0 0 0 0 0 0 0 0 0 44 0 0 89 60 0 0 62 0 0 75 0 0 0
0 0 94 90 76 0 0 0 0 0 0 0 26 48 0 0 63 0 0 0 81 46 66 0 0 0 0 89 0 0 0 0 0 0 0 0 0 0 0 0 67 0 0 0 0 0 0 0 85 0
67 0 8 0 0 0 0 0 0 0 0 84 0 83 0 32 0 51 0 0 0 0 35 0 0 0 0 99 0 0 0 0 0 0 0 69 0 0 0 63 72 0 0 24 0 0 0 0 0 14
0 0 0 6 61 0 0 0 0 69 0 33 0 0 0 0 0 42 85 0 0 85 0 15 0 0 26 0 0 0 0 0 0 0 0 0 0 0 0 39 23 0 35 0 0 0 0 0 0 0
0 0 0 40 0 0 0 0 0 0 0 29 0 0 0 0 0 0 0 51 0 0 0 0 0 0 0 0 18 50 0 93 0 0 0 0 0 57 0 0 0 0 0 19 0 0 0 0 0 0
0 0 11 0 0 99 0 71 0 0 0 69 0 0 0 15 0 0 0 0 0 0 0 0 0 0 0 0 0 0 99 0 14 0 0 0 50 0 0 0 16 7 0 0 0 0 0 73 0 0
0 91 0 0 0 0 0 0 40 0 0 0 0 0 0 0 0 55 0 0 0 0 0 0 0 45 0 0 0 0 0 0 0 0 68 0 0 0 21 88 0 84 0 0 0 0 85 0 0 0
71 32 89 0 0 0 71 0 67 25 0 57 0 0 0 0 0 0 0 0 0 68 0 0 0 5 0 87 0 0 0 43 0 0 0 0 64 0 0 96 16 0 0 46 61 0 0 0 31 0
0 27 0 0 0 0 0 0 0 0 0 0 0 0 25 0 0 0 0 0 81 0 0 0 0 0 0 87 0 0 0 0 0 0 0 0 0 0 0 4 0 0 0 0 34 0 58 0 60 0
0 0 0 0 0 0 25 72 0 0 36 0 0 0 24 0 0 0 0 0 0 0 0 0 28 0 90 0 0 0 0 0 0 9 0 0 0 0 0 0 0 0 0 0 24 0 0 0 0 0
38 0 0 0 0 0 0 0 0 0 0 11 47 0 0 0 0 0 0 63 0 0 0 20 15 0 0 0 0 0 0 0 14 50 88 0 35 0 0 0 0 0 0 0 0 0 0 0 23 0
0 0 0 18 0 0 0 0 67 0 0 0 0 70 0 0 0 0 0 40 0 0 0 0 0 0 0 0 40 0 0 0 0 0 0 0 57 0 0 0 0 0 0 0 0 0 31 0 0 94
0 0 0 0 0 0 23 0 0 0 0 0 0 0 0 0 0 0 0 27 0 0 0 0 0 0 0 0 0 0 0 34 0 0 0 0 0 0 0 0 0 8 0 0 0 0 0 0 0 0
0 0 0 0 0 0 62 73 0 80 0 9 0 0 0 46 0 0 0 0 71 0 0 0 0 0 0 0 0 0 0 0 0 0 0 0 0 44 0 0 0 0 18 0 16 0 0 0 46 0
