0 75 0 0 0 0 0 0 0 86
0 76 0 11 0 0 0 82 0 0
0 18 0 0 0 0 0 0 0 0
0 70 0 59 75 0 0 0 0 0
53 0 0 53 0 0 32 0 48 0
66 0 0 0 0 0 70 97 60 0
0 0 55 0 0 5 0 0 86 0
0 0 0 45 0 0 0 0 0 30
0 57 12 0 76 0 0 0 0 0
0 0 0 0 0 24 0 0 0 0
0 65 0 0 0 0 0 0 67 0
0 0 0 0 40 0 0 81 0 26
0 0 0 0 0 0 0 57 39 0
0 73 0 0 35 0 0 16 0 0
0 0 81 99 0 1 0 0 0 0
0 0 0 0 0 14 0 69 0 3
0 0 22 0 0 0 0 0 46 77
3 0 0 0 11 0 0 0 0 0
0 0 0 0 0 0 0 0 0 41
0 0 0 0 62 0 0 0 35 0
0 0 0 0 44 0 0 0 52 0
0 0 0 0 8 0 0 0 0 14
0 52 0 0 0 94 0 35 0 0
0 13 0 0 0 0 0 63 0 0
0 0 0 78 0 0 0 5 0 7
43 0 0 0 0 0 0 0 0 0
0 0 0 62 0 0 0 90 0 0
85 0 0 0 0 0 0 0 5 0
0 0 96 0 0 0 0 0 0 0
19 0 4 69 0 15 0 0 0 0
0 0 0 0 0 67 0 0 0 36
0 0 0 0 0 0 35 0 0 0
0 96 0 49 47 0 0 0 0 0
0 23 0 0 0 0 0 40 0 54
29 86 61 0 87 0 0 0 0 0
0 0 0 0 16 72 0 35 94 0
0 0 0 0 22 0 0 0 40 0
0 0 0 0 0 0 12 9 0 25
0 24 39 32 0 0 0 0 0 53
65 0 67 0 0 0 0 0 0 0
