0 79 0 0 0 0 49 85 47 10 0 0 0 0 0 57 0 50 0 0 3 0 0 40 0 0 56 0 0 0 0 0 0 0 0 0 0 32 0 29 47 70 0 0 0 0 0 0 0 27
19 0 0 0 0 94 2 65 0 2 72 0 0 0 0 0 0 85 74 61 0 0 0 0 65 57 0 19 0 0 0 0 56 0 0 0 69 0 91 33 0 94 0 5 0 0 95 0 0 0
49 0 98 0 0 70 93 40 0 35 0 0 0 58 0 0 0 1 56 0 0 0 0 0 0 50 12 0 48 0 0 0 0 91 0 0 0 0 0 41 8 0 62 0 0 97 0 0 54 0
71 0 0 0 0 0 6 58 0 55 0 20 75 0 0 98 16 80 0 34 0 78 0 0 0 0 0 0 61 0 0 53 0 0 32 37 0 0 0 0 0 0 53 87 79 0 0 0 0 0
0 59 0 0 0 0 0 0 0 29 29 0 0 0 0 81 43 0 0 8 39 0 64 0 0 61 56 21 88 64 0 10 0 0 0 5 0 0 0 0 42 0 0 0 0 58 69 18 0 0
72 39 0 0 0 0 91 0 88 0 0 51 0 35 0 0 0 0 63 0 0 0 0 0 24 0 75 41 0 0 0 0 0 0 35 0 0 0 0 15 80 0 0 0 0 58 0 0 0 58
9 97 0 0 14 0 0 0 0 15 0 0 48 0 92 0 0 97 0 59 0 0 95 96 42 89 0 0 0 0 0 56 53 0 60 36 0 37 0 0 0 43 77 0 21 0 0 0 0 88
0 32 0 0 0 0 0 0 8 0 0 0 74 0 0 0 0 0 0 0 15 0 32 31 0 0 34 0 47 0 0 0 0 28 68 0 0 44 82 28 0 22 15 0 0 0 0 72 10 0
0 10 57 84 0 0 0 0 0 0 41 91 41 58 0 0 27 0 68 71 0 60 0 6 0 60 0 96 67 0 0 0 77 32 52 0 0 91 0 0 0 0 22 87 0 0 0 0 0 0
0 0 0 0 57 8 0 0 0 0 0 0 0 0 0 0 0 0 0 0 58 0 41 54 0 0 0 0 73 0 0 0 0 0 0 0 0 0 0 0 0 57 64 4 14 0 0 0 43 0
0 0 0 0 0 0 64 0 82 0 0 0 0 0 0 0 0 0 0 0 43 87 0 0 0 0 96 21 0 0 0 0 90 0 0 0 33 0 90 0 0 0 70 0 96 0 57 0 0 0
15 0 0 0 0 0 0 0 0 0 0 0 0 0 0 98 0 0 69 0 85 65 0 61 5 48 5 0 57 0 0 81 0 38 0 0 51 0 0 40 0 0 0 75 98 0 0 0 0 0
0 17 0 0 0 51 0 0 0 0 0 0 87 64 0 57 0 1 0 0 0 0 0 65 10 0 30 0 0 0 0 25 1 0 9 0 0 0 0 0 92 33 0 61 0 0 0 0 0 0
0 0 0 0 32 0 0 32 2 8 79 0 0 75 40 57 0 0 69 0 0 0 39 0 34 0 0 0 0 0 0 17 0 0 0 0 53 0 0 0 25 0 0 46 88 63 94 0 0 74
16 0 0 0 60 0 0 0 97 54 0 0 11 0 18 0 0 0 0 0 0 0 0 0 0 0 78 0 0 0 0 0 0 16 0 0 22 0 0 0 42 0 0 0 25 0 39 93 0 0
64 0 51 0 0 0 0 0 43 0 31 71 0 0 0 0 0 0 0 0 47 9 83 0 89 0 0 0 0 0 0 0 0 0 0 0 0 98 57 20 0 0 38 0 0 0 0 53 0 18
53 0 0 0 0 0 48 0 0 0 67 50 0 81 0 0 8 8 91 62 0 0 93 9 27 32 0 0 0 0 0 0 0 45 0 0 0 0 0 0 0 0 4 63 85 35 0 0 0 0
0 56 0 0 0 0 0 0 33 0 58 54 0 0 0 0 0 40 0 0 82 66 74 0 0 0 0 17 98 0 0 0 0 61 0 0 0 94 0 0 78 65 0 0 0 0 0 46 0 0
0 0 0 0 69 0 33 0 3 36 0 0 83 0 0 32 0 19 84 0 0 0 0 0 0 0 53 85 89 1 0 0 36 0 0 93 0 0 0 87 0 50 38 0 0 0 0 0 0 61
0 0 11 0 0 0 26 0 93 6 27 98 75 31 18 0 0 0 0 0 0 0 0 0 59 0 42 0 0 0 0 0 0 0 76 41 0 0 51 14 0 55 90 0 0 0 0 0 0 0
