0 0 68 0 0 0 0 0 0 0 0 6 49 0 0 0 0 0 87 0 0 0 0 0 0 0 0 0 92 0
0 0 0 0 0 22 0 0 0 0 52 0 0 0 0 0 0 77 0 0 0 0 0 0 0 0 0 45 0 16
69 0 85 0 75 0 0 0 0 0 0 0 0 87 63 0 97 0 42 0 0 0 0 53 0 0 0 0 0 0
0 0 0 0 0 28 0 0 63 0 0 0 0 0 0 0 10 0 0 0 25 0 0 60 0 52 0 0 0 0
55 0 0 0 0 0 0 85 40 89 0 0 0 0 0 0 0 0 63 0 0 2 0 29 0 0 0 0 0 75
5 0 67 0 88 0 0 0 0 0 0 0 1 0 76 0 98 0 23 0 0 0 0 0 42 0 0 0 0 30
0 0 0 0 0 0 0 50 0 0 0 0 0 0 0 0 0 0 0 0 3 0 86 0 0 0 0 71 29 98
0 0 0 0 0 0 22 0 84 0 0 0 31 0 21 0 0 0 0 0 0 0 0 0 89 0 0 50 11 28
0 63 0 0 0 0 0 0 0 0 0 0 0 6 0 0 0 0 0 72 0 0 0 0 0 46 0 0 0 0
0 0 0 0 0 20 0 0 0 0 87 0 0 47 0 0 0 0 0 0 0 0 0 0 0 0 60 0 0 28
0 0 0 73 0 5 0 0 0 0 0 24 0 0 68 15 0 0 0 0 0 0 0 0 0 0 0 0 0 0
0 0 79 0 0 8 0 0 0 0 0 0 0 20 28 0 0 0 0 0 84 0 0 0 37 0 0 0 0 0
4 0 0 0 0 0 0 0 0 0 0 0 0 0 7 0 0 0 0 0 0 0 91 0 0 0 12 0 0 0
0 0 0 0 0 0 0 0 0 0 44 0 96 0 71 0 0 79 0 0 0 0 80 0 0 0 0 0 24 0
0 0 0 0 0 0 0 0 0 0 4 0 8 0 0 0 22 2 0 68 0 0 0 0 0 0 0 0 0 82
12 0 0 0 0 0 27 0 0 0 0 0 0 0 0 0 0 0 0 0 0 0 0 0 0 0 0 0 0 0
0 0 0 0 17 0 0 0 0 0 0 0 0 0 0 0 0 83 0 35 62 0 52 0 0 0 0 0 0 0
0 0 0 0 0 44 0 0 0 61 0 0 0 0 54 23 88 13 0 0 0 0 0 32 63 0 0 0 0 0
74 0 0 0 60 28 0 0 0 0 0 0 0 0 0 0 0 0 0 96 0 0 0 0 0 0 0 0 0 0
51 0 0 0 0 0 0 0 61 0 56 0 36 0 0 18 72 0 0 0 0 0 0 0 0 0 0 0 0 63
0 0 0 0 0 0 0 0 0 0 93 0 0 55 79 0 69 0 0 0 0 0 0 0 0 49 0 0 0 90
0 0 0 81 0 63 2 0 0 0 0 51 0 0 0 0 65 0 0 0 0 0 0 0 0 0 0 0 96 0
0 0 0 39 22 0 37 33 0 0 0 0 0 0 0 0 0 39 0 0 0 0 17 6 0 0 0 0 41 69
6 0 0 0 0 26 0 0 0 8 2 0 0 0 0 0 0 0 0 0 0 4 0 0 0 0 0 0 0 0
0 0 0 10 0 0 0 0 0 0 29 0 0 0 0 0 0 0 0 0 0 0 0 0 0 0 0 98 0 25
27 0 0 0 0 0 58 0 0 0 0 0 0 0 85 0 81 0 0 48 0 0 0 0 52 0 0 0 0 37
0 0 85 8 0 0 0 46 0 37 0 0 0 0 0 0 46 0 0 0 0 25 0 0 0 87 0 0 0 0
0 0 86 11 0 0 71 0 0 0 0 0 0 0 0 0 0 0 0 0 0 0 0 0 56 0 0 0 11 0
0 0 0 0 0 0 0 52 0 0 0 0 0 0 0 0 0 52 0 20 0 0 0 0 0 0 0 92 0 0
0 0 0 0 0 88 0 0 0 0 98 0 0 0 45 14 0 2 0 0 0 0 0 0 0 0 0 0 0 0
0 0 0 0 0 0 0 0 0 0 0 89 3 0 0 0 0 0 0 60 99 0 0 0 0 0 0 0 66 0
0 61 59 0 0 0 83 0 0 0 88 40 0 0 0 0 0 0 0 0 30 0 0 0 91 18 22 0 43 39
0 0 0 0 0 0 0 0 0 0 0 0 85 0 0 0 0 0 0 0 0 0 0 10 0 0 0 0 0 0
0 35 0 0 31 29 55 0 0 0 0 0 2 0 0 0 0 0 63 59 0 0 0 0 0 0 63 0 0 0
0 0 0 0 31 0 83 7 0 0 0 0 0 13 49 0 49 0 0 0 42 0 0 0 0 0 2 0 85 13
0 0 17 0 0 0 0 0 0 0 0 0 0 0 0 0 47 0 0 16 43 94 0 57 42 0 0 79 0 0
0 0 0 0 0 23 0 0 0 0 28 0 0 0 0 0 0 96 0 0 0 0 64 74 69 0 0 0 0 0
0 0 0 95 0 73 0 0 0 0 0 0 0 0 0 0 0 0 0 0 0 0 0 0 0 59 0 0 0 0
0 0 0 8 0 0 0 0 0 0 0 0 0 0 0 0 0 0 0 97 0 17 0 79 0 96 13 0 0 0
14 0 0 0 0 0 0 0 0 0 17 81 0 0 0 0 0 0 0 0 0 0 0 0 0 0 0 0 90 0
