0 0 24 0 19 0 48 9 0 2 0 64 0 0 0 0 62 0 0 0 0 64 44 0 0 0 0 0 0 7 0 0 0 96 0 0 0 0 16 0
23 0 7 6 0 22 46 15 22 0 0 0 0 74 0 0 49 0 17 59 0 0 0 0 35 0 0 14 0 0 0 19 0 12 72 0 0 0 0 82
19 0 0 79 0 0 76 0 0 0 0 0 0 0 0 0 0 0 0 0 0 22 66 0 19 0 0 0 0 0 0 0 0 0 61 0 0 0 0 0
0 74 0 49 27 76 0 0 22 0 86 74 0 41 0 0 0 0 0 0 36 0 77 0 0 0 62 0 0 0 0 0 45 0 0 0 66 84 0 0
0 16 0 60 65 0 54 82 0 0 0 0 0 40 0 39 39 41 0 0 0 0 0 0 0 38 50 0 0 39 95 0 30 0 0 0 0 0 0 0
84 84 0 0 0 0 0 0 0 26 0 0 2 0 0 0 0 67 0 0 31 95 79 0 0 61 0 0 0 0 91 33 30 31 0 49 0 0 38 0
39 0 0 0 19 0 0 63 66 0 66 4 0 54 64 0 0 0 0 14 0 0 37 0 34 0 61 0 0 0 0 0 0 65 37 0 0 0 2 0
0 0 53 0 0 0 18 13 0 0 0 0 10 47 47 0 48 0 0 0 0 0 43 6 0 0 0 37 0 0 0 0 0 0 0 0 72 21 76 49
0 0 8 0 23 24 89 0 0 0 67 0 0 33 0 0 0 0 0 0 1 74 0 0 0 0 55 41 0 0 0 89 65 63 0 0 0 0 0 2
99 0 39 45 0 0 56 0 0 0 0 63 0 0 0 0 0 59 2 0 0 0 5 0 0 0 0 0 0 0 0 0 21 25 80 0 0 0 0 0
