0 0 0 0 0 58 0 61 0 0 0 0 0 0 0 0 0 0 0 0 36 0 97 0 0 0 36 0 0 0 0 46 0 0 78 0 0 0 4 0
34 99 0 0 0 0 0 0 0 44 51 3 0 0 72 22 0 0 0 0 0 28 0 0 31 0 0 17 0 0 0 0 0 0 0 63 0 0 0 0
0 0 0 0 0 0 0 0 0 0 0 15 0 0 0 0 64 50 0 0 31 0 0 0 0 0 0 0 85 0 70 0 0 0 0 0 0 0 0 0
68 0 0 60 0 0 0 0 24 0 0 0 0 0 0 53 0 0 0 0 0 0 29 0 91 0 0 0 0 75 31 0 0 0 0 0 48 0 0 0
0 0 0 0 0 0 0 0 29 0 21 0 54 0 97 0 0 0 0 0 0 0 0 0 12 0 0 0 0 0 0 0 84 0 0 0 0 0 0 0
0 91 1 0 0 0 0 0 0 0 0 0 29 0 0 17 0 0 0 0 0 0 0 0 0 0 45 0 0 0 0 0 0 72 82 0 0 83 31 0
80 0 72 0 50 0 0 0 0 26 0 0 0 0 0 0 0 0 92 0 0 0 0 0 0 0 0 0 0 0 0 0 86 0 0 41 0 0 0 0
0 42 4 35 0 0 0 0 0 0 0 0 0 50 0 0 0 0 0 74 0 0 0 0 0 0 0 0 41 86 0 0 0 0 0 0 0 0 0 0
94 0 0 0 25 0 0 0 0 0 0 0 0 26 0 0 6 87 0 0 0 0 0 0 0 0 0 0 0 5 0 0 0 50 0 0 2 0 0 57
45 0 0 0 0 20 0 0 42 60 0 0 0 0 0 0 68 50 0 0 0 0 49 0 0 0 0 0 0 0 57 0 0 0 0 0 0 0 0 0
