0 0 34 0 0 0 86 0 0 0 0 64 29 0 0 6 0 0 0 0
0 0 0 0 0 0 0 0 0 20 0 37 0 0 0 0 0 0 0 0
0 52 0 0 0 0 0 4 0 94 0 0 0 32 0 92 0 0 0 0
25 74 0 64 0 0 0 0 0 90 0 0 0 17 91 0 0 0 0 0
0 1 0 0 0 0 0 0 0 0 0 0 0 0 0 40 89 0 0 70
20 42 0 0 35 0 0 0 45 0 0 31 0 0 0 61 0 0 0 9
0 85 0 0 0 0 19 0 0 52 0 0 0 0 9 0 23 0 0 0
41 0 0 45 0 0 13 0 81 35 0 51 56 73 0 22 0 26 0 0
0 0 0 0 0 0 0 80 76 0 0 0 0 0 0 0 0 0 0 0
0 0 24 0 0 0 0 2 0 99 0 0 0 0 0 0 0 0 0 0
0 49 0 0 0 0 0 0 0 0 0 59 0 76 0 0 0 0 76 36
0 0 0 24 35 0 0 0 73 0 0 0 0 0 0 0 0 82 0 0
0 97 10 0 51 0 0 0 0 0 0 0 0 0 85 0 0 0 28 0
0 0 0 90 0 0 0 44 0 0 40 0 76 58 0 0 97 0 0 0
45 0 0 0 88 0 0 0 0 29 0 65 91 92 69 90 0 0 0 0
0 95 0 0 0 0 21 48 10 0 0 0 0 83 0 0 0 0 32 93
65 0 0 0 0 0 15 0 0 0 0 0 70 0 70 0 49 4 0 0
0 0 0 0 0 0 0 0 0 0 0 66 0 0 0 0 0 0 18 16
0 0 0 48 80 0 0 0 0 0 0 99 51 0 43 73 0 26 0 0
60 0 0 0 0 0 35 36 0 13 0 0 0 0 83 0 0 53 40 36
0 0 0 0 4 0 51 0 0 0 0 0 0 0 0 0 0 0 61 0
44 0 6 0 0 0 0 0 86 0 0 0 0 85 66 0 0 56 0 24
9 0 0 0 0 1 0 0 0 0 0 15 97 54 0 0 0 19 7 0
0 0 0 0 0 0 0 35 0 0 0 0 0 0 0 0 0 17 0 0
0 21 0 0 0 0 61 0 0 0 22 0 0 60 0 69 0 75 0 17
0 0 0 0 0 0 0 0 0 72 55 27 0 60 0 0 0 99 0 0
10 0 0 0 0 7 0 0 17 52 0 0 0 0 0 0 0 0 71 35
0 0 0 0 0 32 0 0 0 0 0 0 0 0 0 0 0 0 0 0
0 0 0 0 0 0 0 40 0 0 0 0 0 0 87 0 0 0 0 0
0 0 0 0 0 0 0 0 43 0 45 0 0 0 58 61 0 0 0 0
0 39 0 0 0 0 0 0 0 0 0 0 0 74 0 58 0 0 32 0
0 11 0 60 65 0 52 0 0 0 0 0 34 0 14 0 0 0 61 0
0 0 0 0 0 0 0 0 19 55 0 0 32 0 0 0 0 0 0 0
0 0 0 0 0 0 86 89 84 66 0 0 0 0 0 0 0 0 0 0
78 0 0 0 0 0 0 0 0 0 0 82 0 0 0 0 0 80 72 0
83 0 0 0 0 0 0 51 0 0 0 0 0 28 73 0 0 0 0 0
0 0 0 0 0 0 0 0 0 0 52 0 0 0 0 0 89 41 90 0
0 0 64 0 52 0 44 0 71 79 0 93 68 0 81 0 0 0 0 0
0 0 0 0 0 0 0 0 17 0 0 0 0 0 0 64 0 0 0 0
0 0 0 33 0 30 0 0 0 0 12 7 92 0 0 0 0 1 0 0
