86 51 0 0 85 0 8 0 0 0
28 0 0 0 0 0 0 16 0 0
0 0 88 0 39 0 0 17 37 5
0 0 0 66 0 0 0 53 0 0
0 0 0 0 61 0 63 0 0 0
0 0 0 0 44 0 15 73 0 0
0 0 0 0 0 0 0 0 0 13
0 0 0 0 0 89 0 61 0 0
0 0 0 0 0 81 0 0 0 0
51 0 0 0 0 0 14 0 0 0
40 0 0 0 0 0 0 97 0 0
83 0 0 0 82 0 0 0 0 76
0 17 0 0 0 24 0 0 0 0
0 0 78 39 0 0 0 29 0 93
0 0 0 0 0 0 0 0 8 0
74 0 45 0 0 0 0 88 0 0
0 0 0 37 0 0 0 11 0 0
0 0 0 45 20 0 56 0 0 86
0 0 0 34 0 0 0 0 89 0
0 61 0 57 0 58 66 0 0 0
9 0 0 0 0 25 0 0 0 0
0 63 0 0 0 0 0 0 0 0
0 0 0 2 0 0 20 0 0 66
0 0 0 26 99 0 0 0 67 0
0 0 0 38 0 34 0 0 0 0
0 0 80 0 0 0 96 0 0 0
0 0 0 92 97 0 0 0 35 0
44 58 12 4 0 0 28 20 0 58
0 0 0 0 0 0 0 0 0 0
0 0 0 0 0 0 8 0 0 0
