0 54 0 0 0 0 0 0 0 45 0 0 0 0 0 0 0 1 0 0
0 70 9 0 0 0 0 0 0 0 0 0 51 0 0 29 0 0 0 0
0 0 53 40 74 0 0 0 0 0 69 0 0 0 0 80 0 0 97 0
0 68 0 70 0 0 48 0 37 69 0 0 0 0 0 44 0 0 89 0
24 0 49 1 0 75 0 0 0 0 5 96 0 28 0 0 0 29 0 0
0 76 88 0 4 0 59 30 17 20 0 0 0 0 0 63 0 61 0 0
0 63 0 0 0 72 0 0 0 0 0 0 0 0 0 0 0 0 0 0
66 0 13 36 27 0 0 0 0 0 0 0 0 0 0 12 56 2 0 0
75 0 0 93 7 0 0 0 5 0 0 29 0 0 35 0 97 0 93 64
71 0 0 66 0 7 64 0 0 0 0 0 0 0 0 0 47 0 7 0
0 0 0 0 0 66 0 0 0 0 0 22 78 0 0 33 0 0 0 94
76 0 0 36 0 0 0 0 17 81 48 0 46 46 0 69 0 92 30 33
0 0 0 44 99 0 0 0 0 46 0 0 55 0 16 38 0 0 0 0
0 0 2 82 0 31 0 65 68 0 0 0 0 69 0 0 0 27 0 0
4 32 6 0 0 0 0 33 0 76 0 0 94 14 74 25 0 0 0 0
0 0 0 35 0 0 69 53 0 6 16 0 36 0 53 32 0 0 5 0
26 0 0 19 66 19 0 0 42 0 0 14 0 0 0 0 0 0 0 57
0 57 0 0 0 0 0 0 0 0 0 0 0 20 0 0 79 99 0 67
94 0 0 0 0 0 33 0 0 7 0 0 0 0 0 0 0 54 0 0
69 48 0 0 6 99 0 25 0 0 77 67 61 73 0 48 0 16 0 0
0 84 0 0 0 92 0 0 0 0 86 0 0 0 0 62 0 0 40 0
1 0 46 0 0 0 0 16 60 0 5 84 0 90 0 0 91 33 0 0
0 0 0 0 0 0 4 0 0 0 0 0 35 1 0 0 0 0 0 0
0 0 40 0 0 0 0 36 0 48 83 0 2 31 88 76 0 32 0 90
39 0 0 41 0 0 0 48 12 0 88 0 0 0 0 54 61 0 0 0
0 75 37 0 30 29 0 0 98 0 0 0 0 0 0 0 66 0 0 0
0 99 83 0 0 0 0 0 1 0 0 70 78 0 0 94 0 0 0 0
0 0 0 0 73 0 58 0 0 11 0 0 0 0 0 0 0 0 0 98
0 0 0 46 28 0 36 0 0 0 95 0 0 6 15 0 0 43 0 66
0 0 0 7 99 0 0 0 0 96 0 0 0 0 0 0 0 66 0 0
