0 79 0 0 0 0 0 0 8 0 0 0 54 0 0 0 0 47 0 0 0 0 0 70 0 0 28 57 0 0
0 11 0 0 0 0 0 0 0 0 0 0 0 89 0 0 88 0 66 0 74 2 27 0 50 0 87 0 0 0
31 0 0 0 0 99 52 0 75 41 0 0 0 0 85 0 0 22 0 80 0 0 0 0 51 24 0 0 0 78
0 0 50 83 0 0 73 0 0 66 0 82 93 0 0 75 23 0 71 0 0 92 0 98 53 16 20 27 32 0
18 0 2 0 0 0 0 40 0 0 0 0 65 0 0 0 81 0 0 46 0 0 67 0 0 0 0 97 0 6
0 0 0 76 0 0 6 45 0 0 0 81 0 86 0 0 0 56 21 6 0 0 0 0 0 0 0 0 0 0
51 0 0 11 0 0 0 39 0 74 0 0 0 43 0 0 16 27 75 0 0 0 0 49 0 59 33 0 0 0
0 70 77 0 0 0 0 75 0 0 0 0 0 49 26 0 33 0 45 0 0 0 0 0 48 0 20 0 0 1
0 0 0 0 5 0 67 0 0 0 0 0 75 0 99 4 28 0 0 86 0 9 0 74 75 0 0 0 0 32
0 0 0 0 0 0 0 66 0 0 25 0 0 0 0 44 22 0 0 0 0 0 0 0 0 0 20 0 0 0
19 56 0 0 0 0 10 0 0 40 97 0 0 0 0 0 0 0 0 0 0 35 44 0 0 23 0 0 0 98
0 0 0 36 0 0 61 0 0 0 16 48 0 0 0 31 27 0 0 0 0 98 0 0 19 0 25 0 0 0
0 0 0 0 39 78 24 0 84 30 0 0 74 4 55 0 0 79 0 0 0 0 0 0 0 0 0 45 0 0
60 16 31 0 0 0 0 37 0 0 0 0 0 0 0 0 0 0 0 0 0 17 0 45 0 52 0 47 0 0
0 0 0 29 0 0 0 0 0 0 62 67 35 90 0 0 0 0 0 0 0 86 50 44 0 97 0 0 72 0
0 82 0 0 0 0 73 36 0 0 23 51 0 32 0 45 0 0 0 0 94 0 0 0 39 0 0 0 0 0
0 79 0 6 80 0 77 0 0 38 0 0 0 0 79 0 31 0 57 0 0 0 0 0 0 12 79 0 0 68
0 30 0 93 40 7 0 0 0 57 0 0 0 0 68 12 0 60 0 0 0 0 0 34 69 0 0 31 51 0
0 68 65 53 0 0 0 94 0 91 0 0 0 0 86 0 0 0 34 0 0 90 48 63 15 0 5 45 94 7
0 0 0 5 88 97 0 0 0 0 5 0 69 0 0 0 46 0 0 0 55 0 59 6 0 0 0 0 0 34
50 0 0 0 0 53 88 0 0 0 0 0 0 0 0 0 0 0 63 0 72 0 20 99 0 0 29 59 0 81
0 0 57 0 0 0 0 68 0 63 0 0 0 88 0 29 0 0 0 0 23 37 71 0 27 97 9 48 7 29
0 90 0 0 10 0 0 37 0 0 29 0 27 16 0 82 0 0 0 71 75 0 75 0 0 84 0 95 0 23
54 42 34 0 12 0 0 0 0 0 60 0 0 0 48 0 0 0 0 56 0 0 0 0 0 14 0 0 31 0
90 0 56 95 47 50 0 77 8 0 0 0 14 0 0 50 10 0 32 0 0 0 0 0 0 0 0 40 62 0
38 0 0 0 0 0 0 89 6 0 0 0 0 0 0 24 0 0 0 0 62 0 0 67 47 0 0 0 0 24
40 0 0 0 30 0 0 0 0 87 0 87 0 0 76 0 0 0 0 0 0 0 0 0 0 0 75 75 0 0
19 0 0 1 0 49 0 0 0 0 0 0 0 0 87 0 0 13 62 63 26 9 12 0 0 0 0 0 0 0
17 0 0 29 0 45 16 37 84 0 0 91 0 0 0 0 0 43 0 0 0 16 0 59 2 0 0 0 0 37
33 0 0 0 29 0 0 0 0 8 0 0 0 0 0 6 0 0 0 0 0 9 0 31 74 0 3 88 0 0
0 0 0 0 0 0 0 45 0 67 0 0 0 0 0 0 0 0 88 0 0 0 0 0 0 86 90 0 20 0
45 0 4 0 7 0 0 57 20 0 0 0 50 0 73 88 0 0 0 9 0 0 0 48 0 82 0 0 0 85
0 69 0 0 0 0 68 0 0 0 29 0 98 0 0 53 0 0 56 5 0 0 0 0 54 12 0 0 55 0
0 0 0 0 0 0 30 0 66 0 2 76 0 0 0 30 0 85 7 0 0 0 0 0 0 0 19 88 15 31
0 0 66 54 0 0 0 0 31 81 0 0 86 0 0 80 0 0 0 60 0 4 0 56 13 0 0 0 0 0
15 0 30 45 63 0 7 0 0 80 0 0 0 0 66 0 0 0 0 18 0 0 80 0 0 0 0 78 0 0
28 0 0 0 19 15 0 0 0 0 69 0 58 59 0 0 25 0 0 0 0 0 48 91 24 57 0 44 0 49
0 28 0 0 0 82 59 0 0 0 0 7 0 29 39 0 0 0 0 0 0 0 10 0 0 43 0 30 0 0
0 0 0 0 0 73 0 0 78 27 0 0 0 98 0 9 9 0 0 0 0 0 0 47 0 0 84 0 0 0
0 0 26 41 0 92 0 75 0 3 0 79 86 0 0 0 32 0 0 0 0 0 32 58 0 87 68 40 0 0
0 23 0 16 1 79 65 91 0 0 0 0 0 0 0 0 21 0 0 0 74 0 90 0 0 0 86 0 0 0
0 58 0 34 0 32 0 80 0 0 0 45 0 29 0 65 0 0 0 0 0 0 0 0 0 8 0 0 0 65
0 0 0 84 0 0 0 0 62 0 14 0 0 0 0 0 0 19 0 0 77 0 37 0 0 0 0 0 0 0
9 89 34 0 36 0 51 0 0 0 3 92 0 0 0 0 23 0 0 0 22 80 0 0 0 0 0 0 35 0
0 0 0 0 0 32 0 0 0 0 0 68 47 19 0 0 0 0 0 76 0 0 95 0 12 0 0 0 57 0
63 0 96 0 99 0 40 0 0 0 11 0 0 11 0 0 0 0 0 0 0 46 0 93 29 75 0 0 0 0
95 87 0 0 0 0 9 0 28 0 22 0 0 29 0 0 0 0 0 84 0 0 0 0 0 76 18 0 0 3
0 0 11 0 0 0 35 0 0 0 17 0 0 20 46 0 0 46 0 0 42 77 0 95 0 0 44 0 0 0
75 0 3 0 0 0 0 83 0 0 0 0 0 25 0 0 0 99 0 0 66 0 0 0 0 0 26 65 0 0
0 0 0 96 0 67 49 26 0 0 82 0 0 0 79 0 99 0 0 0 0 96 0 0 0 0 0 0 0 0
