0 34 0 0 0 0 0 28 0 66 12 0 0 34 0 0 0 35 0 0 0 83 51 0 0 0 0 35 0 0
0 0 0 0 0 0 0 0 0 0 2 0 44 13 73 0 0 33 0 0 4 77 22 0 0 0 0 0 78 0
0 0 0 0 0 0 48 0 0 70 0 0 0 0 0 0 0 0 76 0 0 23 0 0 0 0 5 0 65 56
58 0 0 72 0 51 0 0 0 0 0 24 36 0 0 82 0 0 0 0 0 44 0 0 0 72 92 34 96 0
0 0 0 0 0 0 66 0 0 65 74 22 0 0 0 0 0 0 0 0 0 0 0 0 16 0 0 0 27 0
0 0 0 0 0 0 0 0 21 0 87 5 98 0 57 39 43 0 0 35 0 22 0 0 0 79 0 85 0 0
20 0 94 0 45 60 0 0 0 50 0 0 0 0 0 0 0 0 0 64 89 0 0 78 75 0 0 0 0 0
0 90 0 71 0 0 0 71 97 0 5 61 0 82 0 0 95 0 0 0 0 0 0 0 0 0 84 0 47 50
6 0 0 0 0 8 0 3 0 82 88 0 0 87 57 0 83 0 87 0 0 55 0 25 0 0 0 93 93 0
0 94 0 0 16 0 0 59 0 0 0 41 0 0 28 38 24 76 0 48 65 0 36 0 98 0 37 18 0 0
