32 0 30 0 0 0 0 0 0 64 31 86 0 0 0 19 0 28 43 0 0 0 0 64 0 0 0 0 25 31 87 0 0 76 0 0 31 0 33 75 0 9 0 81 11 0 3 0 0 0
25 4 23 0 0 0 0 0 57 0 0 51 38 0 0 0 0 44 0 90 0 0 0 3 0 74 0 0 0 0 0 0 41 0 0 0 0 13 0 0 1 0 0 0 0 95 29 0 78 65
0 66 0 0 0 0 0 0 0 75 0 0 0 0 0 33 97 0 70 0 57 0 3 2 86 0 0 0 0 0 31 0 0 41 0 0 0 0 0 74 0 0 33 0 47 75 0 0 0 5
0 0 0 61 94 0 0 69 0 0 0 0 0 22 0 0 0 0 0 0 86 28 96 0 57 21 0 19 0 33 33 3 0 0 0 96 0 0 0 0 0 0 57 76 64 8 0 89 0 0
0 0 0 0 0 0 91 0 0 0 24 0 0 0 14 0 76 0 0 0 0 67 0 0 0 0 41 69 58 0 0 0 0 0 84 0 69 0 42 0 0 0 0 0 0 3 0 0 0 58
38 0 51 0 0 0 0 0 0 81 0 0 0 0 97 0 0 0 0 0 0 0 86 0 0 0 0 0 59 0 0 62 0 0 0 0 0 13 0 0 0 0 0 0 53 0 0 0 0 0
0 0 20 0 99 96 0 14 0 0 67 0 0 0 0 0 62 0 0 38 0 98 76 0 0 46 0 20 30 68 0 0 0 0 0 60 0 0 59 0 61 0 0 0 0 0 17 43 0 17
14 0 0 0 0 0 0 46 0 0 0 0 0 47 0 79 0 42 0 0 52 0 41 3 0 0 0 57 0 72 96 0 0 0 0 0 0 0 0 45 77 0 0 44 0 0 34 0 81 0
0 0 0 26 0 69 0 94 0 0 94 0 0 92 76 0 0 0 75 61 0 0 62 0 0 0 0 0 60 34 28 26 0 0 0 0 0 0 0 0 0 0 0 0 0 0 0 0 0 31
0 0 60 0 0 0 0 23 0 0 75 0 0 0 0 0 0 0 0 0 0 0 50 0 0 82 0 0 0 45 0 27 0 39 0 0 17 0 0 0 0 18 3 0 98 0 0 0 0 0
18 92 0 0 0 0 0 24 0 0 0 0 20 0 0 0 0 0 0 0 0 0 20 0 0 79 52 0 0 1 0 69 7 0 54 0 0 0 9 70 0 0 0 0 0 0 0 11 0 0
61 84 0 34 0 0 0 12 44 0 0 0 0 0 0 5 0 0 0 0 53 0 81 0 0 0 29 0 9 0 7 37 92 10 0 26 17 0 0 13 0 0 0 0 0 0 0 0 69 0
0 0 0 0 0 29 74 44 39 43 0 0 0 0 0 0 0 90 69 0 0 0 16 70 0 0 0 66 0 0 0 0 0 0 0 60 18 5 19 0 0 87 0 0 65 0 44 0 87 0
0 0 0 0 0 99 0 0 0 6 0 0 0 46 76 0 0 0 0 76 0 0 11 0 0 0 0 0 0 0 33 0 0 0 0 59 0 0 0 82 10 0 0 88 39 16 0 77 0 0
86 52 0 10 76 0 34 0 0 0 0 0 81 0 0 0 0 64 42 0 0 0 0 63 0 0 0 0 7 19 0 0 94 32 0 0 0 0 0 0 0 0 0 0 0 0 82 0 0 0
2 99 78 0 0 0 0 0 1 0 0 57 0 0 0 0 0 0 98 0 0 34 87 0 95 42 28 0 19 0 91 0 0 0 0 50 0 88 0 0 0 47 0 43 0 0 0 0 0 80
0 0 0 0 95 99 0 11 0 0 82 0 0 72 0 12 0 0 0 17 47 0 0 0 0 4 5 0 33 26 0 0 0 0 63 0 71 0 24 0 0 43 0 0 19 3 0 0 30 0
65 23 0 0 5 0 0 28 34 2 0 0 0 0 0 0 0 0 0 0 0 0 74 0 48 68 0 0 3 0 1 5 56 65 0 0 0 31 0 63 0 70 38 0 98 0 0 0 96 0
0 0 0 0 0 0 6 1 0 0 85 76 0 99 0 62 0 0 0 0 0 22 0 32 0 41 88 0 21 70 0 77 0 0 0 0 0 0 0 0 90 49 84 0 0 0 11 0 0 0
0 19 0 85 0 0 0 0 0 0 74 0 0 71 0 44 0 18 0 0 61 0 93 0 81 0 14 21 0 0 9 0 0 0 0 0 0 37 0 0 85 61 0 0 84 72 0 0 0 0
0 0 0 0 0 83 0 0 0 57 29 0 7 74 99 80 44 0 0 67 0 88 75 0 92 59 0 60 0 0 67 0 59 15 76 0 0 0 0 16 58 27 86 26 0 0 0 0 5 0
0 29 0 84 0 51 50 0 0 70 0 0 0 0 0 32 70 11 0 76 0 73 0 80 0 8 0 0 0 0 24 70 29 4 84 0 0 85 0 0 0 98 13 38 0 0 0 56 0 0
0 0 0 0 0 2 0 0 0 96 0 0 0 0 0 0 39 0 0 0 0 0 0 75 0 0 0 0 0 0 0 90 0 0 78 83 0 32 99 0 98 77 0 56 0 0 83 57 53 41
0 0 80 0 0 0 20 16 90 14 68 0 65 0 0 0 0 0 0 0 76 0 0 0 0 0 83 0 0 0 0 0 0 20 0 0 0 6 20 30 0 84 0 0 4 0 0 93 0 0
0 0 0 0 0 0 0 0 0 78 0 0 0 0 0 34 7 0 23 61 0 0 0 42 0 0 9 7 13 0 0 0 0 36 81 0 0 0 51 24 0 0 18 0 80 18 25 0 77 0
0 0 22 0 8 0 0 0 71 0 80 0 0 21 0 0 0 0 57 0 0 89 0 0 2 56 0 94 0 0 26 94 76 56 0 5 0 0 95 0 0 0 0 0 0 0 0 0 0 78
0 0 0 98 96 0 36 0 0 0 0 0 66 0 35 0 55 0 0 0 0 0 0 0 54 0 0 0 0 33 52 0 85 0 72 84 0 0 0 0 0 0 0 71 0 64 60 0 0 65
0 73 0 80 0 58 47 97 0 0 32 67 0 0 0 0 69 0 0 0 0 0 0 98 0 54 0 0 0 0 19 15 0 0 0 0 0 67 38 30 51 77 0 0 0 0 77 0 3 0
0 0 0 0 0 0 0 0 0 0 0 0 0 16 0 0 0 0 0 0 8 7 0 0 0 61 84 0 0 0 0 0 0 19 0 0 0 0 0 34 0 0 0 0 0 0 0 0 0 0
0 79 0 3 0 0 0 0 0 0 0 62 78 27 0 44 0 0 0 90 0 0 4 64 0 0 0 0 0 15 0 0 79 0 52 68 89 14 0 0 84 26 0 6 0 22 0 0 0 0
