86 0 0 0 0 0 0 0 0 0 40 38 0 0 0 0 0 60 0 0 0 0 27 0 69 0 0 0 0 0
0 0 0 0 49 0 58 16 0 0 0 0 0 0 0 72 0 0 0 0 0 0 84 72 27 0 29 0 97 0
0 0 0 49 0 0 0 0 0 42 94 0 0 0 7 0 95 79 0 0 86 95 0 0 9 0 90 0 0 0
0 50 0 0 23 0 0 0 0 19 0 0 0 0 44 95 0 0 0 0 79 0 0 0 0 62 35 0 0 11
56 0 0 0 0 0 0 0 0 85 0 0 5 0 4 0 0 0 0 42 0 0 84 0 0 0 66 0 0 0
0 0 0 0 0 0 0 0 96 0 0 0 0 0 0 0 0 0 0 0 0 0 23 0 0 0 0 0 0 0
37 0 0 0 0 0 33 0 0 0 0 0 69 0 0 0 0 0 0 0 0 0 0 82 0 82 15 0 0 52
0 0 0 0 0 0 0 0 0 0 0 79 0 0 0 0 0 4 0 0 0 0 0 0 0 0 0 0 41 0
0 0 0 0 82 0 0 0 0 0 80 40 0 0 63 33 0 0 0 0 0 0 0 0 0 0 0 0 0 0
72 0 0 0 0 0 0 0 0 0 0 0 0 0 0 0 0 0 0 86 0 0 0 0 0 0 0 0 0 0
0 0 0 74 0 0 5 0 0 0 0 90 0 29 91 24 0 0 0 0 0 0 0 0 86 0 0 0 0 0
0 0 0 0 0 0 0 0 0 0 0 0 0 0 0 0 0 83 0 0 0 0 7 26 0 0 85 0 88 0
0 0 0 0 0 0 0 0 0 0 0 78 0 60 0 39 0 0 0 0 39 6 0 0 78 0 0 0 0 0
0 0 72 0 0 0 0 0 0 0 0 0 0 55 0 0 0 0 0 12 89 0 0 79 0 0 0 99 97 0
0 0 0 24 0 0 0 0 85 0 0 0 0 73 0 0 12 28 0 0 0 68 65 0 0 0 0 0 0 0
0 0 0 0 0 69 0 9 0 0 81 0 0 0 0 48 0 0 0 0 0 0 0 93 0 0 0 10 0 0
0 32 4 0 0 0 0 0 0 0 0 30 0 0 0 0 0 0 18 0 0 0 0 0 30 66 0 23 0 0
88 0 0 0 0 0 0 0 0 0 0 0 0 0 0 0 0 0 0 0 0 0 0 0 0 0 0 0 0 25
0 29 0 0 0 0 0 0 23 0 0 0 93 0 0 0 0 0 0 0 0 0 0 0 0 80 0 0 0 0
18 0 94 0 0 0 0 56 0 0 0 0 0 0 0 0 0 0 11 0 0 70 0 0 0 0 22 69 0 0
