0 0 0 0 31 77 0 0 0 0 0 0 0 0 0 0 0 0 0 0
2 0 0 7 17 0 0 49 38 19 0 0 0 0 22 0 0 35 0 32
14 0 0 99 38 43 0 0 0 0 0 0 0 0 0 0 0 0 92 0
0 0 0 0 85 0 71 0 0 0 0 0 19 98 0 20 0 78 0 0
0 0 0 0 0 0 0 0 2 0 0 65 0 0 11 0 0 0 0 0
0 0 63 0 0 0 0 26 0 42 0 0 66 0 69 0 30 0 0 0
0 0 72 0 0 0 0 0 0 52 0 0 20 33 38 0 0 0 0 0
60 0 71 46 0 0 0 0 0 0 0 0 0 0 11 0 0 0 0 0
57 0 80 63 24 0 0 0 0 96 0 0 0 0 0 29 0 0 0 86
33 0 0 0 16 92 0 0 20 0 15 0 0 0 19 0 0 0 0 0
77 63 0 0 21 59 0 7 0 0 0 0 0 0 0 0 74 0 0 0
0 0 74 0 7 0 0 0 0 0 0 0 0 0 12 0 0 41 74 0
0 0 0 0 84 0 70 0 77 19 0 53 0 0 0 0 0 0 0 0
47 0 0 0 0 0 0 0 0 36 32 0 50 0 0 26 0 0 0 0
0 0 0 0 0 37 0 0 0 0 0 0 0 0 0 0 0 0 31 0
0 0 0 53 0 0 39 0 27 0 0 0 0 0 72 0 0 0 0 0
8 0 0 39 62 0 0 0 0 0 0 0 93 0 0 0 0 0 0 0
0 5 73 0 0 0 0 0 0 0 0 24 16 30 0 0 0 0 0 0
0 0 22 26 0 0 0 0 58 22 0 0 0 0 0 0 0 0 0 98
0 40 0 0 0 0 0 0 69 0 0 0 0 0 0 57 0 62 0 17
