0 0 0 0 0 0 0 0 0 44 0 0 0 0 0 0 0 0 0 0 0 0 45 0 0 0 88 19 0 0 0 0 11 0 0 0 0 0 0 0
0 0 70 94 45 0 0 0 0 53 0 10 0 0 0 0 0 66 0 50 0 0 0 0 24 0 0 0 0 53 0 0 0 0 0 0 0 16 0 0
0 0 0 0 6 0 0 0 24 79 5 74 0 0 0 0 77 0 0 0 0 0 54 0 0 0 71 0 0 0 54 0 35 74 99 0 0 0 0 0
33 0 0 0 0 0 0 0 0 30 26 0 0 0 0 0 0 0 0 0 0 47 0 33 0 0 0 0 0 0 0 55 0 71 0 0 99 0 0 0
0 0 0 0 80 0 20 0 0 0 0 0 0 0 89 0 0 28 0 0 0 0 0 0 0 0 0 0 0 0 58 65 0 0 0 68 0 78 0 0
0 0 0 2 0 0 0 49 42 0 0 0 87 0 0 0 48 0 0 0 0 70 0 0 0 0 0 0 0 0 0 0 0 0 0 15 0 0 70 0
0 38 0 0 0 0 0 0 0 37 0 0 0 0 0 0 59 46 0 0 0 0 0 0 0 0 0 0 82 0 69 0 0 0 0 0 0 73 0 0
0 0 0 0 0 93 0 63 0 0 0 0 0 0 0 0 49 28 26 0 0 29 0 0 43 0 0 0 0 0 0 41 0 0 0 0 98 0 0 0
0 0 0 0 0 0 0 0 0 0 0 0 0 0 0 22 0 0 0 0 0 0 0 0 0 0 59 0 0 0 40 0 0 0 60 0 0 27 0 60
77 0 0 0 0 0 0 0 0 0 0 0 13 0 0 38 0 0 0 0 0 0 0 0 0 0 95 0 0 53 0 0 0 0 0 0 0 0 40 0
34 0 0 47 28 0 0 90 0 0 0 0 0 0 0 46 11 0 0 0 33 0 0 0 26 0 0 0 0 0 0 62 0 0 0 0 0 13 0 0
0 0 0 72 0 0 0 0 0 0 0 79 0 0 0 0 0 0 0 0 0 0 0 22 0 0 0 0 0 0 30 0 0 0 0 0 0 0 99 37
24 0 0 36 0 0 0 0 0 0 77 11 0 0 0 0 0 0 52 0 0 50 0 0 0 0 0 0 0 93 0 0 62 0 0 88 0 45 0 0
0 0 0 64 0 0 0 0 0 0 51 0 0 0 0 0 38 0 0 33 0 0 0 0 0 0 0 0 0 0 0 6 73 95 0 0 0 0 0 0
97 0 87 0 0 0 33 0 0 0 0 0 0 97 73 0 0 0 0 0 0 0 0 0 0 0 0 0 0 0 0 0 0 87 0 65 0 0 0 0
35 0 0 70 0 0 0 0 0 0 0 41 0 0 0 0 96 0 0 0 0 0 0 0 0 0 0 0 54 0 38 0 0 0 0 0 0 0 0 0
0 0 0 0 0 0 53 0 0 0 0 0 0 80 21 86 0 0 0 0 0 13 0 0 0 0 90 0 66 0 0 0 40 0 0 0 0 0 0 0
7 0 0 0 0 0 0 0 0 0 0 50 0 0 85 0 0 0 58 23 0 0 32 0 0 0 0 0 22 0 24 64 0 0 13 0 0 0 93 0
0 97 0 0 0 81 0 0 0 0 0 0 0 0 77 0 0 0 0 0 0 0 0 0 0 0 0 0 0 0 49 0 0 0 0 59 0 13 0 0
85 0 0 0 0 48 0 0 0 0 0 0 0 21 0 35 0 0 54 0 0 14 0 0 0 0 0 0 24 0 0 0 0 0 0 0 0 58 86 13
