0 0 95 0 0 0 0 11 0 0 11 0 0 22 0 0 15 0 0 0
0 0 16 0 0 0 0 0 0 37 0 0 0 0 63 0 0 23 0 0
0 90 0 7 70 0 74 0 49 0 0 0 55 0 0 2 0 0 0 0
0 0 0 0 0 13 0 0 14 0 0 76 0 0 0 0 0 0 0 48
22 0 0 0 0 0 0 0 0 0 0 0 49 0 0 0 0 0 0 0
0 0 0 0 0 0 0 0 0 0 0 0 32 0 0 0 0 0 53 0
0 0 0 0 0 0 0 0 0 0 0 0 0 17 0 0 0 62 0 0
0 0 0 0 41 0 33 0 13 0 0 0 0 0 0 0 0 0 0 0
0 0 0 0 0 0 86 94 0 0 0 0 0 4 0 0 10 0 0 0
0 0 0 0 0 0 0 0 0 55 0 0 0 0 0 0 0 0 0 0
6 0 0 23 0 0 0 0 0 0 0 0 15 0 0 0 0 0 0 12
93 0 0 0 0 14 0 53 0 0 0 0 0 27 77 86 0 0 0 0
0 0 0 0 0 0 0 0 42 0 0 0 0 0 60 0 0 0 0 0
0 0 68 0 0 0 0 0 0 80 0 0 0 43 0 0 0 0 0 0
93 0 0 0 0 0 0 15 0 0 0 69 0 0 23 0 0 0 0 0
0 0 0 0 0 0 0 0 54 69 0 0 0 0 0 0 94 42 0 84
78 62 0 74 0 0 0 2 0 22 0 7 0 0 0 0 0 0 0 0
0 0 0 0 0 0 61 0 0 1 0 0 97 0 0 0 0 0 21 47
0 0 0 0 0 0 0 0 0 0 0 0 0 77 0 0 0 0 0 0
0 0 0 0 0 0 10 0 0 73 0 0 66 0 32 0 8 60 0 0
0 0 0 0 0 74 53 0 0 0 0 11 0 0 0 0 0 0 21 0
50 0 94 0 0 0 0 26 0 0 0 90 0 71 99 0 0 0 13 67
0 0 0 0 0 0 0 0 0 66 0 0 0 0 0 0 0 43 58 87
0 0 77 46 0 0 0 0 59 0 0 0 0 0 0 0 17 0 0 92
92 0 0 63 0 0 40 0 0 29 0 0 0 0 0 37 0 0 82 0
0 0 0 0 0 0 0 0 0 0 0 0 0 0 0 39 0 0 0 0
0 18 0 0 0 0 58 15 0 0 0 0 0 0 0 0 0 0 91 0
0 0 0 0 0 0 60 32 23 0 0 0 0 0 82 0 0 0 0 0
0 0 60 0 0 0 0 0 0 0 36 0 0 98 0 0 0 0 0 0
12 0 0 0 0 0 0 0 0 0 0 0 0 0 0 0 88 30 0 0
0 0 0 0 36 39 0 0 0 6 0 0 0 0 0 0 0 12 0 0
74 0 0 0 0 0 37 0 0 0 0 0 0 62 0 0 0 4 0 0
0 0 30 0 0 0 0 0 0 0 0 0 0 0 0 0 0 0 0 43
0 0 0 70 0 0 76 33 0 0 0 0 0 0 0 0 0 73 0 26
0 0 13 0 0 0 0 43 0 0 83 0 0 0 85 0 0 39 0 0
72 0 0 0 0 0 19 0 0 40 0 0 46 0 0 0 0 16 0 0
42 0 0 0 0 0 0 0 9 0 0 0 0 80 0 0 0 0 0 0
0 0 14 0 0 0 0 0 0 2 0 0 0 0 0 0 2 0 91 0
0 0 0 0 33 0 24 0 43 0 0 0 0 0 0 20 0 0 0 0
0 1 0 0 0 0 0 0 27 0 0 82 3 0 0 0 0 97 11 0
