80 0 0 16 0 0 0 0 0 0 0 0 0 0 49 0 0 0 91 0 18 0 0 0 76 0 0 0 0 0 0 0 0 0 0 0 54 0 0 0 0 0 0 0 0 0 0 51 0 0
40 0 13 0 0 0 0 0 0 0 73 93 0 79 0 0 0 0 0 0 0 0 0 0 50 0 0 25 0 0 0 0 0 0 0 0 0 0 0 0 0 77 0 87 0 0 30 0 0 0
0 0 0 0 0 0 0 0 18 58 0 0 0 0 20 0 75 0 0 0 0 14 0 0 0 0 0 93 0 0 0 0 0 0 0 0 2 0 0 37 0 0 0 64 0 50 0 0 0 63
0 0 0 85 0 12 0 0 0 0 0 0 28 0 0 12 0 0 0 0 0 0 0 0 0 0 0 21 65 78 27 0 24 0 0 2 0 76 0 0 0 0 0 0 44 0 19 96 0 76
0 49 95 0 0 47 0 0 0 0 90 0 76 5 71 0 0 0 0 0 0 0 86 0 0 0 0 0 0 0 0 34 0 0 0 0 0 95 0 38 0 0 0 0 0 0 0 0 0 0
0 0 0 0 0 0 0 46 0 0 0 0 0 0 0 0 81 0 0 95 0 0 0 0 78 0 0 0 58 0 0 0 0 0 0 74 0 0 0 44 0 0 0 0 0 0 85 0 0 0
0 0 0 0 0 0 0 0 0 0 0 0 0 0 0 0 0 0 73 59 0 46 48 0 0 0 0 69 0 0 0 0 0 0 0 0 0 67 0 28 0 0 0 50 0 0 0 0 0 68
0 0 0 0 0 0 0 0 0 0 0 0 26 0 0 40 0 0 16 0 0 0 0 0 40 0 0 0 0 0 97 71 0 0 0 0 0 0 0 0 39 0 0 0 0 0 0 0 0 0
0 75 0 0 86 0 0 0 0 49 0 41 0 0 0 6 0 0 0 0 0 0 72 47 0 0 24 0 0 0 0 0 0 0 0 0 0 0 0 0 83 96 73 0 0 0 0 0 0 0
0 0 0 0 0 84 0 0 0 0 0 0 0 0 0 0 0 0 10 0 0 0 0 0 0 0 0 96 0 0 0 0 0 0 85 0 0 0 49 11 0 0 0 0 0 90 79 0 0 0
