95 0 44 0 0 0 35 0 0 0
0 0 0 72 0 54 0 0 0 0
0 0 34 11 0 0 0 96 0 0
0 0 3 23 74 0 80 57 74 0
0 0 0 69 0 0 0 0 0 58
0 0 0 0 0 24 0 0 0 0
0 49 0 0 25 0 33 0 76 0
0 0 0 0 16 98 0 86 0 0
0 0 0 0 0 0 0 0 0 55
0 87 0 0 0 8 0 0 69 0
0 6 0 0 0 46 0 0 0 0
0 14 0 36 0 47 62 44 0 0
90 0 0 2 64 0 0 34 78 0
0 24 0 79 0 0 0 72 0 0
69 20 0 0 0 42 0 84 0 0
0 0 0 0 0 11 70 0 0 0
52 48 35 0 0 0 0 0 78 0
50 0 8 0 30 88 0 0 73 70
0 62 0 28 0 0 0 0 0 0
93 0 61 0 0 0 0 0 0 0
82 0 0 0 0 0 0 85 90 0
35 20 0 0 33 0 0 0 0 77
46 0 75 0 26 24 0 35 57 0
0 0 21 6 6 0 0 0 78 0
42 26 0 0 0 78 0 0 0 78
0 0 83 99 0 58 0 0 96 0
0 4 0 0 0 0 87 39 0 65
0 28 0 2 0 0 0 0 51 0
0 0 16 0 58 0 0 29 0 0
0 0 21 0 0 0 12 0 0 0
