0 1 0 7 63 2 0 0 0 8 0 68 30 62 9 62 0 15 0 0
0 0 0 0 86 67 52 20 0 0 27 30 56 10 0 0 4 73 61 0
24 0 46 0 0 0 0 0 2 0 0 0 48 36 0 0 72 0 0 0
0 0 0 0 0 78 49 0 0 0 0 0 0 0 0 0 0 0 0 0
0 0 0 0 0 0 0 5 0 0 0 0 22 26 0 0 0 0 0 0
0 0 0 0 0 0 63 0 0 98 80 0 0 0 0 0 0 95 72 53
2 0 0 0 78 0 0 94 0 0 0 44 0 0 0 39 0 62 0 0
0 0 0 74 0 0 0 0 0 0 0 0 0 0 0 0 0 0 78 0
0 35 0 0 0 0 0 0 0 0 0 0 32 0 0 0 0 16 0 0
61 15 39 22 0 0 6 4 0 0 0 0 0 84 0 0 0 64 0 46
0 0 0 6 0 0 0 0 0 0 0 0 20 24 0 0 39 0 57 0
77 0 0 22 0 0 93 0 0 0 72 88 99 0 0 0 0 0 0 0
0 0 0 0 0 0 43 79 0 0 0 0 4 0 0 0 0 0 48 0
16 0 0 0 0 74 11 0 0 29 13 34 30 0 0 0 0 0 0 0
0 0 52 0 3 74 41 0 0 90 0 0 41 0 0 0 89 73 52 0
11 0 0 0 0 0 25 0 43 0 0 0 0 0 0 59 0 86 0 0
8 49 0 0 0 0 0 28 0 87 0 0 0 0 82 0 0 0 8 0
0 0 0 0 0 0 0 0 0 0 0 0 90 0 0 0 0 23 56 0
0 26 0 0 76 12 51 0 34 0 0 0 0 0 0 0 0 0 0 0
0 23 0 63 0 85 0 11 0 0 0 0 86 7 0 0 0 0 64 11
8 0 52 14 0 88 74 0 0 0 15 0 35 0 0 0 0 12 34 0
82 76 0 8 0 0 85 63 0 0 0 87 0 0 89 0 0 0 36 0
0 30 52 86 0 0 0 0 31 0 0 0 0 92 0 48 0 28 70 0
0 0 82 0 97 0 0 0 76 29 0 0 0 0 11 0 46 0 8 11
0 43 0 3 0 62 0 0 0 39 48 0 0 18 0 33 0 4 0 0
0 27 0 91 0 0 0 26 83 74 0 0 21 35 0 12 47 83 0 0
60 0 0 31 0 0 0 0 0 56 0 0 0 63 67 0 95 24 0 0
0 55 51 0 66 0 61 4 34 0 16 0 0 67 2 78 0 0 98 0
0 10 0 0 45 13 0 0 73 0 0 0 0 21 0 27 0 96 91 82
0 92 0 0 0 0 0 0 0 47 0 51 0 0 0 0 0 0 4 0
