0 0 0 0 0 0 0 0 31 0
0 0 51 0 0 44 0 0 68 0
0 0 0 70 0 0 6 45 0 39
40 0 0 0 59 0 0 0 0 80
24 1 98 36 0 11 96 0 0 0
0 0 0 96 9 0 94 0 0 0
0 10 0 0 0 26 0 0 0 0
0 94 0 0 51 0 64 0 0 56
0 0 0 9 47 10 60 43 0 0
0 27 0 0 53 0 96 0 0 0
0 0 0 19 0 0 50 0 25 0
0 0 0 38 21 0 0 9 0 0
0 0 74 63 0 65 0 27 0 0
31 0 0 74 0 0 0 0 0 0
0 0 0 0 0 44 0 0 0 79
0 0 95 0 0 0 0 84 29 0
0 0 0 0 0 0 89 93 0 31
50 50 0 0 0 0 0 0 14 0
52 0 94 0 36 36 0 0 0 47
15 0 36 0 0 96 0 39 42 71
48 89 0 0 0 46 57 0 0 6
5 81 56 99 0 15 0 0 0 0
0 0 0 0 80 0 0 87 15 0
0 0 0 0 0 32 0 32 0 32
64 0 0 0 49 82 0 9 0 0
0 0 0 0 0 3 0 0 66 0
0 0 26 0 0 15 93 0 41 88
0 0 0 50 0 0 0 39 0 0
0 0 0 61 0 67 0 0 84 42
38 8 0 0 52 0 0 0 0 0
0 0 0 0 14 0 0 0 0 0
0 0 0 51 80 0 0 0 0 0
42 0 43 0 45 48 0 1 0 0
0 46 0 0 79 0 0 0 0 0
0 87 0 0 13 0 0 0 93 15
64 0 86 39 0 34 42 60 0 0
0 40 0 0 0 0 80 67 0 9
0 40 38 0 0 0 0 0 0 95
0 0 18 70 0 39 0 0 0 0
0 0 0 0 0 0 0 0 0 1
0 0 0 5 38 0 65 0 0 73
0 38 0 77 0 0 0 86 0 0
0 64 0 0 72 0 0 0 0 0
66 31 60 0 0 0 60 0 0 0
0 0 0 0 0 0 0 0 0 20
23 21 38 0 0 0 0 51 0 0
0 0 82 0 0 0 0 49 0 0
26 30 0 0 0 0 0 0 0 16
47 0 25 0 72 76 0 0 0 0
0 45 17 0 60 0 0 0 0 0
