0 1 69 0 19 0 65 48 0 17
0 0 0 79 0 0 0 0 0 0
0 0 21 0 0 67 0 0 0 0
70 0 63 0 75 0 0 22 13 59
0 79 0 0 0 0 0 97 0 0
12 0 65 0 0 0 0 0 0 0
0 0 0 0 0 0 0 0 77 0
0 0 0 0 18 0 0 99 0 0
0 0 0 0 88 0 3 0 0 0
0 0 0 47 0 0 0 0 0 0
55 99 0 0 78 0 0 0 5 19
95 0 0 0 29 70 0 0 0 0
0 0 0 0 52 0 0 0 0 70
0 0 0 0 0 0 0 0 0 0
0 0 43 90 0 63 0 0 0 0
0 0 0 0 62 0 0 47 0 0
0 0 0 0 27 0 0 0 0 0
0 0 70 0 0 45 0 73 0 74
0 0 65 0 0 84 0 25 0 0
0 0 0 15 0 23 0 0 0 0
0 0 0 0 0 0 0 0 0 0
14 3 0 59 56 0 88 0 0 59
0 0 0 0 0 0 27 0 0 0
0 91 63 0 0 0 0 11 0 0
44 0 0 0 0 0 0 0 0 0
76 0 0 0 0 0 9 0 76 8
95 0 53 0 0 0 0 0 59 34
0 0 0 66 0 85 0 0 0 0
0 0 0 0 0 0 0 66 0 0
0 0 0 10 0 0 10 0 0 0
