50 0 82 0 0 91 0 15 96 95 33 0 55 0 25 0 0 0 0 66 0 0 0 0 0 0 0 0 0 19
27 0 0 0 0 0 0 40 55 0 52 0 0 0 0 0 0 47 0 0 0 0 0 0 0 0 0 43 0 0
70 0 28 0 70 90 57 0 0 0 4 0 0 0 0 0 19 0 0 94 0 0 0 3 0 0 0 0 30 0
0 0 33 0 0 0 0 0 0 0 0 0 0 0 0 90 0 0 27 62 62 0 0 9 0 0 0 0 21 0
0 0 51 0 52 0 0 0 75 66 49 0 3 55 0 0 91 0 0 0 0 0 0 78 0 61 0 52 72 0
0 0 0 0 0 0 0 0 0 2 0 0 41 4 0 0 6 0 0 34 67 73 38 0 0 0 0 0 0 0
0 18 0 0 68 33 0 0 62 82 0 0 0 19 91 94 67 0 0 15 59 0 3 75 96 69 0 0 32 0
49 0 32 94 31 0 0 41 87 0 86 0 0 0 5 89 40 0 0 0 99 0 0 68 0 0 0 0 0 0
0 0 0 78 0 0 0 0 0 10 0 86 0 0 0 52 0 78 81 26 0 0 0 0 0 18 0 0 30 0
38 0 0 0 0 0 49 0 64 0 85 89 0 0 0 90 0 37 0 12 0 8 70 33 0 0 26 0 0 66
0 0 0 0 0 62 0 0 33 0 0 0 0 0 0 0 0 0 0 0 51 0 0 11 85 0 0 0 34 0
0 0 40 0 97 0 86 95 98 0 0 0 0 0 0 0 0 0 0 0 74 0 0 79 0 0 32 63 88 0
0 0 0 0 65 0 34 19 0 0 0 64 0 0 40 0 0 0 0 0 55 0 16 0 0 0 93 0 0 0
55 0 0 27 0 0 42 0 0 0 0 0 0 0 0 0 11 16 24 0 0 0 70 0 0 0 0 0 71 0
0 23 0 0 86 0 0 0 0 43 56 0 0 0 0 0 0 0 0 2 0 6 7 0 0 77 27 0 0 0
0 0 0 0 91 45 76 0 90 54 0 46 89 0 49 70 0 0 0 0 0 9 0 38 93 0 0 0 36 65
0 16 0 0 0 0 0 0 0 0 0 0 0 0 0 0 0 0 27 0 0 43 0 0 0 0 0 0 0 0
41 0 0 18 0 0 0 29 69 0 0 0 0 0 0 0 57 0 0 0 39 0 53 0 0 0 0 6 40 0
0 53 32 0 69 0 0 0 0 0 0 65 0 0 0 0 0 72 0 32 98 40 8 0 75 55 75 52 90 0
4 0 0 0 67 0 86 0 0 0 53 92 0 0 47 16 0 12 96 0 0 0 0 77 84 0 0 70 0 73
0 0 0 0 0 46 0 0 0 99 0 0 94 0 2 24 43 0 0 93 34 0 0 0 25 13 0 59 0 0
5 0 0 59 99 0 8 0 64 90 0 0 0 0 89 0 0 60 0 29 0 0 0 47 96 0 0 0 0 0
72 0 47 0 0 0 0 0 0 36 26 0 56 5 0 0 0 0 0 61 13 0 41 41 87 34 0 80 54 26
0 9 0 0 0 4 0 52 0 0 0 0 0 0 34 0 0 0 0 56 0 0 82 57 96 57 0 0 0 24
30 0 0 0 0 63 0 0 0 86 0 0 0 70 0 58 0 0 0 42 0 29 0 39 0 0 0 0 83 65
0 0 0 0 0 0 0 0 0 0 0 9 0 0 0 0 0 11 19 0 0 0 90 0 0 0 91 28 0 0
53 0 0 0 0 0 0 52 97 0 0 0 0 0 0 0 6 0 0 54 54 0 0 94 0 0 27 0 0 0
76 93 0 15 0 0 0 0 0 0 0 39 87 29 0 0 84 0 0 0 0 0 98 0 0 0 0 0 0 0
49 8 93 0 0 89 0 18 67 0 0 0 0 98 0 0 0 0 0 58 0 0 66 72 0 0 85 39 37 11
19 0 0 0 0 0 0 0 0 81 0 0 0 0 28 0 0 22 0 0 29 0 42 0 0 7 0 0 0 0
21 0 0 28 0 12 5 0 0 72 0 0 0 67 0 0 83 46 0 0 0 0 0 0 44 20 0 0 60 0
57 0 0 0 0 0 0 0 0 0 0 96 0 0 85 89 0 0 0 0 0 0 51 0 8 65 0 0 85 73
0 87 0 67 0 0 3 0 43 0 28 55 0 0 0 8 56 0 0 23 0 72 0 42 0 0 70 0 0 0
92 19 86 49 0 0 0 0 0 98 0 57 0 0 0 32 0 0 21 76 0 66 98 47 33 0 0 0 12 0
0 17 0 0 60 8 0 0 68 0 86 0 0 0 0 0 0 0 0 0 0 74 0 0 48 0 77 79 0 0
0 99 0 0 0 0 41 0 0 0 0 0 0 0 0 0 0 0 32 0 0 0 0 0 0 0 0 0 0 0
0 88 0 0 0 0 0 0 0 0 0 0 51 0 53 0 33 0 0 0 0 11 0 15 0 0 0 10 0 0
36 0 9 0 0 0 0 0 0 0 0 0 0 0 0 0 21 0 0 0 85 0 0 0 0 66 0 0 49 0
0 33 0 40 43 0 0 46 0 88 0 0 10 43 64 15 43 0 95 83 55 0 32 0 0 61 12 35 0 0
0 0 0 79 76 0 0 0 0 0 0 76 0 0 38 17 0 49 77 0 0 31 21 0 0 0 6 0 71 0
