0 0 0 25 0 0 14 89 0 0 0 0 0 34 47 87 0 0 0 73
0 0 0 0 0 0 0 0 0 0 0 21 0 63 0 0 0 90 0 0
0 0 0 0 48 0 0 0 0 0 0 0 0 0 0 0 0 0 92 0
0 0 0 0 0 9 0 0 0 0 0 0 51 82 0 0 0 0 20 43
0 83 18 28 0 32 0 0 25 11 0 2 0 27 0 0 0 0 8 0
5 95 0 0 0 0 0 39 0 0 98 0 0 0 0 0 0 0 0 0
95 0 0 0 0 0 16 44 0 0 0 0 0 0 0 0 0 38 0 0
0 0 0 0 0 0 0 39 0 0 0 0 0 0 0 0 27 0 0 0
0 0 45 0 0 0 0 0 0 46 0 0 0 20 0 0 0 0 0 0
0 0 4 0 0 0 10 0 0 0 0 0 0 0 0 0 0 0 9 0
0 6 0 0 0 0 0 0 0 0 0 0 57 0 0 40 0 0 0 0
0 77 0 0 17 0 0 0 16 0 0 0 0 0 0 0 0 36 0 0
0 0 0 0 0 0 0 0 78 0 49 0 0 0 0 0 0 0 0 0
30 0 0 0 0 0 0 0 0 41 29 0 0 90 0 0 0 0 30 0
48 53 0 79 33 0 0 0 0 90 23 15 0 34 0 0 0 0 0 97
0 0 0 74 0 0 0 0 0 0 0 0 0 0 0 0 0 78 0 0
0 0 0 0 0 0 0 0 24 27 0 54 0 0 0 0 0 0 0 0
0 0 0 0 0 0 0 39 0 0 0 0 0 0 0 0 0 0 0 39
0 0 0 86 0 0 47 17 47 0 0 0 65 0 0 0 0 0 0 48
36 0 15 0 0 0 0 0 0 0 0 0 0 0 0 0 9 23 0 75
0 0 0 0 74 0 0 98 0 0 0 0 0 0 0 0 66 0 0 0
55 56 0 0 30 0 0 0 0 53 0 0 80 0 79 0 0 0 54 0
0 0 0 0 92 0 0 0 0 0 0 89 0 34 0 0 0 0 0 0
28 0 0 0 73 0 0 0 0 40 0 0 0 0 0 0 0 0 0 0
0 0 0 0 0 0 0 0 0 0 0 0 91 0 0 0 0 0 0 0
0 27 0 0 0 0 0 0 0 0 0 0 78 0 0 0 0 0 0 0
0 0 0 0 0 0 0 0 0 0 0 23 0 0 0 0 0 21 0 0
47 0 0 0 0 92 0 99 0 0 0 76 9 0 32 0 0 0 52 0
81 98 10 0 0 93 0 0 0 0 0 0 32 0 0 0 0 0 0 0
0 46 0 0 0 86 0 0 0 0 0 0 0 0 0 29 0 0 0 0
