0 71 0 0 0 0 0 0 23 68 0 61 0 0 0 0 0 0 0 0 32 0 32 0 81 0 0 0 68 0 0 44 0 68 0 57 90 35 34 77 90 0 0 23 0 0 30 26 18 76
3 0 0 26 22 0 0 78 0 0 0 79 0 37 0 0 0 0 0 0 0 64 0 55 76 0 0 0 0 0 65 89 0 0 57 0 0 0 0 0 0 0 0 18 0 0 69 0 51 0
82 96 0 0 0 57 0 0 0 0 0 0 80 0 42 0 0 0 56 60 0 0 0 0 12 96 89 10 78 0 26 44 0 0 0 0 0 59 41 0 0 36 0 0 0 15 0 0 0 0
0 0 0 0 39 0 0 0 0 0 0 39 0 0 0 0 63 0 0 0 0 0 0 0 0 0 79 0 0 27 0 39 0 0 0 0 79 3 59 0 0 0 0 0 0 15 0 97 0 0
0 0 3 99 0 0 27 97 57 96 21 34 86 0 0 80 16 26 0 0 0 92 16 0 0 56 0 0 95 0 0 0 0 99 0 0 0 0 0 66 0 0 30 0 82 0 0 8 0 57
0 0 0 0 0 79 80 32 0 0 0 0 30 0 5 0 0 0 0 0 9 0 1 0 0 98 0 33 0 0 0 0 0 0 0 0 0 0 0 0 26 47 0 0 86 0 66 0 0 5
0 33 0 1 0 0 0 0 73 77 4 0 0 0 0 0 14 0 81 99 0 0 0 0 0 0 55 0 0 0 40 0 18 0 63 0 0 0 0 0 0 71 0 0 40 0 12 0 0 0
0 0 0 0 0 0 0 83 0 0 0 0 0 85 0 0 0 0 0 0 0 0 92 0 0 0 0 0 0 0 60 0 0 0 0 0 48 0 0 52 32 0 15 0 0 70 0 0 0 88
0 0 0 0 69 0 57 0 0 0 0 0 71 0 0 0 6 0 0 0 0 0 32 0 0 0 0 77 0 15 0 0 0 31 17 0 0 0 51 95 0 0 14 0 0 60 95 0 0 0
0 0 0 0 0 0 29 0 0 78 38 0 28 26 0 16 0 0 0 0 0 0 2 1 15 0 47 2 0 0 0 0 0 0 0 96 80 0 0 0 66 0 0 75 76 0 0 0 47 0
0 25 0 38 87 0 0 0 0 41 0 33 0 0 79 0 0 27 23 0 0 0 58 0 89 0 0 72 0 91 0 0 0 69 6 1 23 0 0 0 0 0 0 0 91 0 77 0 71 0
37 0 0 12 2 76 0 38 0 67 0 35 80 0 0 0 0 0 0 71 0 0 0 0 35 0 0 0 0 26 0 0 0 0 0 14 0 0 61 38 85 0 0 14 0 0 76 0 0 56
0 0 47 9 0 0 0 21 0 0 0 24 0 0 27 80 0 0 0 0 0 30 0 0 0 0 0 0 0 0 0 0 0 54 27 68 0 0 0 0 0 0 0 0 0 0 0 0 85 0
0 0 0 0 0 0 0 0 0 0 0 0 0 0 0 0 0 0 0 0 0 59 13 0 0 0 29 0 0 0 74 0 0 0 0 0 0 0 30 0 0 0 0 0 23 0 0 0 59 83
0 0 0 0 5 0 0 0 0 4 0 25 94 0 77 0 1 0 0 48 90 0 0 0 0 0 0 0 0 0 0 0 92 0 74 0 0 90 0 0 57 0 0 51 0 0 0 0 0 0
14 23 33 61 21 45 60 0 0 0 0 0 0 0 0 57 0 0 0 0 0 0 0 14 35 0 0 84 0 0 0 22 0 0 23 0 41 0 88 0 0 0 97 0 0 0 91 0 0 52
87 0 33 0 0 0 34 0 31 27 0 0 0 0 86 94 0 0 6 0 0 0 0 24 0 97 0 0 0 10 0 13 0 0 61 0 0 0 0 0 0 0 0 0 0 5 0 0 18 0
0 0 0 0 0 0 0 0 0 0 0 0 0 0 0 13 91 43 53 0 0 0 0 0 35 0 0 88 0 0 0 0 0 0 28 27 0 0 0 0 46 0 0 92 0 0 17 4 50 51
96 0 0 0 0 0 94 0 0 0 0 0 0 0 11 0 0 0 0 0 2 0 0 0 26 83 13 25 78 0 36 40 91 0 0 13 0 62 18 0 0 0 76 79 0 91 0 0 0 0
0 0 0 70 16 0 0 0 64 0 0 0 0 0 0 21 80 0 0 12 0 27 0 41 0 0 0 27 98 0 0 0 0 0 34 0 0 83 51 0 0 83 0 94 0 44 64 0 0 98
0 0 10 0 0 0 87 0 0 0 53 6 0 18 0 0 0 79 43 90 0 66 87 58 54 0 0 92 0 80 0 0 88 35 0 91 0 0 0 40 75 0 67 35 0 0 0 0 41 0
16 0 0 18 0 0 51 0 0 0 0 0 0 99 54 0 0 0 78 14 3 0 28 0 0 0 64 0 0 0 41 93 48 0 0 0 25 0 0 96 54 0 0 0 0 0 0 0 0 0
0 0 22 83 8 0 0 0 0 91 0 0 0 75 0 75 78 0 74 0 0 0 29 0 0 0 0 0 0 0 4 0 72 0 0 0 20 0 42 0 83 43 0 0 0 0 0 68 81 84
0 0 4 0 0 0 0 0 0 41 75 0 70 37 55 68 0 96 0 0 0 42 0 50 0 0 0 0 59 0 0 0 0 67 0 0 0 0 0 0 87 0 0 0 0 0 0 25 0 0
0 0 0 0 0 53 0 0 0 0 0 0 19 0 0 0 35 0 0 0 0 0 0 0 45 6 77 30 0 0 0 0 0 0 0 45 7 0 0 43 75 83 0 28 63 93 0 0 19 0
0 0 53 0 0 50 30 0 66 0 34 0 0 0 0 71 0 14 0 0 0 0 56 0 55 50 97 0 4 0 0 96 0 0 0 0 0 6 0 0 0 0 0 0 0 0 81 0 0 0
63 9 0 0 0 26 69 0 0 0 77 18 29 0 0 0 0 58 0 51 0 19 0 6 0 97 0 0 50 0 0 0 21 0 0 0 0 0 0 0 59 0 61 49 85 97 0 82 82 41
0 0 53 0 33 54 52 91 0 51 55 0 0 0 86 29 87 66 0 0 0 36 34 43 29 0 0 0 0 0 4 15 49 0 0 0 0 82 96 7 0 0 24 0 0 60 73 0 0 0
0 18 0 0 22 33 87 0 0 0 0 0 96 0 0 0 0 45 18 54 78 11 0 0 18 43 0 0 0 35 0 0 71 0 0 0 0 0 29 0 1 0 0 0 0 8 0 0 12 0
96 3 0 0 0 10 0 0 0 0 31 86 13 54 10 0 76 82 0 0 0 0 95 0 0 0 0 0 0 48 27 0 3 0 0 0 0 0 79 0 0 96 0 76 0 95 0 0 0 91
78 0 59 0 57 0 0 0 77 40 0 0 0 0 0 0 0 0 0 0 0 35 0 0 0 0 0 95 90 33 80 43 0 79 0 32 0 59 0 40 0 35 0 0 0 0 0 0 0 0
0 0 0 0 0 13 0 0 0 0 82 0 0 73 0 0 0 0 0 0 9 0 0 0 0 0 75 0 0 0 41 76 0 0 0 0 0 0 5 0 0 33 0 7 40 0 31 18 28 0
0 0 45 27 47 0 0 13 15 0 32 0 36 0 41 34 30 66 20 0 0 93 0 56 83 0 0 0 0 54 0 42 0 0 0 55 90 0 0 20 29 0 50 0 0 0 8 0 0 0
0 0 0 0 0 70 0 39 0 40 0 68 2 19 0 0 52 0 0 0 0 0 0 0 8 0 71 0 0 0 0 0 0 0 0 0 0 56 0 52 0 0 0 0 0 0 0 0 1 5
7 20 92 0 0 0 0 0 0 25 0 49 24 43 81 22 0 44 0 0 0 0 9 0 6 76 64 0 0 19 37 62 0 0 0 0 44 0 0 48 19 0 22 0 0 0 0 66 54 0
0 0 0 0 23 0 0 0 55 10 37 75 0 0 0 22 0 0 0 72 0 0 17 0 0 18 61 0 0 39 0 0 0 0 0 42 0 21 0 90 0 0 93 0 0 0 0 0 97 29
0 0 1 21 0 0 59 13 28 0 55 99 0 0 0 0 0 0 0 0 0 13 10 0 0 0 0 0 0 0 0 0 0 96 0 0 0 0 0 0 29 0 0 0 0 0 11 0 0 0
0 89 0 0 0 50 30 0 0 0 0 97 0 32 0 0 0 71 5 0 0 30 13 27 0 0 10 0 9 47 0 0 78 0 0 7 0 0 0 0 0 0 0 0 95 17 0 0 0 0
0 0 0 0 0 40 6 0 32 44 26 0 0 0 8 0 0 13 0 37 0 56 0 0 0 13 0 0 0 39 0 0 50 65 0 0 0 86 0 0 59 0 0 0 0 0 0 0 86 1
0 44 0 74 0 0 0 30 0 0 96 0 0 0 80 18 0 0 0 43 0 99 0 55 0 0 20 22 69 0 53 0 51 0 0 0 21 0 0 0 37 0 0 72 16 0 0 0 7 79
