30 0 0 0 20 0 80 0 0 0 0 0 0 0 8 0 0 63 86 0 0 0 0 0 0 0 0 0 15 18 57 0 1 0 0 27 0 0 0 49
0 0 0 0 0 58 0 0 35 0 0 0 38 23 0 0 0 0 0 0 0 0 0 0 0 45 0 23 40 0 0 0 0 0 0 23 0 0 0 79
0 32 0 0 30 62 59 0 93 0 33 44 0 6 20 59 0 0 0 0 0 24 0 0 0 0 0 0 0 37 0 97 37 0 0 0 0 0 22 0
0 47 60 0 0 0 0 0 0 81 0 0 9 93 3 0 0 0 0 0 87 0 0 5 0 0 35 0 0 96 58 0 0 73 0 0 0 29 86 0
0 0 0 51 0 0 0 84 0 0 23 0 0 38 0 0 0 0 0 0 0 31 0 67 52 0 0 0 0 0 0 0 0 0 0 0 0 50 0 0
0 0 0 0 54 0 0 0 0 0 0 56 76 90 0 24 0 0 0 0 1 0 0 0 0 10 0 0 0 0 0 0 94 9 0 0 0 0 75 97
0 16 48 0 0 0 0 0 0 78 0 0 0 0 0 0 84 0 0 0 0 0 78 0 0 33 0 0 98 0 0 0 0 0 76 0 0 93 28 0
0 69 0 0 56 31 37 0 0 0 89 0 0 0 0 0 0 0 0 53 17 0 45 0 0 0 62 0 0 0 28 55 0 0 87 82 28 18 98 0
77 52 0 0 48 29 0 33 0 0 32 0 0 91 0 0 64 0 0 0 0 0 91 0 0 0 0 0 0 0 0 0 0 0 46 0 0 61 0 0
0 0 0 0 48 0 0 31 91 0 63 95 0 0 0 34 0 0 0 57 0 0 0 0 0 0 0 0 21 0 0 0 0 16 50 65 0 0 0 0
0 0 0 24 41 32 0 33 0 58 47 0 0 0 0 0 0 0 0 0 0 0 0 0 0 0 0 0 0 59 0 0 0 72 0 45 0 6 49 0
0 0 0 0 0 0 0 9 0 0 0 17 2 91 92 0 0 27 0 0 0 0 0 0 0 0 0 0 0 2 0 13 0 0 98 52 23 0 93 0
0 0 0 0 0 0 0 0 0 87 0 0 0 0 0 0 0 0 48 26 0 0 0 38 0 0 0 0 87 0 0 0 0 0 0 97 0 0 0 18
0 0 0 0 0 0 0 0 0 0 84 0 49 0 0 0 73 29 0 95 0 0 0 4 0 0 0 0 8 0 0 0 0 0 0 15 99 67 0 0
57 0 0 14 0 22 0 0 0 37 0 47 0 26 0 0 0 0 28 8 0 48 72 71 5 5 0 0 90 0 0 0 0 75 0 32 0 0 21 0
96 0 65 0 0 0 98 0 0 0 23 87 0 0 0 0 0 0 37 99 0 0 3 0 0 17 0 19 0 0 85 97 0 19 0 0 0 0 69 0
34 90 0 0 0 0 0 63 0 61 0 0 0 0 0 0 63 0 0 75 0 96 0 0 1 87 0 0 11 0 27 0 0 40 0 0 3 75 0 26
0 0 67 0 62 45 0 41 0 64 0 27 6 64 0 20 0 36 0 69 0 5 0 0 0 0 0 0 0 0 94 72 71 0 51 0 89 0 0 0
98 0 0 0 0 0 0 0 0 0 0 41 30 0 43 0 0 0 0 60 0 5 0 0 0 0 47 0 90 6 0 3 62 0 47 0 63 0 30 0
30 0 0 0 0 0 30 7 0 30 0 0 0 0 0 22 0 0 0 29 78 75 91 0 0 0 94 0 0 0 0 0 0 11 96 28 0 0 0 49
67 83 0 0 3 60 0 0 0 0 7 2 0 0 0 0 0 0 0 0 84 83 0 0 0 98 0 0 0 0 0 0 35 0 0 79 50 0 64 0
0 0 0 0 0 0 34 64 0 0 0 0 2 22 0 0 0 0 96 0 0 0 0 77 16 68 0 0 0 0 0 0 0 35 7 0 0 0 0 0
0 0 0 92 0 0 44 0 13 0 2 0 57 8 51 0 5 0 0 69 94 0 0 57 94 0 0 0 0 0 26 0 0 74 0 0 47 43 84 81
80 22 0 0 0 5 68 0 0 64 0 0 0 0 0 0 0 0 0 0 0 0 0 40 0 0 94 0 79 0 9 0 0 0 0 0 77 0 0 56
2 72 0 0 90 32 0 0 94 0 0 47 0 0 0 75 0 13 0 20 0 0 18 0 52 92 0 0 0 0 5 0 0 36 73 0 0 33 15 0
0 0 44 26 0 0 0 0 7 97 0 0 0 21 0 0 27 81 60 37 89 0 0 0 0 0 0 34 0 0 0 3 0 78 52 0 0 0 0 72
0 0 0 0 0 0 25 0 0 0 58 0 0 0 26 0 98 0 49 0 59 0 90 0 0 2 95 53 0 0 0 0 67 86 0 0 0 0 0 0
0 18 59 0 0 95 0 0 25 46 0 0 85 66 0 0 0 0 0 0 54 0 0 0 0 0 8 0 6 43 0 0 0 0 0 0 82 0 0 95
0 0 0 0 0 0 0 0 36 37 0 0 2 76 0 0 27 79 34 0 0 0 0 17 5 0 0 0 0 0 0 0 24 0 48 0 0 79 0 0
0 0 74 87 0 0 0 32 1 0 0 0 85 0 0 52 0 44 0 0 96 0 0 0 0 74 17 45 0 15 67 0 59 0 0 91 0 0 0 99
0 91 0 0 17 0 0 98 21 0 0 0 0 0 0 71 0 0 0 0 0 20 0 0 0 0 7 51 57 0 63 63 0 8 0 25 0 62 0 0
56 0 0 0 0 0 0 58 56 0 0 0 0 45 0 0 17 64 0 0 0 0 0 0 0 7 0 0 30 0 0 0 12 0 0 53 18 0 0 0
0 0 76 49 33 0 35 0 0 0 0 7 0 11 0 0 81 0 0 5 0 0 98 6 50 0 94 0 58 33 25 61 68 0 0 40 50 65 68 82
0 0 0 0 0 0 0 0 0 13 0 70 0 14 22 74 0 14 0 65 78 45 32 87 0 33 63 0 12 0 0 0 83 69 0 0 90 0 0 0
0 0 0 0 22 23 0 0 0 0 0 0 0 0 29 53 0 27 0 0 0 0 14 0 20 0 73 0 0 11 50 0 0 27 52 0 92 16 0 0
0 0 0 0 0 0 0 0 0 0 0 0 0 0 0 63 0 29 93 0 0 0 0 58 0 0 76 53 0 49 0 0 0 0 0 0 0 0 10 74
0 0 0 0 43 0 0 0 0 28 0 0 0 77 0 68 0 0 0 0 0 84 0 0 0 0 22 0 0 48 48 0 0 0 0 0 50 47 0 0
60 0 44 0 55 68 0 0 0 74 27 0 55 46 66 0 0 80 0 0 0 5 91 0 0 0 0 0 0 0 59 73 0 81 62 0 0 0 23 0
0 0 0 91 0 0 35 82 0 0 0 0 0 16 62 0 0 0 96 0 0 7 0 0 39 0 0 12 0 0 0 18 0 48 0 0 8 38 15 53
29 0 0 10 0 87 17 0 0 0 0 82 0 0 0 0 0 0 73 0 34 0 0 0 94 89 0 0 0 0 0 52 0 5 14 81 18 0 0 51
