0 91 40 0 0 33 0 0 83 0 68 0 0 56 0 0 0 0 0 0
0 29 0 29 0 90 0 0 0 0 6 56 0 0 0 0 0 14 41 0
0 58 0 0 0 39 88 96 0 36 0 0 0 42 0 83 60 0 0 0
0 0 45 0 0 0 84 0 29 0 81 0 0 63 0 0 0 0 0 0
0 0 0 0 0 0 0 20 0 0 0 0 39 0 0 0 0 0 0 0
0 0 0 0 33 0 7 0 0 0 0 0 0 0 0 0 0 24 0 0
0 0 16 22 0 0 0 0 0 0 25 0 0 0 0 0 0 0 34 91
0 79 79 0 84 0 62 0 0 0 47 0 45 0 75 56 33 72 0 29
0 0 0 0 0 0 52 0 18 0 61 82 0 0 0 49 0 0 65 0
0 0 0 0 0 93 57 0 88 0 96 0 0 95 75 0 84 0 0 0
90 97 0 0 40 58 0 0 39 0 0 41 81 0 0 0 0 24 39 0
0 0 0 69 0 0 0 46 0 45 0 0 0 0 31 0 0 18 76 0
0 61 0 0 0 0 0 0 0 0 0 0 0 18 22 8 65 80 33 0
9 0 0 0 92 34 0 93 0 0 0 0 0 15 0 0 0 0 98 0
63 0 87 20 0 0 0 0 0 71 0 0 0 0 48 0 0 0 85 0
0 59 0 0 0 22 0 0 87 56 0 0 0 62 0 0 0 32 7 0
0 0 23 0 0 0 0 0 0 0 0 0 0 0 0 0 0 55 35 27
80 0 0 0 0 62 99 8 0 0 81 0 14 70 34 0 77 0 47 0
59 59 0 0 38 23 75 21 69 62 0 96 0 0 0 41 50 0 0 0
0 48 0 0 0 40 0 12 68 14 56 0 0 21 0 0 0 0 0 0
