26 0 0 44 0 0 0 0 0 0 0 0 0 0 28 48 10 56 28 47 0 0 0 0 10 0 0 0 0 29
84 86 61 0 72 67 21 0 0 59 0 0 0 0 0 0 0 0 0 2 0 0 0 69 0 0 0 0 0 34
0 0 0 31 0 0 0 0 0 0 0 0 0 0 23 0 0 0 0 0 30 0 0 72 0 0 0 0 0 13
0 0 69 48 0 23 74 0 93 5 73 0 0 0 0 0 6 0 0 0 0 0 60 92 10 23 60 0 0 0
93 35 43 0 0 93 0 0 91 0 0 0 34 0 0 47 0 0 0 0 99 0 0 43 0 35 0 51 51 0
86 0 0 0 56 0 81 39 0 0 0 0 58 0 51 0 0 0 0 0 0 33 0 0 0 0 35 20 0 0
23 0 19 0 0 0 1 0 0 0 0 0 0 0 0 0 0 0 45 0 0 58 0 0 0 16 47 0 76 0
0 0 0 12 0 0 0 63 0 18 0 15 0 80 0 0 0 0 0 0 94 14 49 0 0 21 0 0 0 0
0 0 74 99 0 0 0 0 0 0 0 76 74 0 0 0 48 0 0 0 0 0 0 3 0 0 0 92 0 96
0 0 0 0 0 0 0 0 55 0 38 0 0 0 0 60 0 0 73 0 0 81 0 0 0 0 0 42 0 0
0 22 0 0 0 0 0 0 0 0 0 0 0 0 0 98 0 0 8 0 0 0 0 0 0 0 78 0 67 0
0 39 0 64 0 0 0 18 81 0 61 0 0 0 0 0 0 36 69 86 0 0 0 0 0 92 0 0 0 32
86 0 0 31 47 0 0 0 23 23 52 0 0 0 0 0 0 0 54 0 97 71 0 0 0 0 0 46 0 0
0 0 28 0 92 0 21 0 41 0 95 91 89 82 0 0 0 0 0 0 0 46 0 79 0 0 16 80 0 95
0 0 60 0 0 29 60 94 33 75 0 0 0 0 0 0 0 0 47 81 84 0 0 0 30 87 0 0 0 0
35 0 71 0 0 0 0 0 0 86 97 0 0 0 0 54 79 0 0 0 17 32 59 0 85 37 51 0 0 0
0 0 0 0 0 0 0 0 87 0 61 0 0 50 81 0 98 0 0 0 0 0 0 82 8 8 21 0 13 39
68 0 0 49 0 90 0 0 0 0 59 0 0 0 0 51 0 0 0 31 0 13 5 0 0 0 44 58 0 0
45 30 0 58 86 0 0 0 0 0 8 0 0 0 30 0 0 0 54 0 0 33 0 0 0 0 0 45 0 0
0 39 0 0 0 0 0 16 31 0 0 0 5 0 0 39 0 20 65 0 36 6 61 57 0 94 0 0 0 0
0 26 0 51 0 48 0 0 0 0 0 0 0 35 0 0 0 0 0 0 0 0 0 0 0 0 0 0 0 0
0 0 52 0 28 0 0 0 0 0 0 0 0 1 0 34 28 0 0 0 0 0 0 10 0 0 0 59 99 9
0 10 47 0 0 69 0 0 0 0 52 38 0 0 0 0 0 17 26 66 0 71 0 0 0 0 0 0 53 29
96 23 0 0 2 21 0 0 0 41 0 93 32 0 8 0 49 64 0 89 0 0 45 0 0 59 88 0 0 81
0 0 23 73 74 13 0 0 21 57 30 0 0 44 61 71 88 0 70 0 0 33 0 0 0 0 0 0 40 0
0 0 0 0 0 0 0 89 0 0 0 61 0 67 0 0 88 0 21 18 51 0 0 95 87 51 59 1 85 0
0 89 0 0 0 0 0 60 0 0 0 0 0 0 0 0 0 0 0 0 0 0 0 27 0 53 0 0 94 0
0 0 0 0 11 0 0 0 85 88 0 0 70 0 83 0 0 0 0 0 76 0 0 0 0 0 0 0 4 0
0 0 82 38 0 0 0 22 0 72 0 0 79 0 0 0 67 0 61 0 19 0 0 5 52 0 52 84 0 0
8 0 51 0 0 20 6 6 0 24 0 81 0 0 38 33 49 0 0 76 0 0 0 0 0 0 0 58 14 81
56 0 21 0 0 68 0 0 1 0 20 0 85 0 65 0 0 0 0 0 41 0 0 0 42 0 0 90 0 0
0 33 0 28 0 0 0 0 30 0 0 0 0 76 0 65 82 20 7 68 0 0 43 7 31 0 0 0 19 0
0 55 66 55 10 23 0 35 75 16 35 0 0 0 0 0 0 23 53 0 0 0 0 0 0 24 0 1 25 0
0 0 0 0 81 0 85 0 0 0 0 0 0 0 0 0 0 73 33 0 35 0 0 50 0 95 0 0 0 0
0 43 0 64 0 31 0 7 0 0 68 0 0 62 0 0 0 0 0 0 0 0 0 0 0 0 0 0 0 85
0 0 90 0 0 54 0 0 0 16 0 52 11 0 0 0 0 0 0 0 37 0 0 36 51 0 24 0 0 0
0 74 0 0 0 23 0 0 0 0 0 0 0 0 0 0 0 0 5 23 0 66 0 0 0 89 0 0 0 57
0 0 0 0 0 21 0 0 44 56 0 0 0 0 0 67 52 0 16 0 78 42 0 0 0 0 0 77 0 85
82 39 9 0 0 0 0 0 0 0 0 45 0 0 0 0 3 79 46 0 35 0 0 0 51 15 0 71 0 0
0 80 63 0 0 0 58 0 0 0 97 68 0 0 0 0 44 0 34 0 0 0 70 0 95 90 0 46 84 33
0 40 0 0 0 0 0 0 31 0 0 0 23 0 0 0 45 60 24 0 67 0 0 71 0 31 0 0 0 0
0 0 0 0 5 88 0 0 0 0 0 0 0 59 0 0 32 0 9 0 0 78 0 34 78 0 0 34 0 19
43 65 31 0 0 86 98 35 0 13 0 0 0 0 0 0 0 0 0 56 72 20 0 0 0 85 0 0 0 89
0 0 0 0 0 0 0 0 0 0 0 0 0 27 72 0 0 0 0 0 56 61 0 0 0 41 0 0 0 0
25 41 0 46 52 63 9 0 6 0 0 33 0 62 0 0 0 0 73 0 0 0 0 0 0 67 0 0 63 43
0 74 0 0 65 0 2 0 0 0 21 0 0 0 0 72 43 0 21 83 0 0 47 0 0 0 0 43 77 0
0 0 0 87 0 0 0 0 0 0 0 0 0 0 0 0 3 96 0 0 0 0 0 42 0 0 0 0 0 0
0 0 0 0 0 0 0 92 0 0 0 0 19 16 79 46 0 0 3 58 0 0 0 68 40 94 0 78 25 0
27 0 0 0 0 0 0 10 9 0 14 69 0 0 0 0 21 53 0 81 8 2 0 3 29 0 0 0 0 0
85 0 0 0 72 0 80 0 0 0 0 0 0 92 87 0 0 0 10 0 0 0 14 48 30 55 21 0 0 0
