0 38 6 0 0 0 10 0 6 0 0 0 71 0 0 0 0 91 0 0 0 17 0 0 0 0 0 6 0 0 0 82 86 0 0 0 82 0 0 0
77 0 0 1 51 0 0 56 0 18 0 0 54 0 0 54 0 73 0 0 4 74 0 0 0 58 55 0 3 0 0 0 0 94 0 0 0 0 0 50
0 0 61 0 11 0 66 0 0 0 0 85 0 65 0 52 57 34 0 22 31 15 0 48 90 0 0 0 21 0 0 0 0 29 47 0 1 0 0 0
0 0 61 0 0 0 0 0 55 80 0 0 0 0 88 0 62 0 43 0 57 7 0 0 56 85 23 78 0 0 0 0 0 26 32 46 64 0 22 66
33 15 0 0 0 74 0 71 0 68 0 0 0 29 0 0 0 0 0 0 0 0 0 0 0 98 0 18 2 33 73 0 0 73 0 0 0 0 0 0
0 76 48 21 73 0 14 83 0 42 0 0 0 0 0 42 0 0 33 44 0 26 0 91 0 0 0 0 4 90 0 2 11 0 0 0 77 0 0 85
0 13 18 97 55 0 83 27 0 0 68 0 0 0 0 0 0 0 0 65 0 0 0 0 0 32 0 15 0 0 0 0 0 10 0 44 91 0 65 80
0 0 0 0 0 0 0 0 0 42 0 0 34 9 0 0 0 0 62 0 0 33 0 83 0 0 0 0 0 0 0 0 64 0 0 0 56 15 0 50
0 88 72 0 76 47 0 38 0 0 0 0 29 33 0 33 0 0 0 81 0 41 0 0 11 0 0 0 7 0 0 92 83 25 0 0 0 0 47 0
52 0 41 0 0 0 0 18 0 0 0 0 0 0 0 41 0 0 0 0 0 74 0 0 0 0 14 0 0 0 16 0 0 0 0 94 84 0 0 0
0 0 97 0 92 53 64 5 54 0 0 0 0 0 0 0 0 96 0 0 0 0 0 0 54 0 0 0 70 0 0 0 0 0 0 0 0 72 0 0
0 0 0 0 83 0 0 0 0 0 25 0 6 30 0 0 0 0 0 0 5 34 42 0 21 0 0 0 0 0 33 0 0 0 0 42 0 0 0 0
85 0 77 0 0 0 0 0 0 0 0 0 0 0 0 72 94 0 0 0 61 0 0 0 0 49 0 57 0 16 0 0 0 63 51 0 46 0 0 80
1 0 18 0 0 44 79 79 0 0 0 0 19 0 0 97 0 20 17 37 0 0 0 0 0 0 0 0 79 0 83 50 0 0 45 0 0 0 0 0
79 32 0 0 0 0 14 24 0 0 99 0 0 0 0 0 0 0 0 0 0 0 0 31 0 0 0 33 0 0 26 16 21 0 0 2 0 0 0 0
0 0 0 0 0 0 0 0 0 0 47 0 0 0 0 83 42 93 56 86 0 0 0 0 47 69 0 95 0 40 0 31 0 0 0 54 0 0 35 0
65 0 0 0 0 0 0 98 0 0 0 0 82 0 25 95 0 0 50 0 0 57 79 0 80 79 29 0 0 67 0 0 0 51 0 65 0 0 0 49
0 0 0 0 47 0 0 0 0 79 0 0 9 0 0 0 56 35 0 0 64 0 0 49 0 0 0 0 0 0 0 37 78 0 47 0 0 0 80 3
60 0 0 0 0 19 53 0 0 42 0 0 0 0 0 37 79 58 74 97 0 0 65 13 49 0 0 0 46 97 9 7 73 0 72 0 0 40 17 0
77 0 0 0 89 0 0 32 46 88 0 21 85 0 0 0 0 0 0 0 43 0 0 0 0 68 0 16 21 0 0 0 46 73 0 47 0 0 27 7
61 0 0 0 0 9 29 0 0 0 30 0 0 29 0 71 59 0 0 0 17 0 0 0 0 24 0 98 0 0 0 84 0 76 0 53 0 0 10 0
88 0 0 0 0 0 0 36 0 86 45 0 0 0 0 0 0 49 0 0 0 0 0 0 42 0 0 0 0 0 0 0 0 0 0 0 68 0 0 0
0 0 0 0 0 0 0 85 28 0 78 0 27 29 0 19 0 97 0 0 0 68 8 0 13 0 0 59 0 0 0 44 0 54 0 0 0 0 48 0
0 0 0 0 10 0 0 0 48 76 0 46 20 34 98 0 49 0 0 59 0 0 15 0 0 0 0 90 0 0 0 0 0 95 0 0 0 0 0 0
0 0 0 74 0 0 14 7 89 29 51 0 58 0 0 0 27 0 0 35 0 0 0 59 4 77 76 0 75 1 0 0 0 0 16 0 0 34 0 0
0 0 0 0 0 0 0 0 42 0 33 0 0 0 0 0 0 0 25 36 0 0 47 0 0 0 0 0 56 0 6 0 38 0 0 53 0 54 43 0
81 0 62 0 0 0 0 0 0 0 0 0 39 12 0 0 0 0 0 0 0 0 0 67 0 0 82 0 0 0 0 5 0 0 0 0 0 0 0 0
0 62 0 0 0 33 25 0 0 0 58 24 0 28 0 25 23 0 0 0 0 49 0 8 24 0 42 0 94 0 0 0 0 0 0 0 0 18 0 0
0 18 41 8 0 0 0 18 6 0 11 58 0 0 9 0 0 0 0 0 76 0 0 0 50 0 0 4 0 17 0 0 17 8 0 0 0 18 0 0
0 0 55 0 0 90 63 0 81 36 0 0 86 0 0 84 0 0 0 0 98 0 76 0 0 77 0 0 29 0 0 0 79 51 0 0 0 0 0 0
0 0 0 0 0 0 18 0 0 79 18 55 0 0 68 0 0 0 74 98 67 48 0 2 0 33 0 0 11 61 0 0 61 0 0 0 95 80 27 0
0 0 0 55 0 0 0 21 0 0 63 0 0 41 43 0 99 0 19 0 0 0 8 0 0 0 3 95 0 0 0 0 95 41 0 59 0 0 0 70
0 0 0 0 0 0 37 0 0 42 0 0 0 77 88 27 0 0 0 0 0 0 61 0 0 71 0 35 53 0 0 13 0 0 81 0 0 0 0 14
0 0 0 90 80 84 0 87 25 0 0 19 47 0 61 0 0 0 32 56 94 0 0 0 0 0 75 0 0 0 0 0 96 0 67 23 0 37 0 0
67 0 0 36 0 0 0 0 0 0 78 0 0 67 20 51 0 49 0 9 0 0 90 0 0 0 0 0 98 0 0 0 11 0 0 0 0 0 58 48
59 16 64 0 50 84 37 0 0 0 0 0 22 0 96 0 0 0 11 33 0 0 0 17 0 0 0 9 0 0 0 0 0 0 0 0 0 0 0 0
84 81 48 0 0 18 0 0 0 99 0 0 0 0 0 0 0 0 0 49 0 69 93 0 94 0 32 0 0 0 24 0 0 96 22 0 0 0 0 0
0 0 0 0 0 0 0 0 0 0 25 58 0 0 33 0 0 27 66 0 0 0 0 0 27 0 0 0 0 0 0 0 0 63 16 90 0 0 0 49
0 8 0 0 8 0 0 0 0 24 0 0 89 0 0 0 0 0 0 0 54 0 0 0 0 0 0 0 0 0 0 0 0 0 0 56 0 53 0 0
62 0 0 0 0 53 87 0 95 0 0 0 0 11 2 37 0 0 81 0 93 0 0 0 0 38 0 0 0 61 74 0 0 94 0 0 51 0 0 67
32 15 0 0 14 0 39 71 0 0 0 0 0 0 0 0 22 0 0 14 0 0 82 0 72 0 0 0 0 0 0 0 0 0 0 0 0 92 0 0
90 0 99 0 0 0 0 0 0 70 14 51 0 0 0 73 0 0 0 0 0 0 0 33 0 49 0 13 0 0 0 0 97 0 0 0 0 0 16 0
4 0 44 86 0 35 57 0 0 0 0 0 0 26 0 87 0 74 0 36 0 22 0 0 0 0 0 67 0 0 27 0 19 0 0 0 0 60 0 0
0 0 0 0 0 60 0 0 0 25 79 0 99 0 0 0 0 0 0 0 61 0 0 0 0 0 0 99 18 0 0 20 0 0 27 0 0 22 0 59
0 0 91 0 37 0 15 97 0 34 76 79 0 0 10 82 45 0 0 19 0 0 64 0 8 0 95 57 0 75 0 0 0 0 0 0 0 0 1 67
0 30 99 0 67 51 88 0 0 80 47 0 10 0 5 0 0 0 0 0 0 0 0 5 0 0 0 0 0 0 0 0 0 0 0 0 0 0 0 0
0 0 0 0 1 97 59 0 45 0 0 18 0 71 0 0 8 0 37 0 50 91 0 0 0 0 50 0 2 0 64 0 0 0 82 89 0 0 12 0
0 0 7 0 88 62 0 29 23 81 0 0 0 0 0 56 0 0 0 0 13 23 0 0 0 0 85 56 0 0 20 0 65 0 0 0 0 0 29 0
0 63 0 0 43 28 0 51 8 0 0 0 0 0 0 0 48 0 0 89 0 20 0 80 0 0 0 92 0 9 0 0 86 0 0 0 0 0 0 76
0 0 0 0 0 47 0 69 13 0 60 0 0 0 50 0 0 0 0 48 0 0 0 63 99 0 0 0 0 50 0 0 0 36 0 43 0 0 0 0
