0 0 14 0 0 0 31 47 0 5 0 0 27 0 0 9 0 30 0 41 13 58 0 0 0 0 0 48 34 0 0 0 0 85 16 0 59 47 0 0
0 82 0 0 4 0 0 0 71 0 0 0 39 0 0 0 0 61 0 82 0 0 52 0 0 0 0 80 53 6 64 23 59 23 0 82 68 0 0 0
0 0 0 51 0 35 0 0 0 0 0 0 77 0 0 0 0 0 22 0 0 0 0 16 0 65 0 2 0 0 0 0 57 80 0 6 92 0 14 0
0 44 0 55 0 0 18 17 48 0 0 0 0 0 0 0 0 24 0 77 0 0 0 51 0 0 0 45 0 0 0 0 0 0 0 17 8 0 43 48
0 0 0 0 0 0 0 0 17 0 0 42 34 94 0 0 0 0 68 0 0 0 78 0 0 73 0 0 73 0 44 0 0 0 90 0 0 21 0 0
0 0 99 0 0 0 0 25 51 4 79 0 0 0 12 99 0 45 25 0 97 0 0 0 0 0 0 0 0 0 40 0 0 0 0 15 99 0 0 69
0 0 0 0 3 0 92 0 0 0 0 0 0 0 0 74 0 0 0 0 0 0 0 0 3 6 34 0 70 0 0 0 0 0 0 0 0 0 0 54
16 77 96 70 0 0 0 0 78 47 0 0 0 0 0 36 0 12 0 0 0 0 0 69 0 47 0 0 0 91 61 0 0 93 0 0 39 0 0 10
0 0 14 78 97 0 32 0 0 53 0 0 0 0 0 0 86 0 0 53 4 0 0 0 0 55 90 0 0 0 0 53 59 0 47 0 91 0 52 0
0 17 53 0 0 0 0 0 36 0 0 0 0 0 0 0 0 11 72 0 57 0 75 0 0 98 0 0 0 74 0 77 0 0 0 3 19 22 12 0
