11 0 0 0 9 0 0 0 0 0
0 0 27 62 0 0 0 4 45 12
62 0 99 0 78 0 0 0 0 0
51 0 58 0 94 0 0 0 0 0
0 43 0 4 0 0 77 0 0 0
0 0 0 0 67 70 0 0 0 30
0 0 0 3 0 0 0 0 0 0
0 0 57 0 0 0 32 0 0 0
0 55 0 0 51 0 0 0 0 0
95 72 0 25 0 46 0 0 0 0
18 0 0 47 53 98 0 0 0 0
64 0 94 4 0 26 2 20 20 36
31 86 0 0 0 0 0 0 0 0
69 0 43 0 0 63 0 10 0 9
67 0 0 15 0 0 0 0 92 0
0 0 0 0 20 0 0 0 0 0
93 0 0 0 46 99 0 0 77 0
0 0 0 0 0 0 0 46 0 0
0 68 0 16 82 0 3 0 0 0
37 0 0 0 1 0 12 19 0 0
0 0 0 0 0 0 66 0 65 0
0 0 0 0 87 86 0 35 0 0
0 0 0 0 80 65 0 52 0 0
0 0 0 0 92 0 9 0 0 0
0 10 30 0 0 0 0 32 96 0
0 46 0 0 0 15 0 0 0 0
41 18 70 0 0 5 28 0 0 74
0 0 0 65 42 0 11 0 39 0
88 0 73 0 0 30 66 0 0 0
0 0 93 5 0 52 0 0 98 70
