0 0 0 88 0 0 12 0 30 0 0 0 28 0 0 0 0 0 0 0 0 0 48 0 29 0 0 0 0 15 0 69 0 74 36 0 79 0 0 0
9 0 35 14 0 76 0 0 0 0 0 0 0 81 0 0 0 0 0 0 0 55 98 0 67 0 33 79 0 0 0 0 0 0 0 0 0 0 61 0
89 0 0 59 80 0 0 0 0 0 0 0 0 0 0 0 0 0 0 0 0 0 0 0 0 0 0 0 0 0 0 41 0 5 98 0 0 0 0 0
0 0 32 0 0 0 0 0 22 0 0 54 0 0 0 0 0 33 45 0 0 0 0 0 26 95 0 0 0 0 0 0 0 82 0 0 0 37 0 0
0 0 0 53 0 0 0 0 0 0 0 78 0 0 0 8 0 15 40 0 0 0 0 87 0 0 0 0 0 44 0 0 0 0 0 0 0 0 0 0
0 0 58 31 80 89 6 0 0 24 0 81 54 0 0 0 0 0 0 0 0 0 0 41 0 6 0 39 0 98 0 0 36 0 50 0 0 0 0 0
0 0 0 0 62 85 33 0 0 0 0 0 23 0 0 0 0 0 0 0 7 2 0 0 39 0 0 0 0 0 0 0 0 37 0 0 0 0 0 0
0 0 0 0 0 19 0 47 0 10 0 0 0 22 0 0 78 0 0 8 0 0 0 0 0 23 0 0 0 0 0 37 0 0 30 0 0 0 0 0
42 0 0 0 84 0 0 0 92 32 0 0 0 91 0 1 0 50 0 0 0 89 0 76 0 0 0 0 94 92 0 0 0 0 0 0 0 0 26 0
0 0 0 0 19 1 0 0 43 0 26 0 0 0 0 0 93 4 91 0 0 69 29 28 0 0 0 0 0 0 0 0 53 0 36 0 0 0 0 0
