52 0 0 0 0 63 0 0 0 0 0 0 0 0 43 0 0 57 0 0 91 0 59 65 0 0 0 36 0 51 0 0 0 4 68 39 76 0 0 0
0 86 0 0 0 0 0 0 0 0 76 78 95 62 0 0 0 0 0 31 0 0 0 0 0 0 61 0 60 0 0 0 0 0 0 0 0 0 0 0
9 0 0 0 0 0 0 0 0 43 0 0 94 0 80 0 0 65 59 0 0 0 46 0 0 0 0 0 0 0 0 0 0 0 91 40 0 0 0 0
94 0 0 0 0 72 0 0 0 0 0 0 0 0 40 0 9 0 0 78 0 0 0 0 79 0 0 0 0 0 0 0 14 0 0 0 0 0 0 92
0 11 0 63 89 53 0 0 0 0 0 0 0 0 0 0 0 91 0 69 0 0 0 0 0 7 0 0 0 0 16 0 47 6 8 0 38 74 0 0
0 69 0 0 74 0 0 0 0 0 0 0 0 28 0 0 93 0 0 0 0 0 0 0 0 0 0 75 39 0 0 0 0 0 0 0 0 16 0 0
45 0 19 0 0 0 67 0 65 0 0 0 93 0 0 56 70 0 0 0 0 81 0 52 0 1 85 74 0 0 78 0 0 0 0 0 0 0 0 0
0 0 0 49 0 0 0 74 0 0 0 0 24 0 0 0 0 0 7 0 0 32 0 0 96 0 0 49 0 4 0 0 0 0 0 0 0 0 0 0
0 0 0 0 0 24 0 0 0 0 0 0 0 0 0 0 23 48 0 5 0 0 45 8 0 0 0 0 0 0 23 54 0 0 0 0 0 0 0 0
0 0 28 0 0 0 0 0 42 0 0 0 0 61 0 0 0 0 33 0 0 0 0 0 0 0 0 0 0 0 71 79 0 0 82 63 78 0 0 0
0 0 76 0 0 98 0 73 0 0 0 0 0 0 81 0 0 35 0 2 0 0 0 71 0 10 32 0 68 20 0 0 0 0 0 0 31 16 0 30
0 0 0 0 0 0 0 0 25 0 0 7 29 0 0 0 0 8 0 0 0 0 0 57 0 0 0 35 0 0 0 0 0 0 0 0 0 0 0 0
0 0 0 29 0 0 0 0 93 0 0 0 6 0 0 0 0 0 0 0 0 0 51 48 0 0 0 99 0 61 0 0 2 0 0 61 70 10 0 0
0 0 42 0 98 0 0 0 21 34 0 0 27 0 0 46 47 0 0 0 0 0 0 0 0 0 0 0 0 0 62 0 0 43 0 0 0 0 0 0
0 0 0 0 0 0 8 61 15 0 0 0 0 0 15 0 0 0 29 0 2 18 54 0 0 0 0 39 0 46 19 75 10 0 88 0 50 78 80 13
0 54 90 76 0 0 0 0 0 0 0 0 0 0 86 0 48 10 0 0 0 0 0 0 0 0 0 0 0 50 0 0 0 0 25 0 0 0 0 0
0 30 0 32 0 0 7 0 0 54 0 27 0 0 0 0 0 0 0 0 0 0 0 0 0 0 0 0 0 0 0 0 47 0 0 0 0 0 0 4
0 0 0 0 0 78 49 83 0 0 0 9 0 0 0 0 0 0 0 0 0 0 0 0 0 0 94 0 0 95 44 0 65 0 0 0 0 0 19 74
77 0 0 0 0 0 0 52 60 0 0 0 0 20 0 0 0 0 0 0 0 0 0 0 0 48 3 0 24 52 0 0 0 0 0 0 0 0 0 0
0 0 36 0 0 0 52 42 0 0 64 0 0 13 0 0 0 0 0 0 0 0 0 83 0 0 0 73 0 0 0 0 0 0 52 26 0 0 0 24
0 73 25 0 0 0 59 0 0 62 0 0 0 0 0 47 56 0 0 6 45 42 0 0 0 0 0 0 0 0 0 31 0 0 0 0 48 0 0 0
0 0 0 0 0 62 0 0 0 12 0 0 0 93 0 0 0 0 0 15 0 90 0 0 3 0 0 43 0 0 0 15 0 61 0 0 35 0 0 0
0 0 0 0 54 0 34 0 2 0 0 0 0 79 0 0 59 0 0 0 0 0 8 0 0 0 0 0 0 0 0 0 0 44 0 0 0 0 0 51
0 0 0 0 88 0 0 10 0 0 0 59 0 28 59 0 0 0 51 0 95 99 0 91 0 0 71 27 0 0 0 0 0 0 0 0 0 88 0 0
0 0 20 0 0 0 0 0 18 0 30 0 95 0 0 0 84 0 0 0 55 0 10 47 0 0 0 0 0 0 0 0 93 15 28 0 0 0 4 0
0 0 64 0 0 0 32 0 0 0 0 15 65 28 54 0 0 0 0 57 0 0 0 54 0 0 0 0 98 40 0 34 4 0 0 0 0 0 0 0
0 0 0 48 0 0 0 0 0 0 48 0 53 0 0 0 49 0 61 52 0 0 0 0 57 87 0 1 0 0 0 0 0 53 0 0 0 0 0 0
82 40 0 0 0 26 31 0 0 62 0 0 0 0 0 0 0 0 21 0 0 0 0 0 0 0 0 0 0 96 15 0 0 0 0 58 0 0 44 0
0 35 0 0 0 32 0 0 31 0 95 0 0 0 0 0 0 0 0 0 0 0 54 0 0 0 29 0 0 0 72 0 25 0 0 0 15 0 0 0
0 0 16 0 0 0 81 0 54 48 0 0 2 0 0 0 0 0 0 77 0 0 0 0 0 0 0 0 4 0 0 0 0 14 0 50 0 0 0 0
