0 90 18 0 36 96 0 0 0 0 0 0 0 0 0 0 0 0 0 9
0 0 0 0 64 0 52 0 66 0 0 0 0 0 52 0 37 0 0 0
0 0 0 0 0 0 0 0 0 0 0 0 0 0 0 62 0 0 14 0
55 0 0 0 0 88 0 0 0 25 0 0 0 0 75 30 95 0 0 88
0 0 0 0 0 0 41 0 0 58 0 0 0 0 0 1 0 0 0 0
0 0 0 41 0 0 0 0 46 0 0 0 6 0 0 0 0 0 0 0
0 7 0 84 0 0 68 0 82 62 0 0 89 1 40 0 0 0 0 0
0 0 0 0 0 0 0 0 36 0 0 0 0 0 86 0 0 0 0 0
0 18 0 0 0 0 0 0 0 0 0 15 0 0 0 0 78 0 0 0
0 0 0 0 0 0 9 0 0 0 0 44 8 0 0 0 3 0 0 0
0 0 0 0 0 0 0 0 18 0 0 0 62 0 0 0 0 0 0 0
0 77 0 0 0 0 0 0 0 51 0 0 0 0 87 0 0 0 0 0
0 0 81 0 0 0 0 0 64 0 0 12 43 0 0 0 0 0 0 0
0 0 27 0 0 0 0 0 0 0 0 76 0 0 9 0 0 0 36 0
0 0 0 0 38 0 0 0 0 0 98 0 0 47 0 0 0 0 0 34
0 75 0 0 0 0 0 0 43 31 0 0 57 0 0 0 0 0 0 0
0 0 0 39 0 0 0 0 78 0 0 0 0 68 20 0 0 0 0 10
0 0 0 0 0 0 0 0 0 0 0 63 0 0 0 0 0 0 86 0
0 50 26 40 0 21 0 0 0 0 0 80 0 0 0 0 63 0 6 0
0 0 0 0 95 0 68 86 0 0 0 0 0 0 0 0 0 0 0 0
