0 0 0 88 47 0 0 0 0 0 27 19 0 0 0 0 0 0 19 0
43 0 0 0 0 0 0 0 0 72 0 0 0 0 0 0 0 62 0 0
0 0 0 0 0 0 0 58 0 68 0 0 0 0 0 0 0 0 0 99
0 0 0 0 0 21 0 50 0 0 0 0 81 0 76 35 29 0 0 0
0 87 32 0 97 77 0 0 38 17 0 44 84 0 29 86 0 0 0 76
77 0 0 64 0 33 0 0 22 0 1 0 40 0 0 0 0 0 3 0
0 72 8 20 0 0 0 0 76 0 0 68 0 0 0 0 48 43 0 47
38 26 0 0 0 83 0 0 89 71 2 0 0 0 78 0 19 48 0 43
0 0 79 0 0 0 0 0 41 0 0 0 90 14 0 0 63 0 0 63
0 88 0 0 0 27 0 0 0 0 0 0 0 0 29 0 35 22 30 0
0 52 23 0 0 1 45 52 41 0 0 0 30 90 9 0 59 0 0 0
0 0 0 0 0 15 0 0 0 0 33 66 1 0 73 0 52 0 0 0
43 0 0 0 0 90 0 0 73 36 10 0 0 0 0 83 79 24 18 0
97 33 48 0 60 4 0 62 85 0 0 41 0 70 0 0 0 0 0 62
0 0 87 36 0 0 0 68 0 77 0 0 0 80 0 0 0 0 0 0
11 13 95 27 0 83 0 0 0 97 0 0 0 0 0 0 0 0 0 0
24 0 0 0 0 0 0 0 0 0 0 73 84 68 45 44 58 0 0 0
0 0 0 0 60 0 0 0 18 0 11 0 82 26 0 0 26 0 0 80
29 25 93 0 26 0 0 0 0 0 99 0 91 0 0 23 47 20 30 0
0 0 96 0 0 59 49 0 1 0 91 85 0 7 0 0 0 95 0 0
0 0 0 0 0 0 0 0 0 57 0 0 87 49 0 0 10 0 0 0
0 0 40 0 0 0 31 0 18 0 0 0 0 72 23 0 29 0 0 0
0 0 0 51 0 0 0 0 0 30 0 0 77 0 97 52 0 9 0 0
22 0 0 44 0 0 22 0 20 0 80 0 38 0 39 0 0 62 0 0
44 0 78 0 0 0 0 0 77 60 0 0 0 81 0 0 0 0 30 0
0 66 76 8 0 57 0 0 87 0 0 77 0 0 0 0 0 84 0 18
26 0 0 0 5 0 68 0 0 0 46 0 0 0 0 0 0 0 0 0
0 11 22 0 45 87 0 0 76 0 92 0 37 0 64 0 0 0 7 2
0 42 10 37 0 75 5 0 0 0 0 0 0 0 0 32 62 0 0 79
0 0 0 0 0 94 50 0 0 0 0 0 0 4 62 0 0 49 0 16
85 0 0 17 0 0 92 0 18 0 6 94 0 0 0 0 0 0 27 0
81 0 0 50 0 87 0 81 0 0 0 0 0 0 57 0 0 0 0 0
0 97 0 77 0 33 0 0 21 22 0 0 0 0 0 52 62 35 0 72
42 68 0 0 0 20 50 0 0 0 0 89 0 0 0 0 62 0 0 55
0 0 0 0 0 10 0 0 0 0 0 0 86 0 27 0 87 0 0 56
0 0 0 0 0 49 0 0 0 0 0 0 0 28 82 0 0 0 74 0
0 0 0 29 97 0 0 0 74 0 58 0 0 56 0 0 0 0 0 0
16 0 0 63 0 0 0 0 0 27 55 0 0 28 24 0 15 0 25 0
83 17 0 70 0 0 0 0 0 22 0 0 33 27 93 75 0 78 0 0
0 0 0 86 0 0 0 0 29 0 74 77 0 0 0 0 0 0 0 0
0 0 0 0 76 28 77 6 72 0 0 48 31 48 0 18 0 87 0 0
0 0 0 0 0 0 0 0 50 0 42 0 0 82 44 71 0 0 0 0
0 0 0 0 0 68 91 0 0 99 97 0 13 0 0 0 0 0 0 0
99 84 0 0 0 0 0 0 0 1 0 0 0 61 0 30 0 74 73 0
0 0 0 19 0 0 0 87 0 0 0 0 98 62 27 77 0 0 0 0
0 0 0 0 0 0 0 0 0 0 0 75 0 88 70 0 0 74 58 0
0 0 0 0 0 0 0 42 85 0 0 0 0 0 0 17 0 0 76 0
36 0 4 0 62 0 0 0 0 0 86 0 40 0 0 0 0 87 22 0
0 0 0 0 0 0 75 0 0 0 7 0 0 0 0 0 0 0 0 0
0 0 55 49 0 0 0 0 0 0 0 0 63 0 0 0 0 0 26 0
