0 0 0 0 0 0 0 0 0 0 1 0 0 4 0 0 43 0 0 29 0 38 0 66 0 41 17 20 96 0 38 0 72 61 0 0 0 18 0 31
0 0 0 0 0 58 0 59 13 44 0 0 0 0 39 0 0 0 0 37 0 0 64 0 0 0 50 0 0 0 0 0 15 59 0 0 84 58 1 0
0 24 0 0 0 0 0 0 67 0 0 0 36 44 0 0 0 0 80 53 0 0 0 43 40 17 0 79 0 0 43 67 0 94 34 0 0 13 0 0
0 0 71 93 23 0 69 0 0 6 0 0 0 0 0 52 72 0 0 92 24 0 57 44 0 0 0 7 0 0 0 54 0 0 93 0 0 0 92 0
0 0 5 0 91 96 0 0 0 75 46 0 0 42 0 49 1 0 0 0 0 53 0 0 0 0 0 0 35 0 0 0 34 0 80 14 0 0 0 0
0 40 0 93 0 10 32 0 0 0 19 58 70 0 50 0 0 0 41 0 0 0 0 73 0 0 0 0 20 0 0 0 0 0 0 95 0 0 28 0
0 37 57 0 0 0 21 0 0 0 0 91 3 0 0 0 0 0 0 0 0 0 61 0 0 15 1 0 0 1 0 0 86 0 0 0 0 0 0 0
0 80 38 93 39 0 88 0 15 0 0 0 0 28 0 98 0 0 0 0 0 11 0 32 24 0 0 0 0 0 0 0 27 0 0 0 0 29 0 0
0 78 0 0 0 0 91 0 47 0 0 0 0 27 62 0 64 92 0 89 0 54 0 80 86 0 0 0 75 0 0 0 0 0 0 0 0 26 99 0
0 0 0 0 41 85 0 0 80 12 0 0 87 46 0 97 0 0 0 0 0 23 0 12 0 0 5 0 0 27 0 0 0 98 0 0 0 0 25 0
14 0 0 0 0 28 15 0 0 0 0 0 0 0 0 0 0 0 0 0 0 95 29 19 0 0 0 0 64 0 0 0 0 0 0 0 48 43 0 63
27 0 0 0 0 37 0 0 0 98 0 0 0 0 0 0 53 62 0 0 0 0 0 0 8 0 0 6 0 0 0 0 10 0 2 50 0 14 0 57
0 0 0 27 59 0 0 0 0 0 0 0 0 30 34 0 0 92 0 82 0 0 76 43 0 0 0 71 0 4 0 0 0 0 20 0 95 0 0 65
97 11 0 24 15 0 0 0 53 0 0 0 0 0 0 0 0 75 0 0 0 0 0 34 69 0 0 49 15 0 0 0 0 0 37 0 0 0 0 0
73 0 28 0 67 12 41 0 0 50 76 0 0 52 0 0 0 0 75 0 0 32 0 48 0 0 0 92 0 0 0 36 0 46 0 2 0 56 0 0
0 0 0 0 16 1 18 0 43 0 0 0 0 82 0 0 0 0 0 91 0 0 0 0 0 22 0 0 61 0 0 0 0 0 0 1 76 0 13 69
72 0 52 82 35 0 0 0 0 0 0 0 0 0 5 0 51 77 0 0 18 0 0 41 0 86 0 96 3 93 61 0 33 0 44 6 0 24 0 0
0 0 0 0 0 0 0 0 0 0 0 0 0 75 27 2 0 0 0 0 0 48 0 0 87 0 0 57 0 27 0 91 0 5 0 49 0 55 63 0
5 0 0 0 0 0 16 0 96 53 0 0 0 0 51 0 0 0 0 0 0 0 0 49 53 0 0 0 0 0 0 0 0 0 0 0 0 0 0 0
90 0 0 0 0 0 96 0 0 25 0 0 0 0 7 83 92 0 0 12 8 0 0 0 0 0 0 1 94 53 0 0 0 0 0 0 0 73 0 54
