0 0 32 67 45 0 0 34 0 0 0 0 0 0 0 55 0 0 0 0
76 33 33 0 43 0 0 0 0 0 0 0 0 0 96 0 0 0 0 0
0 0 0 78 0 56 0 31 0 28 0 0 0 0 33 92 0 0 0 0
0 0 0 0 42 43 0 0 44 0 0 0 53 0 92 0 0 0 0 0
0 0 0 0 0 0 0 0 0 0 0 31 0 0 0 0 0 0 0 0
0 0 93 0 0 0 0 0 0 0 0 0 0 0 0 0 0 47 69 0
69 0 81 0 51 0 0 0 63 0 13 0 88 0 0 0 45 0 0 0
0 0 0 39 0 0 0 0 0 0 0 0 38 0 50 0 0 46 0 0
62 0 0 0 0 0 0 63 0 0 33 0 0 0 0 70 0 93 44 0
0 0 0 0 0 0 0 0 0 0 0 51 0 77 30 0 0 0 65 0
0 0 0 16 0 0 26 0 88 16 39 0 0 0 0 89 25 0 0 0
19 0 0 0 36 0 0 0 0 0 0 0 58 0 0 90 0 0 78 0
43 0 90 61 0 63 0 0 0 0 10 0 0 0 0 97 39 0 89 97
0 12 0 0 0 0 0 0 0 0 0 0 0 0 0 0 0 0 0 0
0 0 0 0 7 0 89 55 0 0 0 34 0 0 45 0 0 0 0 0
0 0 0 0 0 0 0 91 0 0 0 0 0 0 0 68 0 0 0 0
0 5 79 0 26 0 0 0 0 75 0 0 0 0 95 0 92 89 0 0
0 0 94 0 0 0 39 0 0 0 5 0 34 0 0 0 98 0 0 57
0 0 0 0 0 0 28 0 69 0 10 0 20 0 0 56 0 35 0 0
0 0 32 0 0 0 0 21 0 63 23 0 0 36 0 0 20 0 0 0
0 0 91 0 0 0 0 0 0 0 0 0 0 0 0 0 0 6 0 0
0 7 0 36 7 37 35 0 46 0 0 0 0 0 0 0 0 0 32 0
0 0 85 0 0 0 0 93 36 92 0 0 0 0 0 0 0 77 31 0
0 0 2 7 0 0 0 0 14 15 0 0 0 0 0 0 0 0 0 0
61 5 0 0 0 0 0 0 0 0 0 0 0 0 0 0 0 57 0 0
0 0 0 0 0 0 0 32 0 0 33 0 6 0 0 0 0 24 3 56
0 0 0 75 0 86 0 0 0 0 0 14 0 51 0 0 0 0 97 0
0 0 0 0 0 81 0 70 38 0 0 5 0 0 0 0 0 0 0 0
0 0 0 55 0 0 0 0 0 0 0 0 0 0 0 82 0 7 90 0
73 0 2 0 0 0 0 67 0 11 66 0 0 0 0 82 35 0 0 0
