0 0 0 0 0 0 0 12 37 0 0 0 0 77 0 0 0 0 0 0 0 54 0 15 0 38 0 0 0 0
93 0 0 51 0 0 0 0 82 0 37 0 0 45 41 0 0 95 0 82 0 69 6 0 0 0 60 8 38 0
0 23 40 0 0 0 0 0 0 43 75 37 0 92 0 70 0 0 0 0 0 38 0 94 0 98 0 0 0 0
0 0 0 37 0 66 0 46 0 0 0 0 14 0 0 0 0 0 0 0 0 0 0 36 0 46 0 0 0 0
14 9 0 0 0 0 0 0 1 0 81 0 0 79 0 90 82 82 0 0 60 0 0 0 0 0 41 69 27 0
27 0 0 0 0 0 70 89 0 35 0 81 0 0 0 0 0 88 24 0 0 82 84 9 0 0 0 0 0 0
0 82 67 0 16 50 0 0 0 0 89 0 8 17 8 95 0 0 0 0 0 0 2 0 91 0 0 0 65 68
0 49 32 0 0 0 77 0 25 40 0 0 0 0 0 0 0 94 0 30 0 0 0 1 0 30 0 30 0 0
0 69 65 4 0 39 0 0 0 0 0 0 0 49 0 0 0 0 0 0 89 3 63 0 0 0 0 0 93 23
17 21 79 0 16 0 0 97 0 0 70 0 0 0 86 0 59 66 4 0 44 0 0 0 7 0 0 13 0 0
64 0 33 0 0 0 81 54 65 0 0 83 0 0 38 96 0 21 0 0 9 0 73 0 82 0 0 0 0 0
0 0 0 0 62 80 0 0 0 67 0 0 0 0 68 14 85 54 19 0 66 50 94 0 43 0 0 71 0 24
0 0 57 0 98 83 0 0 0 0 0 0 77 25 0 0 0 81 43 0 0 0 0 0 0 0 0 26 0 65
0 87 0 0 0 29 0 0 0 0 0 0 51 0 0 0 0 55 0 0 0 55 0 0 0 0 0 47 0 37
0 0 0 0 0 0 0 0 22 0 0 0 0 0 0 0 24 84 42 0 0 0 0 0 56 0 50 38 4 29
14 38 0 0 0 0 0 0 0 0 0 0 4 48 37 0 0 0 0 49 0 0 50 0 0 32 0 0 0 24
0 0 0 90 8 89 0 0 0 56 0 18 0 0 0 0 0 0 0 0 0 0 9 31 0 0 0 0 0 0
35 1 0 0 0 4 0 0 73 0 0 0 0 0 0 0 85 0 0 0 92 0 0 13 0 63 77 71 0 76
0 0 0 0 0 0 20 0 0 0 0 0 26 0 61 29 0 12 0 0 0 0 0 0 0 0 71 0 0 0
0 66 0 32 33 86 0 52 0 0 83 0 85 98 14 74 0 43 0 0 58 0 0 37 49 12 49 15 54 0
0 81 0 0 0 68 0 0 89 0 0 0 45 0 0 0 0 31 0 0 0 0 0 0 0 0 0 22 0 0
0 0 0 0 93 0 0 0 90 33 0 0 0 0 0 25 0 0 0 48 0 0 0 0 0 0 0 0 0 89
62 23 79 51 91 0 39 0 0 0 0 0 19 0 40 0 66 0 0 0 0 0 0 58 0 0 3 0 0 0
73 0 0 0 0 92 0 0 0 74 6 9 0 0 0 13 0 0 0 0 0 48 63 0 0 0 0 0 0 0
0 49 1 0 71 30 0 0 0 0 0 0 0 41 91 0 0 0 0 0 0 0 0 46 0 35 0 0 41 0
0 9 11 0 51 93 0 0 0 15 0 0 64 95 0 0 0 0 82 0 0 12 0 0 0 11 0 0 45 0
0 0 0 88 52 0 0 58 50 0 42 0 0 0 2 0 0 0 0 71 61 0 0 0 0 44 0 0 0 0
0 94 0 7 0 0 12 0 0 6 0 0 0 0 0 64 53 84 75 0 0 0 0 0 0 0 49 0 4 0
0 0 0 0 0 23 17 71 0 0 82 32 0 0 45 0 0 0 0 0 25 55 0 15 0 0 0 0 13 34
36 0 0 0 0 0 70 72 94 0 67 0 71 61 10 96 0 25 0 13 0 0 0 0 0 0 0 0 0 0
