0 25 21 90 0 0 0 0 0 70 0 0 0 0 95 0 0 0 0 58 82 0 0 33 0 0 0 0 0 0 0 0 60 0 0 0 0 0 0 37 0 0 0 0 0 0 0 0 0 0
0 0 0 0 0 15 0 0 0 0 0 80 0 0 0 0 0 0 0 0 80 0 0 0 0 0 0 39 0 0 0 2 0 54 0 93 0 97 0 79 0 82 0 0 0 0 0 0 0 0
0 38 0 0 0 0 0 0 0 0 0 0 0 41 0 0 0 0 64 88 22 0 0 0 60 0 0 0 0 0 0 0 52 0 0 0 0 28 58 0 0 0 0 0 0 0 0 0 0 0
0 0 0 0 0 0 67 63 0 0 0 0 0 0 0 0 0 0 0 0 0 0 0 0 0 0 0 0 11 0 0 67 0 0 0 46 71 0 0 0 87 87 0 0 0 78 0 0 0 0
0 0 0 0 54 0 39 0 0 38 7 0 0 47 0 0 0 0 0 0 18 0 0 0 0 0 0 84 67 0 66 51 0 54 97 0 43 0 0 0 0 0 0 0 0 0 0 0 0 0
0 0 0 0 0 80 0 0 0 0 0 0 0 0 0 0 0 16 0 0 0 0 0 0 0 0 0 84 0 0 0 0 0 70 37 0 0 0 0 0 8 0 0 0 0 45 0 0 0 0
38 0 0 12 27 0 0 0 0 8 85 0 0 0 0 0 0 0 25 0 91 78 0 0 0 0 0 0 0 0 0 0 29 0 0 0 0 55 0 0 0 93 0 0 8 0 0 0 0 0
0 37 0 0 31 23 86 0 0 0 0 21 0 0 0 68 0 31 82 69 11 0 57 0 0 55 0 29 0 0 0 0 0 0 0 0 0 14 11 79 0 0 0 0 0 0 0 0 0 0
0 0 0 0 0 0 11 0 0 0 0 0 0 0 0 0 25 53 0 0 0 0 0 0 0 0 0 0 0 73 0 0 0 0 0 37 0 0 0 0 0 0 0 0 0 0 0 0 0 0
0 0 0 79 45 0 0 0 0 0 0 0 0 0 21 0 0 0 0 0 0 0 0 0 51 0 0 0 0 0 0 0 0 86 0 0 64 0 0 0 0 0 31 0 0 0 92 0 0 97
0 0 0 0 0 0 0 26 0 0 0 0 88 0 0 69 0 51 0 0 0 0 0 18 66 0 0 0 0 0 0 0 0 0 0 0 10 0 0 0 44 0 65 73 11 0 0 0 7 0
70 0 0 0 0 0 0 0 25 45 0 0 0 0 0 0 0 16 0 0 0 0 0 0 76 0 0 0 0 0 0 0 0 0 46 0 53 0 65 0 0 0 6 67 0 0 0 85 0 0
0 77 0 57 0 0 32 33 0 0 0 0 0 26 0 0 0 20 0 0 40 0 0 34 0 0 0 0 85 13 0 0 73 47 0 72 59 0 0 0 0 0 0 0 3 90 0 48 14 0
0 0 0 0 0 0 16 0 0 0 0 0 0 0 0 0 0 0 0 0 0 0 0 0 57 0 13 0 0 0 0 0 0 0 0 0 0 0 0 0 36 0 0 0 0 0 82 0 0 0
0 0 0 0 0 0 0 8 0 16 0 0 0 0 0 0 0 0 0 0 0 0 0 0 0 0 0 0 27 81 0 0 2 44 0 0 0 0 52 0 0 84 0 0 72 0 0 0 0 84
0 0 0 0 16 26 98 32 0 0 35 21 0 0 0 0 0 0 0 0 0 0 38 21 0 0 0 0 0 0 0 0 0 0 50 0 0 0 0 0 0 58 0 0 87 0 0 0 0 0
0 0 0 0 0 29 0 0 0 0 0 37 21 0 0 0 0 97 0 0 0 0 0 77 88 73 0 0 70 40 79 0 0 0 69 0 0 0 21 0 0 0 0 27 0 0 0 0 0 0
0 0 0 5 0 66 0 0 0 0 56 0 0 0 0 0 69 0 0 0 0 0 0 42 0 0 41 0 0 0 0 88 0 0 47 0 0 0 31 0 0 0 0 0 0 0 0 0 0 0
0 93 0 0 0 0 0 0 0 1 0 0 0 0 0 0 0 0 43 0 0 0 49 0 0 0 0 0 7 0 0 0 0 0 0 0 0 70 0 53 44 0 0 0 0 0 0 0 0 0
0 0 44 0 0 0 0 0 0 20 0 0 0 0 0 0 86 0 0 44 0 0 0 0 65 0 0 0 0 0 0 0 0 0 48 0 0 0 0 0 0 0 0 0 0 0 0 0 0 0
30 0 0 0 0 0 0 0 0 6 0 0 0 70 0 0 23 0 0 3 13 28 0 0 0 0 50 95 0 0 0 0 0 0 0 0 64 0 0 0 0 0 0 0 64 9 0 0 0 0
0 0 5 0 43 0 0 78 0 0 0 0 0 0 0 0 0 0 0 25 0 0 0 0 0 0 0 0 51 0 0 0 0 0 43 0 0 0 0 0 0 0 0 25 0 0 64 0 0 0
0 0 15 0 0 0 0 0 94 0 0 84 84 0 0 0 81 0 0 0 0 0 36 0 0 26 50 76 0 0 0 0 0 0 0 0 0 96 0 0 19 0 0 46 0 0 0 0 0 0
0 0 0 0 0 0 0 0 0 38 59 0 0 0 26 83 0 0 44 0 0 52 75 0 54 0 0 0 0 0 53 0 0 0 0 0 0 0 0 0 0 68 0 70 0 0 0 0 0 0
0 0 0 0 0 14 0 0 45 0 0 0 0 54 0 0 0 0 0 67 0 0 0 0 0 0 0 62 0 0 48 0 0 0 60 0 0 0 0 0 0 51 92 0 0 0 0 0 23 0
13 0 0 75 71 0 0 0 0 0 0 0 0 0 0 0 0 98 0 0 0 0 0 0 0 35 0 0 0 0 0 0 0 0 0 0 96 0 0 0 0 0 0 0 0 0 0 0 0 0
0 0 0 69 0 0 0 0 71 0 63 0 0 0 0 7 0 0 0 0 0 0 0 25 0 0 0 0 96 0 0 0 0 27 0 0 0 0 0 49 0 54 0 0 0 0 0 0 0 0
0 0 0 0 0 0 0 0 89 0 0 0 0 0 0 5 0 0 75 0 0 0 0 0 0 0 0 16 0 66 0 0 30 57 33 23 39 0 0 0 0 0 0 28 5 0 0 0 0 0
0 0 54 0 0 0 0 1 0 0 0 0 0 0 0 64 0 0 0 0 45 0 0 6 0 0 0 0 0 0 0 0 0 0 0 0 0 18 82 0 0 62 0 65 52 0 0 0 0 0
0 0 0 0 0 87 77 0 0 0 0 0 0 20 0 0 87 0 0 8 0 0 0 0 0 0 61 79 0 0 0 0 0 0 95 0 49 0 0 0 0 0 0 0 0 89 0 0 60 0
0 0 0 77 0 0 0 0 0 0 0 0 0 0 0 0 0 0 0 0 25 0 0 0 0 0 49 0 0 0 0 0 0 0 0 0 0 0 0 0 85 19 0 86 0 0 0 0 0 0
0 0 0 0 0 88 63 0 0 0 0 0 0 0 0 0 0 0 5 0 0 0 0 0 0 0 0 0 0 0 46 0 0 0 7 15 0 0 70 0 65 70 62 0 0 0 0 69 0 0
0 0 0 0 0 0 0 0 0 0 0 0 0 0 0 0 78 0 38 0 0 0 0 0 0 83 0 0 0 0 0 0 0 0 0 0 47 0 0 0 0 0 0 0 0 1 9 0 72 0
0 0 0 0 64 0 0 0 0 5 0 58 0 0 34 0 4 0 0 97 0 0 0 32 53 0 0 0 0 0 0 0 0 64 0 0 0 0 0 0 0 0 0 0 44 0 0 0 26 18
24 0 0 0 0 0 0 0 0 0 37 0 0 0 0 0 0 0 0 9 0 0 0 0 0 0 0 0 0 0 0 0 0 0 90 0 0 59 0 0 0 0 0 0 0 0 0 0 0 0
23 0 0 0 0 0 0 0 55 0 0 0 0 68 0 0 0 0 33 0 0 22 0 0 0 0 96 0 0 0 95 0 0 0 0 0 45 24 0 0 0 0 0 40 0 7 0 89 0 0
0 0 0 58 0 0 0 14 0 0 60 20 0 0 17 0 0 0 0 0 0 0 34 37 0 0 0 0 0 0 0 17 0 81 0 0 96 0 0 0 6 0 0 0 0 0 0 0 0 52
0 0 55 0 0 0 0 0 55 0 95 0 0 0 0 0 0 0 0 0 0 0 59 0 27 60 0 0 46 0 0 61 0 72 0 0 14 81 0 0 0 0 0 0 0 0 84 0 0 0
0 54 44 0 0 0 0 0 0 55 0 0 0 0 0 0 0 0 0 0 0 0 0 87 29 12 0 0 73 86 0 72 0 0 0 0 1 98 75 0 0 62 19 0 51 0 0 0 0 0
0 0 0 0 0 0 0 0 0 0 0 0 1 0 0 0 0 0 0 0 0 0 37 0 0 32 0 0 0 0 0 0 0 3 0 0 0 0 0 0 0 0 0 60 0 0 0 0 0 0
75 0 0 0 0 0 0 0 0 0 0 0 0 63 0 0 0 0 0 0 0 0 0 0 0 23 0 0 14 0 0 0 0 72 0 0 0 0 41 0 74 20 0 17 46 0 0 0 0 57
0 0 0 0 0 0 0 0 0 0 0 75 0 0 70 0 0 0 0 0 0 0 0 0 0 0 0 0 0 0 0 0 0 0 0 0 0 0 75 0 0 12 0 2 0 73 0 99 45 55
0 0 0 0 90 50 0 0 0 0 0 38 2 0 0 0 0 10 0 0 64 0 43 0 0 0 0 0 0 0 0 0 0 96 0 0 0 0 0 62 0 0 0 0 0 16 0 12 0 0
5 0 0 67 9 0 0 0 0 0 78 0 0 0 0 0 0 0 0 0 0 0 0 0 78 0 5 0 0 0 0 0 3 81 0 0 0 0 0 0 36 0 0 0 0 0 0 0 0 74
0 98 0 0 0 0 0 0 0 0 0 0 0 0 0 84 0 81 0 0 0 76 0 0 0 21 0 0 0 0 0 0 66 0 0 0 0 21 0 0 0 0 0 0 0 0 0 50 0 31
0 0 0 0 0 0 0 0 0 0 0 0 49 0 0 56 0 0 0 0 0 0 86 0 25 0 0 0 0 37 0 0 0 19 0 0 0 0 0 31 45 0 0 0 0 0 0 0 0 0
0 52 0 0 0 0 0 0 0 0 0 0 66 0 0 0 0 0 0 0 0 0 24 0 0 0 0 0 0 0 0 0 62 0 0 0 0 0 0 23 0 14 0 0 43 0 0 0 22 0
0 52 0 0 10 0 0 0 7 53 0 0 0 0 0 80 0 0 0 0 0 0 0 0 0 0 0 49 0 0 0 0 0 0 0 0 0 0 0 0 0 0 23 0 0 0 0 11 0 0
0 0 0 8 0 0 0 83 0 0 0 0 0 0 0 0 0 0 0 0 0 74 0 0 20 0 0 71 0 0 0 0 0 0 0 0 0 15 0 0 0 0 0 12 0 0 0 0 56 7
0 16 42 0 0 0 0 30 0 0 0 99 0 64 0 0 0 0 0 0 0 0 0 0 20 0 0 0 0 85 0 68 0 0 0 42 0 0 0 0 34 0 0 18 0 0 0 0 0 0
