0 87 0 56 40 25 20 0 29 0 0 0 0 0 0 0 0 42 92 0 0 7 0 0 0 0 0 48 0 0
0 11 0 0 0 0 0 0 0 0 0 0 0 0 0 0 0 0 8 0 0 0 19 63 0 86 0 0 0 0
99 0 0 14 0 0 0 0 0 85 0 0 0 0 17 0 13 0 0 0 29 0 0 0 0 0 0 0 0 65
82 0 65 0 0 16 0 93 0 4 74 0 0 0 62 0 0 0 0 68 0 0 0 0 0 0 0 0 6 86
0 0 2 98 0 15 0 0 0 0 0 0 98 58 0 0 0 0 0 0 46 44 0 20 0 0 0 0 57 0
64 0 63 0 43 0 0 0 0 0 0 95 0 74 14 0 0 0 0 0 0 0 0 96 0 0 0 7 0 0
0 0 16 0 66 7 0 0 0 0 99 0 81 0 37 47 0 0 0 0 0 0 0 0 0 0 0 56 46 0
0 0 0 0 0 5 0 0 0 0 0 0 98 42 0 17 0 0 0 16 0 81 46 0 0 0 0 0 0 0
0 0 27 0 0 34 0 0 0 0 0 0 10 16 0 0 31 0 0 0 0 0 0 0 0 21 96 99 0 0
0 0 0 0 79 0 91 0 29 0 60 0 35 76 0 1 0 58 94 9 0 0 80 0 0 0 0 0 9 0
0 82 0 0 0 42 10 0 0 0 0 0 35 0 0 0 0 5 0 0 0 0 0 0 37 0 0 0 0 0
91 0 0 0 0 0 0 0 0 0 0 91 58 0 0 0 60 0 96 0 0 11 0 0 0 0 0 0 0 0
0 0 0 19 44 0 0 0 44 32 0 0 0 0 0 0 0 0 0 52 0 15 70 0 0 20 0 0 0 0
0 0 0 0 0 0 96 0 0 0 0 0 21 0 0 0 0 0 4 0 0 32 0 94 0 0 71 0 0 0
0 0 0 0 0 0 0 0 0 16 0 0 0 47 0 0 0 0 0 96 0 31 0 0 0 0 0 0 95 0
0 0 58 0 0 0 0 0 0 59 0 71 51 0 0 66 0 0 0 19 0 0 0 98 0 0 0 0 0 0
0 0 0 0 0 68 0 0 0 72 89 11 0 23 38 0 53 88 4 0 0 0 0 0 89 0 0 0 0 0
12 0 17 27 0 0 0 0 0 0 0 0 0 0 0 12 0 0 0 0 0 0 0 0 0 0 0 27 0 0
0 0 0 0 0 0 0 1 0 36 0 0 0 0 83 37 0 0 0 0 0 0 0 0 0 0 61 0 0 0
0 0 0 0 0 0 15 24 0 0 0 60 0 0 0 0 92 69 0 0 45 0 0 0 0 0 0 0 0 0
