0 0 0 0 0 0 58 0 0 0 0 0 67 0 65 0 0 0 0 0 0 0 0 0 0 53 0 0 0 0 30 0 0 0 0 0 0 47 0 22 0 0 81 0 95 0 0 8 0 53
45 0 0 0 0 42 75 7 0 0 0 0 31 0 25 10 4 34 0 0 0 0 13 0 0 0 2 0 0 39 0 0 0 51 3 54 0 70 0 20 0 91 0 0 0 97 0 0 0 62
37 0 0 0 18 0 24 8 0 0 0 0 20 0 23 0 0 0 0 0 48 0 0 0 0 0 0 0 0 32 0 0 0 9 0 0 0 0 0 10 0 0 0 0 0 0 0 0 0 0
0 0 0 0 0 0 63 0 47 0 0 0 0 0 38 0 30 23 0 26 11 0 0 0 0 14 29 0 53 0 0 0 56 0 0 0 0 8 0 0 95 0 0 0 47 0 0 0 11 0
0 0 0 0 0 0 0 0 0 0 50 51 11 0 0 0 0 0 30 0 0 0 0 4 0 0 0 0 43 0 16 0 0 0 47 89 52 0 72 51 0 0 0 22 0 0 0 0 24 35
0 80 3 80 0 59 0 22 72 0 0 0 0 0 0 0 0 83 54 0 0 0 0 0 0 55 6 0 0 88 0 0 0 0 94 0 0 0 0 0 9 0 0 0 0 0 0 0 63 20
0 0 0 14 0 5 0 6 95 0 13 46 0 15 0 0 0 48 87 0 0 38 0 0 50 0 0 0 0 0 29 64 0 45 29 0 84 43 0 48 0 35 0 0 0 0 0 0 0 88
0 0 0 69 0 0 90 0 0 0 0 19 42 54 0 0 34 71 0 0 87 70 0 96 14 0 0 0 0 0 98 0 0 74 0 0 0 0 75 0 0 40 0 0 81 84 0 0 0 0
95 0 93 0 0 10 0 0 62 0 0 0 59 0 0 13 0 32 0 0 0 0 47 0 0 88 0 97 0 78 0 0 0 0 0 94 0 0 0 0 0 0 80 0 0 41 0 0 0 0
6 59 33 20 75 13 0 12 0 77 0 0 0 0 48 0 0 74 0 0 65 0 0 0 10 0 0 0 0 0 67 50 4 0 0 0 0 0 0 0 0 39 26 0 0 0 0 74 0 0
47 0 0 25 0 24 0 0 0 0 0 0 77 0 0 0 0 78 0 15 0 91 85 0 0 98 67 11 88 0 0 0 0 4 0 0 0 0 89 0 16 0 0 0 0 0 0 70 0 0
0 89 0 24 0 26 0 0 38 2 0 0 64 0 58 0 0 16 50 0 0 32 0 80 0 0 0 66 68 53 15 0 0 0 0 0 0 0 0 0 0 70 82 75 48 0 0 0 0 38
0 26 32 0 0 0 62 0 21 0 0 0 49 0 0 5 0 0 27 52 45 0 66 0 0 0 0 19 0 0 0 0 58 0 90 0 0 0 0 0 68 0 0 0 36 0 0 68 56 0
0 0 0 0 0 0 0 0 0 90 36 0 0 0 0 0 61 49 0 0 20 14 0 23 0 36 25 0 0 0 0 0 0 58 0 0 0 0 0 0 0 20 0 0 0 19 0 0 0 0
0 69 77 0 81 0 0 6 0 0 0 16 0 0 0 33 0 0 0 0 0 54 36 8 0 14 18 77 93 69 0 0 0 0 0 0 0 45 24 11 0 0 0 0 0 0 0 54 54 0
0 28 0 0 90 0 0 0 0 0 0 0 0 0 0 0 0 0 0 8 0 53 0 0 95 59 0 0 0 0 4 0 0 0 48 0 81 0 0 9 0 8 0 0 0 53 94 99 0 0
39 18 86 0 0 0 0 0 0 0 91 10 0 0 0 81 88 75 0 83 41 0 0 78 0 0 0 0 32 0 0 64 23 23 0 0 78 0 0 69 0 0 0 0 0 63 0 33 38 64
0 0 0 0 0 0 24 0 50 27 26 0 80 0 0 0 0 15 0 85 66 0 0 0 0 0 0 76 0 74 0 0 0 0 94 33 0 18 51 0 0 81 73 0 88 0 83 18 0 0
0 0 0 6 33 0 24 20 0 0 0 0 12 0 0 48 9 0 0 0 15 0 90 0 0 68 88 0 61 66 0 46 31 0 0 0 0 59 0 0 18 0 0 0 59 0 0 0 0 4
0 28 0 1 0 0 0 0 23 0 65 0 0 79 5 0 0 0 36 0 40 0 67 0 0 0 33 0 8 23 3 0 0 68 89 0 39 0 0 0 38 0 0 0 0 0 0 0 48 0
