22 0 0 0 0 0 0 24 5 0 0 0 79 0 0 33 0 0 0 0 0 0 0 0 0 0 0 0 0 0
0 0 0 0 0 10 0 84 0 0 0 68 0 0 0 0 0 62 14 35 0 82 0 48 0 0 0 0 0 0
44 0 0 0 0 0 0 0 10 26 0 96 0 84 0 0 55 0 0 0 0 0 26 0 87 0 0 0 0 0
0 0 0 0 0 0 0 0 0 52 0 0 0 0 0 0 0 0 0 0 0 0 63 0 0 0 14 0 0 0
0 0 0 0 0 0 0 0 0 43 99 0 0 0 0 0 0 0 0 0 0 0 0 0 0 62 30 76 0 0
0 0 0 0 2 42 0 0 0 0 0 0 49 0 0 0 5 0 0 0 0 0 0 0 0 0 0 0 0 0
0 0 0 0 77 46 28 0 69 84 0 88 0 0 0 0 0 65 10 0 0 80 0 0 0 0 0 0 0 0
74 0 0 0 0 0 0 0 32 0 0 5 0 45 0 0 0 49 0 0 0 0 0 0 0 3 0 0 0 0
0 0 0 38 0 0 0 0 0 0 0 83 0 96 85 0 0 0 0 61 0 0 0 0 0 0 0 0 0 0
27 0 0 0 0 0 18 0 12 18 0 7 0 0 0 0 0 0 0 0 0 0 0 0 0 0 0 0 0 0
