0 0 26 0 0 0 72 77 0 0 37 0 25 0 77 0 0 0 73 0 0 28 0 0 91 0 68 0 18 0
0 81 98 0 13 3 0 70 0 0 0 0 0 0 69 0 86 0 0 0 0 0 9 34 58 0 0 0 0 0
19 14 2 0 38 0 0 0 0 0 0 0 0 73 0 0 95 0 28 0 13 0 24 35 0 59 0 0 0 0
0 89 46 92 77 68 46 15 0 0 0 0 0 73 0 0 0 0 0 0 0 0 0 88 0 0 7 26 0 0
0 0 0 47 0 31 69 0 0 4 0 78 0 0 64 0 59 0 41 27 9 0 0 0 0 0 0 0 0 62
0 0 0 13 0 0 58 0 0 0 0 0 29 54 25 0 0 0 87 0 57 0 0 0 0 0 0 0 29 24
98 47 61 0 0 0 0 0 0 0 0 0 52 74 0 0 0 19 79 0 0 62 0 0 0 0 55 0 0 94
0 0 0 0 13 0 34 0 0 0 6 33 0 0 0 0 0 0 0 0 71 0 0 0 0 0 0 0 0 0
0 0 0 0 0 69 9 0 0 0 0 0 80 0 0 23 0 0 0 7 0 0 0 0 0 13 73 91 43 0
61 0 0 31 0 65 0 0 0 0 0 7 13 0 46 0 0 0 0 0 0 0 44 0 0 80 0 0 0 0
69 89 0 0 0 47 0 0 0 19 0 3 0 0 3 0 69 0 15 0 0 98 26 0 0 0 0 16 0 66
0 21 0 53 0 0 6 83 4 0 0 0 0 0 0 80 0 0 0 64 20 0 0 96 0 36 0 0 14 0
37 0 0 0 22 0 0 65 0 0 83 0 64 99 0 83 0 0 0 0 0 0 0 0 0 0 39 0 2 0
82 28 0 45 0 0 0 0 2 0 0 6 19 38 0 0 54 0 0 0 15 0 0 0 60 75 0 20 50 8
0 75 0 0 0 36 0 0 0 0 10 0 0 0 0 43 0 0 0 74 78 29 0 24 93 50 0 0 44 46
0 69 0 40 0 96 90 2 0 55 0 0 0 81 21 17 0 0 0 0 4 0 0 0 0 0 17 0 0 0
0 0 0 79 0 21 75 46 50 0 0 0 0 0 60 5 0 11 0 24 17 0 31 66 0 67 6 0 39 0
0 53 97 0 6 15 0 0 0 29 0 17 0 0 0 0 0 89 0 0 0 0 5 0 0 0 0 0 0 0
0 0 94 0 27 46 0 0 10 0 0 0 33 75 0 0 0 0 0 0 25 33 59 22 0 0 12 0 0 0
58 0 0 0 0 0 0 0 0 35 0 19 83 0 13 49 0 0 87 0 0 4 0 0 5 0 73 0 0 35
0 0 0 0 0 0 36 0 0 0 88 0 0 0 0 0 0 0 0 0 0 0 0 0 65 18 0 38 0 0
15 0 46 0 91 0 0 0 31 0 0 0 0 0 0 0 24 26 48 67 0 0 0 0 0 52 0 0 0 0
38 0 32 80 91 0 45 0 13 0 0 0 0 0 0 0 62 0 0 0 0 76 0 0 0 0 0 79 0 0
0 0 0 50 0 0 0 61 0 0 0 0 20 0 0 4 0 0 0 0 0 0 0 0 0 0 0 38 0 0
31 0 0 38 0 0 0 60 97 8 20 0 0 0 80 0 97 0 33 0 14 0 0 0 0 0 0 0 0 0
0 0 50 26 0 0 0 39 0 0 96 0 0 80 0 0 67 35 60 0 0 81 0 0 27 0 0 0 0 23
0 0 49 0 0 0 0 0 0 0 21 0 0 0 0 0 30 0 0 21 44 0 11 0 24 0 0 0 0 0
0 0 0 0 0 0 0 20 10 0 42 0 0 32 0 0 4 0 92 44 0 23 0 0 0 96 54 0 32 96
0 58 0 81 6 0 0 0 32 39 0 0 0 0 0 0 6 43 30 0 0 0 85 0 0 0 0 0 0 0
0 66 0 0 0 0 0 0 0 0 73 75 18 0 0 0 19 0 0 0 0 26 0 0 0 0 0 47 59 0
