88 0 0 91 78 0 6 0 27 18
0 0 0 75 64 0 24 0 0 82
0 0 0 0 0 43 41 91 0 0
0 0 0 0 0 60 72 0 0 60
76 0 0 25 0 0 0 69 0 90
0 0 0 0 0 0 59 0 0 16
0 0 0 0 0 0 6 0 17 0
0 0 0 0 0 0 0 0 0 0
0 0 0 0 0 0 88 0 0 0
0 0 2 0 0 53 8 0 0 0
13 80 0 58 0 0 36 44 0 0
0 0 0 0 65 0 76 0 0 0
57 0 0 0 0 41 0 0 0 0
60 0 5 33 6 0 44 0 35 0
84 0 0 0 0 50 59 0 0 0
0 0 5 0 0 0 0 0 0 0
46 0 0 0 0 0 0 0 14 0
0 51 0 24 0 17 55 0 0 0
0 0 0 0 0 66 0 65 18 0
0 34 4 10 69 84 0 66 45 0
0 0 0 0 56 95 0 0 0 40
0 0 0 0 3 0 0 0 0 0
95 89 0 12 0 0 0 0 0 0
0 0 86 0 0 0 0 0 0 53
0 0 0 88 92 0 0 87 4 31
0 0 52 11 90 0 70 0 21 0
0 3 0 87 71 0 34 0 69 0
0 82 0 0 0 0 0 41 0 95
43 0 0 3 0 29 0 0 0 50
0 0 86 22 0 81 0 0 0 0
0 0 0 50 0 46 0 0 0 0
0 92 22 49 0 0 0 82 0 0
0 81 0 0 56 0 0 36 70 0
2 0 0 0 28 70 0 0 27 0
0 0 77 0 0 0 0 58 0 33
0 24 0 0 0 0 0 0 30 0
0 85 0 0 0 96 0 0 0 0
0 86 0 61 64 0 82 0 0 0
0 0 27 6 82 60 0 0 80 0
30 0 88 40 0 0 0 0 42 33
0 0 0 0 0 71 55 0 0 0
57 19 0 0 41 0 75 90 0 76
0 0 0 64 0 0 0 0 0 0
0 0 58 17 98 0 0 0 0 0
55 0 0 30 0 6 60 0 38 0
0 42 0 0 0 0 11 82 0 0
0 0 3 0 0 0 0 0 0 87
34 0 0 54 0 40 74 0 0 64
40 0 0 35 0 0 86 25 0 85
0 0 60 0 0 48 17 0 0 0
