0 0 0 0 0 0 0 0 0 0
0 0 66 61 38 0 0 0 0 78
0 0 76 0 0 0 0 0 88 67
58 0 0 0 0 0 0 0 0 0
0 0 0 0 0 0 0 0 0 0
28 0 2 0 81 66 0 0 9 0
0 0 0 0 68 0 0 0 0 0
0 0 0 0 0 0 0 0 0 0
0 0 75 0 0 0 0 0 0 0
0 43 0 0 0 0 47 0 90 0
0 0 0 0 95 0 0 0 0 0
0 0 4 0 0 0 0 0 0 0
0 0 0 0 66 86 22 10 0 50
75 0 0 0 0 0 0 0 0 0
0 0 0 0 0 0 0 0 0 0
0 0 15 89 0 0 0 0 0 0
0 0 0 0 93 26 33 0 0 0
0 0 0 0 0 0 0 15 0 2
0 0 61 0 0 0 0 36 0 0
0 0 57 0 0 0 48 97 0 40
0 0 0 0 0 0 0 39 0 42
0 0 0 55 0 0 0 0 49 0
0 0 0 0 0 0 0 5 0 35
0 0 0 0 0 0 0 18 0 0
0 0 0 49 49 0 0 0 0 0
79 3 0 0 0 24 0 0 0 87
0 65 0 0 0 0 0 80 0 0
0 0 0 0 0 0 0 0 0 0
0 0 0 0 0 0 42 0 0 0
19 0 0 0 96 5 72 45 0 0
