24 0 13 77 73 0 90 12 0 0 34 0 74 0 0 0 37 0 0 0
0 0 0 42 0 0 54 0 0 0 0 45 0 0 0 0 0 0 0 56
0 0 0 0 0 61 83 0 0 0 0 96 64 0 39 0 0 0 0 0
0 0 0 0 0 0 0 84 45 14 45 0 0 0 96 0 0 0 0 75
0 0 0 0 0 0 0 95 0 0 7 0 0 0 0 0 0 0 0 0
0 0 0 0 24 0 15 0 45 34 0 0 0 0 0 0 9 0 0 0
0 3 0 54 0 0 67 26 0 46 0 0 0 0 0 0 0 0 0 0
0 0 0 0 0 74 0 49 14 0 0 0 0 0 0 14 75 86 0 0
0 0 0 0 0 89 85 0 0 0 0 0 0 0 0 0 0 0 6 0
0 71 55 0 88 0 0 0 0 0 74 24 0 69 0 0 37 2 0 0
0 0 0 0 0 0 47 0 0 0 0 50 0 93 32 0 0 0 11 23
0 0 0 31 0 0 0 0 0 14 0 52 0 74 0 0 0 0 0 0
0 0 0 29 74 34 0 0 0 0 0 0 0 0 0 0 0 0 86 0
0 33 71 0 0 0 0 0 0 0 0 0 0 0 0 0 0 0 63 0
96 0 79 98 0 0 0 0 0 0 0 11 0 0 15 0 0 85 0 0
0 0 0 0 0 0 0 51 0 50 0 0 1 0 0 0 0 0 0 0
0 0 33 0 0 0 0 0 0 0 0 0 0 0 0 0 0 0 34 38
0 0 15 94 0 0 0 7 0 0 0 59 0 0 0 0 0 73 41 0
16 0 0 0 0 0 0 0 0 43 0 0 82 0 0 68 0 0 65 80
0 0 0 76 90 43 13 0 0 0 0 0 0 78 0 0 0 0 0 46
