0 0 0 67 60 0 67 0 0 0
0 16 34 12 37 0 0 21 0 0
0 0 69 0 0 0 0 0 0 0
0 0 0 0 0 0 0 0 46 0
0 0 0 0 0 0 0 0 0 0
0 0 94 0 12 0 0 0 0 0
0 88 0 67 74 0 0 0 0 0
0 0 0 64 0 0 0 0 0 88
0 0 0 0 0 15 53 0 0 0
0 48 0 0 0 0 63 0 0 0
0 0 0 0 0 0 0 34 0 0
14 0 0 0 0 0 0 0 0 83
0 0 0 0 0 0 0 0 0 0
0 0 0 0 0 45 0 0 0 0
0 0 13 0 0 0 0 0 0 0
0 45 92 0 0 0 47 0 0 88
0 0 58 0 0 0 13 0 0 0
73 95 0 0 56 0 0 0 0 0
0 0 0 0 0 90 33 0 0 0
0 6 0 0 0 80 0 0 0 0
0 0 0 0 0 35 0 0 71 92
0 0 0 0 0 0 0 0 0 0
0 0 0 0 0 0 0 59 75 0
8 0 68 59 67 14 0 0 0 0
0 0 0 0 0 0 0 0 0 0
0 10 22 0 0 0 0 58 0 0
22 0 30 0 0 21 0 0 0 0
0 0 0 0 0 0 0 98 0 0
0 82 0 0 0 0 0 43 40 0
0 0 0 0 0 0 0 24 0 0
0 0 0 0 0 0 0 0 0 0
36 0 0 0 0 0 34 51 0 0
0 0 3 49 0 0 0 0 0 0
0 0 26 0 0 0 0 0 0 5
13 0 0 0 43 0 0 0 0 0
0 0 0 0 0 0 0 0 0 0
0 0 95 66 0 0 0 0 0 0
0 0 0 0 0 0 0 0 0 0
0 0 0 0 0 6 0 0 0 0
0 52 0 0 0 0 0 0 0 65
4 85 0 0 42 0 0 0 0 0
0 0 0 95 0 0 95 0 31 0
82 0 12 0 0 0 0 58 0 0
0 0 0 0 17 12 0 0 0 0
0 0 0 0 0 51 0 77 0 10
0 0 0 0 0 0 8 52 0 0
0 0 0 0 0 0 50 0 0 0
0 0 71 0 0 0 0 23 0 96
0 0 0 0 81 0 0 96 0 98
0 0 0 0 0 0 0 51 0 0
