49 89 74 40 0 0 0 0 0 0 70 0 0 0 0 0 0 19 0 84 0 0 0 0 2 75 0 0 42 0
0 0 0 0 0 0 0 0 0 0 0 59 12 67 94 0 0 0 88 0 13 0 0 0 0 0 0 35 0 0
18 0 0 5 0 0 0 0 0 0 0 0 0 0 0 0 45 0 0 0 0 0 0 0 0 0 0 80 2 33
0 0 0 91 0 0 73 0 0 63 0 0 30 0 33 0 0 0 0 0 0 0 0 38 79 27 91 0 64 0
0 25 0 0 0 0 0 0 0 0 0 38 0 0 0 0 0 0 0 0 0 0 49 0 0 0 56 0 55 0
4 73 0 41 0 0 0 2 98 0 0 88 0 56 0 80 75 0 0 40 0 0 0 0 0 0 34 19 0 57
0 4 0 33 0 0 0 69 0 8 0 71 99 0 0 0 0 0 0 0 0 0 0 0 0 61 0 0 31 0
0 0 55 0 0 0 55 0 85 35 0 32 0 0 0 0 0 59 27 0 75 0 31 0 0 79 0 0 0 21
0 58 0 0 0 22 62 68 0 18 14 0 23 0 0 17 0 0 23 0 0 45 0 0 0 0 44 0 65 0
9 0 13 0 0 0 84 0 0 84 0 0 0 0 0 0 0 30 92 0 54 0 0 0 20 7 0 0 0 55
0 32 0 31 0 0 99 0 53 24 0 71 13 0 0 0 0 22 0 70 46 0 0 3 0 0 8 29 0 0
0 0 0 0 0 50 0 0 0 0 18 92 0 0 0 75 0 0 0 8 0 90 61 0 36 0 0 0 50 72
63 38 0 14 71 0 0 0 24 69 0 0 96 0 0 0 0 0 0 60 0 0 0 93 0 0 59 76 0 0
46 0 0 0 0 0 63 5 56 48 0 0 76 0 0 0 85 36 7 0 0 0 24 34 45 8 0 57 42 0
55 0 0 0 0 0 0 0 0 0 0 87 0 0 4 0 0 0 13 0 50 0 0 0 43 0 0 17 0 0
0 20 0 0 0 0 0 0 0 14 0 0 71 0 0 15 0 55 31 0 56 0 0 0 0 0 97 0 0 72
0 0 63 0 0 0 0 0 55 75 0 0 21 0 0 0 0 0 0 0 0 0 78 0 45 0 0 0 0 0
93 0 0 0 0 0 6 0 0 20 56 0 0 3 99 0 0 0 0 33 0 0 0 86 0 0 92 91 0 0
77 20 0 0 65 95 0 6 0 0 0 82 18 0 0 0 0 79 0 0 0 0 0 0 83 92 0 0 0 68
0 0 2 0 13 0 86 59 54 0 0 0 85 0 0 55 49 50 0 0 0 0 63 21 21 0 0 0 0 82
0 9 15 65 0 0 0 0 0 0 0 0 54 0 0 0 24 0 0 0 11 0 0 0 28 0 67 0 0 0
2 28 21 0 84 60 66 73 94 27 0 0 0 0 94 0 0 0 54 30 0 0 0 20 7 0 0 0 0 0
55 0 0 0 84 0 0 58 0 0 92 0 0 77 43 0 0 0 28 58 15 91 0 36 0 0 0 0 86 0
0 0 0 0 0 0 0 0 81 0 0 0 54 24 0 0 0 73 0 0 0 0 0 92 0 0 0 0 0 85
76 82 48 0 19 36 0 23 0 0 51 0 0 0 90 0 0 41 0 95 0 0 0 0 0 0 0 0 0 0
0 0 0 57 43 0 0 0 0 0 0 0 0 0 0 0 0 87 54 6 19 0 0 63 0 0 0 13 0 0
82 0 37 0 0 0 0 19 0 0 0 47 0 96 68 0 0 0 6 75 0 0 0 12 49 0 0 0 0 0
0 0 0 0 70 0 0 44 0 0 0 42 0 0 55 0 86 0 31 45 0 22 0 0 0 0 0 0 3 14
0 0 0 0 0 0 0 0 0 0 0 0 21 24 0 0 0 0 43 31 0 0 0 0 0 85 0 18 0 0
95 82 40 70 0 28 13 58 0 0 0 45 64 77 0 0 0 0 0 0 0 0 0 97 0 0 0 80 77 0
0 0 65 36 0 0 0 57 65 0 0 0 0 92 0 0 74 0 0 67 0 57 0 0 0 0 0 4 0 94
0 91 0 0 0 0 0 58 0 12 66 71 33 59 0 73 42 0 0 0 0 0 1 0 0 99 0 14 0 48
61 0 0 0 0 0 0 0 0 0 0 0 0 0 93 0 0 0 0 0 0 0 0 44 62 48 0 0 0 94
0 2 0 0 0 0 14 87 5 0 71 0 0 0 0 0 0 0 0 0 0 0 0 0 45 0 21 96 0 0
0 0 67 17 42 0 0 15 0 0 0 63 0 60 3 0 0 0 30 0 0 0 31 92 0 0 0 0 0 95
0 0 56 0 28 23 59 34 0 47 0 0 93 0 0 0 0 9 0 44 92 55 0 0 41 0 0 0 0 0
0 0 41 0 0 0 0 6 0 0 0 96 29 0 0 0 0 92 0 48 47 79 0 67 0 0 0 0 0 0
77 0 85 0 0 0 60 30 78 0 24 0 5 11 0 79 0 0 84 84 0 78 91 0 40 0 0 24 0 0
98 0 0 0 85 0 0 74 0 54 0 0 74 0 0 0 14 96 0 17 0 0 0 0 0 0 88 28 0 44
0 0 0 0 0 0 0 0 0 27 22 0 0 0 0 0 2 97 0 58 0 27 0 0 0 0 0 0 12 46
