37 0 0 0 0 0 0 0 0 32 0 32 36 0 0 0 88 0 99 0 86 38 0 0 7 0 0 0 0 0
0 0 0 0 0 0 0 0 0 8 72 0 48 0 0 0 68 28 0 0 0 0 0 0 97 0 0 0 0 0
0 0 91 0 0 0 0 78 82 0 0 0 0 0 0 0 0 0 0 0 24 0 34 0 0 0 30 0 0 0
0 69 4 0 0 0 0 0 0 0 0 0 0 0 0 0 0 0 0 0 0 0 0 4 66 18 0 46 17 0
0 0 90 1 0 0 0 0 0 0 0 0 19 57 92 0 0 93 88 0 0 0 0 0 0 0 0 0 0 0
85 75 0 0 0 0 0 0 0 45 0 3 0 0 0 0 0 0 0 0 47 0 0 0 0 0 0 64 0 0
0 0 31 0 67 33 0 0 19 0 0 0 0 0 0 0 0 0 0 0 0 9 0 0 0 0 60 0 39 0
0 91 4 68 0 19 0 0 0 0 0 38 71 50 0 0 0 0 0 0 0 0 0 0 0 37 0 0 0 0
33 7 0 66 0 0 91 38 0 0 0 0 0 0 0 0 0 70 12 0 46 0 0 0 0 70 0 0 68 0
0 0 0 0 93 0 60 0 12 0 0 0 0 58 5 0 0 33 0 0 0 12 0 0 77 2 78 0 0 0
0 12 0 0 0 0 0 36 0 81 0 0 0 0 0 0 0 0 0 0 0 0 62 25 0 0 0 0 0 0
81 25 0 37 0 88 0 0 11 0 0 0 0 38 0 58 85 0 81 0 0 81 67 0 89 0 0 0 0 0
9 0 0 84 0 0 0 0 0 33 71 6 0 0 0 0 0 0 10 54 65 0 0 0 0 40 71 16 59 0
0 0 43 0 0 0 0 0 58 0 0 92 0 0 0 0 0 0 0 0 0 0 0 0 66 0 0 0 0 0
0 0 0 0 0 0 46 0 0 0 0 0 0 0 0 0 0 0 0 0 77 0 0 0 44 0 24 11 90 0
73 0 0 0 0 0 0 0 0 7 0 60 0 76 0 21 0 0 76 0 0 0 0 0 0 0 68 0 0 18
0 38 0 0 0 0 0 0 0 0 0 0 0 0 0 0 0 0 0 89 0 0 91 0 0 18 56 0 0 24
0 0 0 0 0 0 0 0 0 15 0 0 52 98 90 0 0 0 0 0 0 0 0 84 0 0 0 0 0 0
41 0 0 24 0 0 0 0 0 0 0 0 15 0 0 0 0 19 0 0 0 57 0 0 90 29 0 0 0 0
31 0 0 0 0 0 0 0 0 0 36 0 0 0 23 0 0 3 0 91 0 83 0 0 39 0 0 0 92 0
