0 0 0 0 0 0 0 0 65 0 0 0 0 0 45 0 97 0 0 0 0 0 79 0 0 13 0 0 0 65 0 51 91 9 0 0 4 0 0 13 55 0 0 66 0 51 0 0 0 0
0 0 0 0 0 93 0 0 23 87 0 1 0 0 0 0 0 90 0 0 0 24 0 15 0 0 0 0 0 82 0 0 0 0 0 70 0 0 0 6 0 0 0 59 70 0 0 0 0 0
0 0 0 8 72 0 4 0 0 0 0 0 0 0 34 0 83 32 0 0 47 0 73 2 0 0 0 2 0 37 0 0 35 0 0 0 66 0 36 0 0 0 0 63 0 0 51 0 0 0
0 0 0 0 0 94 0 0 47 0 0 0 48 91 53 0 0 0 0 0 0 0 0 0 0 0 0 0 0 60 64 0 0 0 0 19 0 0 0 0 0 0 51 0 2 0 72 0 22 0
0 0 0 0 0 0 0 0 0 0 0 0 0 0 63 23 0 0 0 69 0 0 50 24 0 0 0 0 0 64 0 52 0 0 0 26 0 0 0 0 0 75 0 0 59 29 83 0 36 12
96 0 0 85 0 0 0 4 0 84 0 0 0 0 0 0 89 0 0 0 0 0 46 0 0 0 8 0 35 0 0 57 0 2 39 0 0 0 57 0 35 0 0 0 0 0 0 0 52 0
0 0 81 0 93 24 99 0 0 0 17 0 0 0 0 0 0 57 0 45 67 0 0 52 0 0 0 0 0 0 0 0 43 0 0 0 0 0 0 0 55 92 43 39 0 66 71 0 0 0
0 0 75 0 0 41 0 52 0 0 0 0 0 0 0 68 0 0 0 0 0 22 0 0 0 0 0 46 0 85 0 0 0 51 24 0 0 0 0 0 0 81 0 0 43 69 91 5 0 0
37 0 0 70 9 89 0 0 0 0 0 0 0 0 0 0 0 16 0 29 0 95 0 0 13 0 0 21 0 0 0 0 0 0 0 25 0 0 0 0 0 0 37 0 0 0 0 0 0 0
0 0 0 0 59 0 95 0 0 0 0 0 0 0 0 0 0 0 0 0 0 0 0 0 0 0 66 0 0 0 0 0 0 0 0 0 82 0 0 12 0 0 0 76 0 11 41 0 96 16
0 0 0 0 0 0 0 0 0 43 0 0 0 0 81 0 27 5 33 34 0 0 0 20 0 0 0 0 0 0 0 0 0 0 0 46 0 0 0 0 0 0 8 0 0 0 36 0 0 0
0 0 40 32 47 0 0 0 0 0 84 0 83 0 81 0 77 0 0 0 0 53 0 0 0 75 63 0 0 0 0 1 0 0 0 0 19 89 0 0 0 0 0 1 0 42 91 0 0 0
36 0 0 0 49 33 0 0 0 0 0 0 0 16 39 0 0 0 0 0 0 0 0 0 0 0 0 71 0 0 0 11 66 0 0 0 0 0 90 0 0 98 0 0 76 14 0 0 0 70
0 0 0 0 0 0 0 22 0 0 0 0 0 0 14 74 0 55 22 0 0 0 0 0 0 0 0 92 0 0 0 9 59 0 64 0 0 0 0 0 0 0 0 0 0 0 0 0 37 0
85 0 0 0 0 0 0 0 0 74 41 0 0 0 0 0 0 0 55 0 0 0 0 0 0 0 0 0 0 0 0 0 0 0 60 0 9 0 0 0 37 0 69 0 0 0 0 0 0 57
0 0 97 0 37 0 0 0 0 0 0 0 0 0 0 0 0 0 0 0 0 71 98 0 0 0 45 0 0 0 0 62 0 11 0 0 0 0 0 0 60 76 12 0 0 0 0 0 0 0
0 14 0 0 0 0 0 0 0 0 0 50 0 0 0 0 0 0 99 0 0 0 0 0 0 0 0 0 0 86 40 0 0 0 0 76 0 89 0 0 0 80 12 23 0 0 91 0 0 59
0 0 0 0 0 0 0 0 0 0 14 0 0 0 0 0 0 0 93 21 36 0 49 55 0 0 0 0 0 0 35 0 0 0 0 73 37 46 0 2 0 35 0 0 0 0 0 0 4 0
46 0 44 0 0 0 0 0 0 0 0 0 0 90 0 10 0 0 0 0 0 0 59 0 0 35 0 0 0 0 0 0 33 68 0 0 0 0 0 0 0 0 0 0 0 0 80 0 0 0
0 0 66 0 0 0 29 57 0 0 0 0 0 0 0 77 0 0 0 0 0 0 95 0 53 0 0 0 0 3 0 0 0 0 30 0 86 0 0 0 0 0 0 68 0 0 0 16 0 0
