0 0 0 50 0 0 93 0 24 0 24 27 0 0 0 75 45 99 0 0 7 0 0 0 65 0 0 0 0 0 0 48 50 0 0 0 0 80 0 47
70 0 0 0 0 67 10 42 0 85 0 0 20 0 0 0 54 89 0 39 0 41 0 0 0 0 0 0 0 0 26 62 0 0 44 74 0 0 0 35
87 0 0 27 0 61 0 0 0 0 0 70 0 0 41 0 0 0 0 0 0 0 19 0 0 0 0 0 52 87 0 0 0 0 13 0 0 0 69 71
17 91 0 70 0 0 0 0 86 0 79 0 17 89 0 0 0 5 0 0 0 0 0 0 0 0 0 67 0 0 0 12 0 0 0 20 0 56 0 80
47 0 92 0 63 90 18 0 0 0 97 0 0 0 0 0 89 91 81 0 36 0 0 0 80 0 75 25 0 38 0 0 22 0 79 5 0 72 97 33
44 19 36 0 0 0 32 0 12 0 0 0 0 0 0 0 0 0 98 0 0 0 0 0 0 0 0 77 0 58 44 44 0 0 27 0 76 0 0 27
0 0 0 67 0 0 0 0 6 0 0 0 0 0 0 60 0 0 56 0 35 97 0 0 67 0 0 0 0 0 45 92 68 7 73 0 0 0 0 16
0 89 85 0 0 0 23 18 0 0 0 0 0 95 72 64 0 86 0 0 88 0 0 0 40 0 0 0 0 0 0 0 93 75 98 0 0 0 0 0
0 16 0 87 5 0 64 0 0 0 30 0 0 18 0 0 0 0 67 0 18 0 61 85 0 0 66 0 0 0 0 15 0 5 0 0 85 0 0 43
36 58 0 43 0 43 0 0 0 0 84 96 0 67 0 0 0 0 0 0 51 0 70 80 98 96 0 0 0 0 0 63 0 0 0 47 54 0 9 0
0 0 0 0 0 0 0 0 56 0 28 0 0 0 0 0 0 0 0 0 0 0 0 73 0 8 0 65 0 0 0 0 0 89 0 0 0 0 0 0
0 0 0 79 0 0 0 99 0 0 0 49 0 0 91 0 0 0 52 0 0 3 0 75 0 0 0 94 0 0 72 0 0 0 0 0 0 0 59 0
83 2 8 0 67 0 11 0 33 0 0 84 66 0 0 38 0 0 0 0 90 0 0 58 0 0 0 97 0 51 0 63 0 0 0 58 99 0 0 35
0 99 18 0 0 62 0 0 89 0 96 21 0 0 78 0 0 6 0 0 0 0 0 0 81 50 0 19 0 22 0 0 0 0 0 0 0 36 0 0
0 0 0 0 0 0 0 0 72 0 0 0 0 40 0 0 70 0 0 36 0 0 0 0 0 0 0 0 0 0 0 0 0 0 0 33 19 0 0 0
0 51 0 44 0 0 0 0 0 71 0 74 0 0 94 0 0 0 60 0 0 0 0 0 92 0 59 0 61 0 0 0 0 25 0 0 0 0 0 0
70 72 60 82 0 0 0 18 0 4 0 0 0 7 71 0 59 0 0 0 0 0 0 0 31 0 0 0 0 0 0 0 74 0 84 73 0 0 0 0
0 0 0 92 0 0 50 0 43 0 0 0 0 0 74 0 0 0 0 0 0 0 0 69 0 17 0 92 0 0 50 21 42 97 0 96 0 0 62 0
0 0 0 0 0 0 37 0 0 68 0 0 0 32 19 0 0 0 96 18 48 47 0 0 0 74 78 0 0 0 0 0 97 5 36 0 99 0 0 0
0 35 59 52 0 0 0 0 0 97 0 88 0 0 10 0 75 0 0 94 0 0 0 0 46 0 0 0 8 0 0 30 0 0 0 0 94 0 0 0
0 0 66 30 0 0 0 72 51 82 0 0 55 0 79 0 39 0 0 6 0 0 97 0 0 4 65 0 28 21 0 46 0 0 0 0 0 0 10 0
0 38 0 33 0 0 0 0 31 0 68 93 94 0 0 0 0 38 59 0 0 0 0 0 88 55 0 0 0 0 0 0 0 0 0 95 20 12 0 0
1 48 0 95 76 27 0 0 10 0 0 87 0 48 0 35 0 96 7 0 97 0 34 0 0 0 0 0 57 8 0 0 0 38 0 0 0 0 0 0
0 33 0 25 0 0 0 59 0 0 0 0 0 0 0 0 0 88 2 33 71 45 0 25 0 0 0 0 0 79 54 13 0 0 0 0 0 0 0 0
0 0 0 0 0 32 0 28 81 0 40 0 0 0 0 83 0 0 0 82 0 5 0 0 0 46 0 0 44 84 0 0 0 0 0 0 0 48 0 0
0 42 0 0 0 24 0 0 0 77 38 0 0 23 0 54 0 0 0 0 0 49 0 0 51 0 0 0 69 96 0 89 0 0 93 87 61 0 0 41
0 69 0 0 34 0 86 75 63 0 0 67 0 0 0 0 0 0 1 93 8 0 0 0 0 0 0 97 97 90 41 0 0 78 69 5 0 71 0 0
1 0 39 0 41 0 0 81 10 0 51 0 0 0 0 81 17 0 0 0 1 0 48 0 0 0 0 0 0 0 0 0 0 0 21 68 0 0 0 0
0 0 32 0 0 0 43 48 0 0 0 0 0 0 0 3 0 0 0 0 0 0 0 79 0 0 0 91 0 36 0 0 0 0 0 0 0 34 0 0
0 0 0 0 0 3 33 48 0 0 0 0 0 25 0 0 0 9 84 8 52 0 0 90 0 0 97 0 20 0 0 1 0 2 87 0 0 0 46 0
68 0 0 0 0 0 0 0 0 0 81 0 58 95 0 16 0 50 0 81 0 0 0 36 0 90 21 0 0 0 0 59 0 0 0 1 6 60 0 0
14 0 0 54 95 0 16 74 0 0 0 0 0 0 29 0 11 74 45 27 0 0 0 4 0 0 0 80 63 34 0 38 18 0 0 0 0 68 39 0
0 47 42 75 0 0 0 0 0 0 0 32 0 0 0 63 0 0 0 0 35 0 17 0 0 0 0 0 39 27 0 49 0 45 0 5 0 17 0 22
0 0 0 62 0 61 0 0 0 0 25 80 0 0 0 0 0 96 59 0 70 0 0 0 40 19 0 0 0 18 22 0 0 0 0 0 16 11 36 0
0 0 0 0 0 0 0 0 0 0 0 27 0 0 0 0 74 0 0 0 0 0 38 0 0 0 0 0 3 0 0 0 0 0 0 70 0 0 31 0
0 0 0 0 0 58 0 0 73 0 88 0 0 0 0 54 0 96 0 16 0 0 94 0 15 56 0 0 0 96 0 0 0 84 0 47 0 0 83 0
0 0 44 0 0 43 32 0 15 42 0 0 77 23 1 20 33 0 0 0 0 0 51 0 71 70 0 0 0 79 0 0 0 0 65 0 48 0 0 29
0 0 0 0 0 0 0 0 0 41 0 36 0 43 54 94 0 4 0 0 18 0 0 0 0 0 0 0 78 0 0 0 0 0 0 69 94 81 0 63
0 0 53 0 0 0 93 0 0 85 9 0 0 0 0 86 10 0 0 0 88 0 0 0 0 85 0 0 26 0 59 7 0 35 33 0 0 91 0 0
0 0 0 0 22 0 0 0 0 0 66 0 8 0 34 0 0 0 13 76 27 0 0 87 0 10 0 0 0 0 64 0 0 0 0 32 38 34 90 0
0 10 0 6 1 0 73 0 0 0 11 0 0 0 43 38 93 0 0 13 76 0 0 0 66 0 0 0 90 0 0 0 87 0 0 0 0 0 0 0
11 0 0 49 0 0 0 0 0 0 0 0 0 64 0 7 0 73 0 0 21 0 0 62 56 0 0 4 0 0 0 0 0 0 14 0 14 92 0 0
0 0 0 94 0 0 0 63 76 0 0 0 93 72 26 0 81 0 68 64 2 23 0 0 71 0 27 0 0 0 35 0 0 0 76 94 0 0 80 0
0 7 0 58 0 16 0 0 65 0 0 0 0 0 0 48 0 27 0 0 0 59 0 0 0 0 0 0 41 0 0 0 0 47 0 0 69 2 70 0
0 43 76 0 0 96 0 0 0 89 92 35 0 0 54 68 0 0 0 0 0 50 0 54 18 16 0 0 42 0 0 38 0 0 0 0 64 0 0 0
21 0 0 0 0 0 72 0 0 60 23 0 0 79 0 23 75 0 0 0 0 0 0 62 0 71 0 0 4 0 20 0 17 33 9 0 0 0 0 0
0 0 98 77 0 0 79 0 29 0 0 0 0 51 0 3 0 95 0 0 29 0 21 0 0 0 0 0 0 0 0 12 0 0 0 0 0 0 0 0
0 3 0 61 0 0 0 0 0 30 0 84 10 0 44 0 5 0 0 0 0 56 52 68 0 74 5 17 0 0 0 0 0 0 0 58 0 0 80 0
0 0 28 0 0 0 98 10 64 0 0 0 0 83 0 85 0 5 0 0 0 0 0 0 0 0 73 0 19 0 34 0 0 0 84 46 59 73 0 0
0 0 0 11 0 0 0 35 7 0 19 0 0 0 0 0 91 0 2 0 92 0 16 0 0 0 8 42 19 0 0 0 0 0 0 0 0 4 0 22
