94 16 44 0 52 0 0 92 25 0 0 0 29 0 0 96 50 80 62 0 0 69 0 0 0 0 72 0 0 0 0 0 94 0 0 0 17 0 0 0
14 0 48 0 24 0 0 0 0 90 32 17 0 99 54 95 0 0 38 0 0 0 0 0 0 0 65 0 18 0 0 0 0 0 62 3 61 0 0 55
0 12 79 0 0 0 56 0 88 0 4 91 90 26 79 0 0 0 18 0 11 0 0 0 0 58 56 0 0 13 0 0 0 0 0 0 0 0 8 61
0 53 0 0 0 82 0 0 0 97 0 85 0 0 10 0 72 42 0 0 0 0 0 21 55 0 0 56 13 0 48 0 0 0 5 9 0 0 0 0
0 0 0 0 0 0 0 0 0 39 6 44 62 0 76 26 0 0 2 0 0 34 32 93 0 93 20 9 0 0 57 0 0 0 0 91 52 0 0 0
0 0 0 0 0 0 0 0 0 0 0 0 0 96 84 21 0 0 0 0 19 0 0 0 88 0 66 0 50 55 0 0 0 0 0 0 32 0 96 0
0 0 0 12 0 0 0 80 0 0 0 46 0 40 0 0 0 82 0 95 0 0 0 20 0 0 26 0 0 34 0 0 78 0 0 86 0 0 0 0
0 0 0 70 51 27 73 0 36 0 0 0 0 98 0 0 0 16 0 92 0 0 0 0 87 87 0 38 0 0 0 97 0 0 0 32 0 99 0 0
0 0 0 0 0 0 0 0 86 84 0 0 0 85 0 19 64 83 0 0 0 0 82 0 88 51 0 80 74 0 84 0 0 57 0 0 31 0 0 0
0 0 0 0 89 0 65 0 0 0 0 13 65 0 0 84 0 0 25 0 0 0 0 0 0 0 5 12 0 0 79 89 0 0 0 80 0 57 0 72
79 78 0 0 30 12 0 0 0 0 0 0 43 0 60 47 0 0 0 33 32 0 0 36 97 0 75 0 0 38 0 0 0 0 0 92 0 0 0 0
0 0 0 0 0 0 0 0 0 0 0 0 0 0 0 50 0 64 0 62 71 0 0 0 0 0 0 0 0 0 28 0 0 34 0 0 21 0 0 0
0 0 0 97 46 0 0 10 0 0 49 0 0 79 0 0 0 32 71 0 27 0 0 0 66 0 0 0 0 94 0 0 0 59 0 0 19 58 0 89
0 0 0 0 0 37 0 0 12 0 14 0 47 0 94 76 0 0 59 0 0 0 0 0 0 54 0 89 0 0 0 0 93 5 0 81 0 0 0 0
0 0 0 69 46 0 0 32 55 0 11 0 15 0 0 0 0 0 56 0 0 7 0 0 13 0 0 97 36 0 0 0 79 84 41 80 17 0 0 0
0 0 36 0 53 0 0 0 93 98 0 82 98 35 0 58 0 0 91 0 0 0 0 0 0 82 0 0 0 57 0 2 0 0 0 0 0 0 0 0
76 13 32 0 0 0 0 0 0 0 0 0 4 9 0 69 0 21 0 40 0 0 0 0 0 0 11 75 0 0 0 0 0 0 0 83 63 97 6 21
96 65 0 0 0 0 0 0 3 0 73 0 82 0 0 86 0 0 20 85 0 0 67 0 0 0 88 54 0 0 25 0 37 0 0 0 0 0 0 74
0 0 0 0 0 64 0 0 0 96 0 0 0 0 0 0 0 0 0 92 0 0 0 0 0 41 0 69 0 41 0 0 77 0 93 0 0 19 0 0
54 0 56 67 0 0 38 0 0 63 49 0 0 0 0 0 0 0 42 0 0 0 76 82 0 0 0 71 0 0 0 0 0 27 0 88 0 6 0 0
