0 0 0 13 0 0 0 0 0 0 0 0 0 0 68 69 0 62 0 0 45 0 0 0 0 64 0 0 0 70
0 0 76 0 0 0 39 40 0 83 0 92 0 0 0 40 0 0 0 0 0 0 0 0 0 0 0 0 0 0
0 0 0 66 0 0 0 0 0 47 0 87 0 0 0 58 0 0 0 0 0 0 0 0 0 0 0 0 0 83
0 0 0 0 26 0 91 46 0 0 0 0 0 0 61 0 0 0 0 32 76 0 0 0 48 76 0 0 0 0
0 9 0 51 0 0 0 0 0 0 65 81 38 0 62 0 0 0 0 0 66 7 0 0 79 18 0 0 0 0
70 0 0 0 45 0 0 0 0 44 13 0 0 0 0 17 22 0 0 0 0 0 0 87 0 0 52 0 0 42
0 0 0 0 56 0 36 0 4 0 0 6 98 0 0 0 0 0 0 98 56 0 0 0 0 0 74 0 0 0
0 0 63 0 0 0 0 0 0 12 0 0 0 0 0 29 0 97 5 0 0 90 0 0 10 0 88 0 5 0
0 0 0 0 0 90 0 0 0 0 0 0 0 0 0 67 0 67 0 0 0 0 0 0 47 0 0 42 0 62
0 0 0 0 18 0 0 0 12 0 51 0 0 0 0 0 0 10 0 32 0 0 0 98 0 74 0 0 0 0
