92 91 0 0 97 0 0 0 9 0 86 0 0 66 0 0 0 73 0 18 0 0 0 0 30 0 93 4 0 0 0 0 0 1 55 0 0 74 0 43
0 0 0 85 0 0 0 0 4 0 0 12 0 0 0 0 0 0 0 0 8 15 0 0 0 46 0 38 0 0 0 50 0 0 63 0 47 0 93 26
0 0 0 87 0 62 37 0 6 0 0 0 0 0 24 72 0 19 0 0 0 0 0 0 59 0 84 0 0 0 52 50 0 0 0 0 94 24 0 0
47 0 80 0 16 46 37 0 0 62 0 0 6 0 0 0 6 86 0 0 0 0 0 0 38 3 51 0 99 90 0 17 72 0 0 51 0 0 0 62
0 0 50 0 0 0 0 22 0 0 4 0 0 80 0 0 0 14 0 49 0 0 26 54 0 0 0 0 0 0 0 0 63 35 34 89 56 53 0 92
0 0 0 0 0 0 0 0 88 0 0 0 15 91 0 27 74 0 0 97 0 0 46 0 50 0 0 0 0 63 0 60 0 20 0 14 98 0 0 0
0 0 0 0 0 0 52 0 47 0 0 0 0 63 9 0 0 55 0 0 0 0 0 0 0 0 0 0 0 0 0 0 0 45 0 0 0 0 1 14
0 0 0 0 0 0 68 0 12 24 0 95 66 13 6 0 0 15 0 0 32 0 0 83 0 0 0 0 0 0 76 50 0 0 0 0 0 55 0 0
0 71 0 81 87 0 0 59 0 0 38 16 62 0 0 0 0 0 0 0 72 0 0 0 48 99 0 0 0 0 44 34 0 53 5 0 0 0 18 61
24 0 23 0 43 0 0 7 0 0 67 5 0 0 0 0 46 5 0 0 0 0 96 0 0 8 0 0 0 0 0 0 0 0 0 0 46 0 0 0
0 65 0 3 0 0 0 0 77 28 47 0 0 17 0 0 0 0 0 12 0 19 0 23 0 0 0 8 0 0 0 6 0 0 0 0 0 0 15 0
0 0 0 0 49 26 0 0 0 4 0 20 0 0 0 0 55 0 0 0 0 0 0 0 0 0 0 0 0 0 42 0 0 29 0 73 0 0 0 0
37 0 0 97 0 0 40 0 0 0 0 57 0 0 40 0 60 96 15 51 0 0 0 0 29 0 0 49 0 0 0 16 0 0 0 0 88 0 70 0
0 0 0 91 0 0 0 0 0 0 0 44 0 66 91 0 60 65 0 0 0 64 0 0 0 66 0 0 0 0 0 0 0 0 0 0 0 0 0 5
0 35 0 0 0 0 0 49 0 85 12 0 0 50 0 0 0 0 40 0 0 0 0 52 0 0 0 0 0 7 90 87 0 18 0 6 0 41 79 0
0 0 0 0 0 0 0 91 0 39 0 0 0 15 0 0 0 0 2 0 0 17 0 18 0 10 84 10 83 0 93 44 0 0 0 0 9 0 29 13
0 0 93 0 0 69 0 7 0 66 0 18 0 34 6 0 0 80 0 0 0 0 1 0 0 0 0 0 0 66 0 61 42 0 0 40 0 0 0 0
21 0 0 39 0 0 0 0 0 41 28 0 37 0 0 0 67 0 83 0 67 0 0 0 0 0 81 0 0 0 0 0 0 0 0 0 0 94 0 47
0 0 0 0 0 0 12 0 0 0 0 0 0 0 98 0 20 0 0 0 21 61 0 0 0 0 0 9 0 0 0 31 86 96 0 58 0 0 9 90
0 74 0 51 0 0 0 0 0 2 0 0 0 83 80 0 0 0 0 57 60 36 16 0 0 0 0 0 0 0 0 0 72 0 0 0 0 60 49 0
0 0 0 84 0 58 61 0 81 0 0 0 0 0 76 0 0 0 0 0 63 0 0 0 0 41 74 0 54 0 49 32 29 97 0 67 0 0 0 6
0 0 0 0 0 0 0 64 0 0 0 0 0 0 0 0 5 0 60 0 0 0 22 0 0 16 29 0 90 0 81 0 0 0 0 0 0 0 0 4
42 0 0 93 14 0 0 65 0 0 50 65 0 6 89 0 0 89 95 97 0 27 0 0 9 10 83 86 0 0 0 48 0 0 0 15 0 0 0 4
0 0 0 0 0 98 26 0 26 0 0 95 0 0 0 37 0 3 0 94 0 35 0 4 0 0 0 0 0 23 0 0 0 0 39 0 0 81 10 0
0 72 0 11 8 0 0 65 0 64 0 0 97 0 16 0 0 0 75 87 0 29 0 0 74 10 0 0 0 0 0 0 0 0 0 0 83 76 0 25
51 0 0 0 0 3 66 0 0 77 0 0 87 82 0 0 8 57 0 20 0 0 0 31 0 9 87 0 2 0 0 0 52 94 93 0 30 97 0 0
0 0 0 0 0 15 0 0 23 0 63 0 0 0 0 0 66 55 87 0 0 0 72 36 86 50 0 0 0 0 0 0 0 0 96 0 0 50 0 10
23 32 0 2 0 0 0 0 89 67 53 0 0 0 0 0 58 4 66 24 0 0 6 0 50 93 5 0 0 0 27 0 0 0 0 0 0 0 40 0
0 2 40 21 0 0 0 25 25 81 73 68 0 0 2 0 22 95 97 0 0 0 0 6 0 0 0 0 0 40 0 33 0 0 0 0 0 0 0 0
0 48 72 0 0 0 0 0 0 11 0 26 0 0 5 0 87 61 0 0 86 76 0 0 30 0 0 0 0 0 0 0 0 0 0 0 0 0 0 68
55 52 0 0 0 17 12 77 80 49 0 43 15 0 0 0 0 0 0 0 0 0 50 0 0 0 0 31 0 78 24 0 0 4 0 0 0 0 0 3
0 0 51 0 0 0 65 92 0 63 0 0 0 82 22 0 77 0 0 8 0 0 0 0 0 93 22 0 0 45 0 0 0 0 0 0 0 0 0 77
53 67 0 0 0 0 0 0 0 6 0 5 0 36 0 0 0 0 0 0 0 0 68 0 0 0 58 48 0 0 0 0 0 72 16 0 0 90 0 26
0 0 0 0 0 0 0 19 0 40 91 0 0 0 0 0 0 0 0 0 0 0 0 15 0 0 0 42 0 11 0 0 0 0 0 0 0 94 37 98
0 0 0 59 0 0 0 34 0 71 0 0 0 52 0 67 99 0 25 0 0 0 0 0 0 96 0 0 39 0 62 86 65 0 47 0 0 0 0 55
0 96 0 0 0 0 0 0 0 0 85 0 0 0 0 0 0 92 98 0 33 0 37 46 0 67 46 81 88 27 0 0 0 0 0 0 0 0 0 0
54 0 0 49 93 0 0 0 0 0 0 0 0 44 0 0 0 0 0 91 31 7 0 0 0 0 0 0 0 38 0 0 0 0 0 0 37 69 46 0
10 0 0 0 0 45 92 61 44 36 0 0 0 0 0 73 0 0 0 0 0 0 95 4 48 35 0 0 0 0 40 0 99 25 0 0 28 0 0 26
0 0 84 0 0 0 0 29 0 93 0 16 10 8 0 0 0 87 51 91 88 0 0 31 0 0 0 0 0 0 0 0 0 67 0 0 0 0 95 0
28 0 0 0 47 0 8 0 1 0 0 0 0 0 0 0 0 0 0 0 1 85 0 0 0 0 0 4 0 0 0 0 0 51 0 39 0 0 0 0
84 18 0 0 43 70 0 0 0 0 0 0 63 86 69 80 0 0 0 0 0 9 39 0 13 0 0 0 0 50 0 19 5 0 0 31 0 98 0 0
0 69 59 92 0 0 52 0 0 0 0 47 30 25 4 86 55 49 0 0 79 34 58 75 0 64 81 68 0 0 15 16 33 40 0 0 0 0 0 0
0 61 76 5 37 0 0 0 44 0 0 0 0 0 0 31 0 0 52 18 0 30 34 86 0 0 81 18 0 35 0 0 0 0 91 0 59 42 13 67
0 0 0 0 0 0 0 0 0 51 0 0 0 0 0 77 0 0 15 0 0 61 0 84 0 0 0 0 20 0 0 0 0 0 0 0 0 0 0 0
58 0 0 0 0 0 71 37 0 64 0 0 0 0 0 0 0 42 40 0 0 0 97 0 0 0 13 0 0 0 0 0 0 0 0 1 0 0 0 32
52 0 6 0 56 0 0 36 45 38 0 68 3 0 0 83 0 0 0 0 0 27 0 14 23 0 0 0 0 0 25 0 0 0 0 0 0 0 59 0
0 0 76 78 69 0 0 0 0 0 0 24 0 0 0 54 0 68 21 13 78 0 64 0 0 0 0 0 0 71 0 0 36 10 0 0 0 0 0 64
0 42 91 73 0 39 0 0 62 67 0 0 0 98 47 84 13 0 93 90 0 0 1 0 0 0 0 0 0 0 29 0 12 50 0 0 20 26 0 0
0 0 50 0 0 0 0 52 0 0 63 0 0 0 0 0 94 53 0 92 0 0 0 0 0 0 0 0 0 77 47 0 33 0 0 9 55 0 0 4
0 0 0 34 14 0 0 0 0 0 16 0 0 0 0 0 25 95 0 0 30 0 0 0 88 0 0 87 0 46 0 0 97 0 29 0 0 0 0 0
