0 0 0 0 0 0 0 69 0 0 0 69 0 0 0 78 34 0 21 0 0 0 45 87 0 0 0 0 49 6 0 71 24 24 0 0 77 0 0 34
9 0 28 0 0 0 0 0 82 0 0 0 0 0 0 58 23 0 95 3 0 0 0 96 86 29 3 0 88 0 0 0 0 52 0 95 57 0 0 0
0 0 0 17 0 84 1 60 0 63 22 0 53 0 0 0 41 0 69 0 0 0 0 0 62 0 0 15 96 0 0 0 18 0 24 0 15 0 0 0
0 24 0 60 12 82 0 0 0 0 0 0 0 0 0 70 0 0 0 0 97 0 0 45 0 63 0 75 0 0 0 0 0 6 0 0 0 0 73 0
0 3 0 0 0 20 0 14 0 0 61 0 0 0 0 0 0 38 0 0 39 25 0 0 41 0 0 50 0 91 0 0 0 0 0 0 0 10 0 5
0 95 0 0 55 17 84 0 0 0 0 0 47 0 0 8 0 0 0 0 44 5 82 48 0 61 0 0 0 0 6 33 11 0 0 74 0 0 56 50
0 94 0 0 76 0 77 0 0 0 0 0 0 61 0 0 0 0 0 0 50 88 0 5 21 95 27 0 0 35 0 0 0 0 0 0 54 0 0 0
82 20 0 0 20 0 62 0 72 0 0 0 0 0 0 0 0 61 0 0 50 0 12 84 0 9 0 0 0 0 16 0 0 0 0 0 0 0 0 62
0 0 52 0 0 0 0 66 74 0 0 0 0 0 0 37 36 0 93 0 3 82 0 11 53 0 0 0 0 0 55 0 0 0 0 57 11 0 0 0
0 0 10 0 0 0 0 0 0 0 0 16 36 0 4 76 31 0 0 29 0 0 0 81 0 0 0 0 0 0 0 0 0 0 11 44 0 0 73 29
