0 0 0 0 23 0 94 61 52 97 54 30 0 0 0 0 95 0 0 0
0 52 0 13 0 0 0 0 0 0 63 0 0 64 0 0 0 0 38 34
50 0 0 0 45 86 0 70 0 0 0 0 0 0 0 82 0 74 0 87
27 0 0 0 0 0 0 60 0 0 70 0 0 0 0 0 43 65 0 0
32 0 39 0 0 0 0 0 0 0 0 0 73 60 4 0 49 0 0 0
2 0 53 0 11 83 0 0 0 18 0 0 0 22 52 99 0 79 0 0
0 18 0 0 0 0 0 0 0 0 0 0 0 0 57 0 89 68 0 3
0 0 0 0 47 79 62 0 0 31 31 0 81 0 0 0 0 0 0 0
40 13 0 0 0 0 19 0 0 0 18 0 0 47 0 0 0 0 0 39
0 80 98 0 82 67 35 0 19 5 1 0 0 0 0 82 78 0 0 0
0 0 70 0 0 0 41 34 0 94 50 30 0 0 0 0 72 0 0 85
0 0 0 96 0 91 0 46 0 0 7 0 0 0 0 18 0 0 0 0
8 52 71 0 70 0 49 0 0 0 33 0 0 49 0 0 81 0 65 0
0 0 17 0 0 0 9 0 68 44 3 0 0 0 56 0 11 81 0 0
0 0 0 0 0 0 59 17 0 0 0 63 56 32 34 0 49 0 39 0
0 0 0 0 0 0 0 0 0 0 0 27 0 0 68 8 85 0 0 0
0 70 0 0 79 0 0 0 0 0 0 0 18 0 0 0 0 0 0 0
0 0 79 0 0 76 0 61 0 38 0 0 0 38 0 0 0 0 0 0
0 0 0 0 0 0 0 0 94 2 0 47 0 94 66 86 96 42 0 63
12 0 0 0 21 0 0 42 0 0 0 0 0 4 0 0 0 0 0 55
