0 0 37 0 84 0 0 30 35 94 0 85 0 36 0 0 0 54 0 89
0 0 42 0 0 94 57 61 0 67 0 0 0 11 0 0 0 86 0 72
0 0 0 42 0 0 46 40 47 0 20 0 0 0 0 0 0 0 80 0
0 0 0 0 40 16 0 0 57 28 0 38 0 0 0 75 0 0 0 34
0 0 32 0 0 48 0 8 75 0 0 0 60 0 26 0 83 35 0 0
59 0 75 26 67 25 0 34 0 0 0 0 0 0 52 36 0 37 0 0
0 0 0 0 0 56 0 0 0 98 0 32 49 0 0 72 0 0 0 0
46 0 0 0 0 0 0 30 0 0 0 0 8 16 0 0 0 0 0 0
23 0 85 0 0 1 0 15 0 13 0 0 0 0 0 0 76 0 0 0
0 0 0 0 1 59 0 50 0 0 1 64 0 76 0 0 94 0 5 0
0 7 0 0 0 1 0 40 0 0 0 0 0 0 30 0 0 0 8 0
0 0 55 0 0 0 0 0 0 43 0 33 0 0 0 0 0 0 28 0
57 0 9 89 0 0 0 0 0 0 0 0 0 0 0 0 0 0 0 71
0 80 13 0 0 0 0 49 27 72 0 0 0 0 55 0 0 0 0 28
95 0 0 0 0 0 0 80 0 69 34 0 46 58 0 6 0 0 0 1
0 16 54 0 0 15 3 86 0 87 0 0 0 34 0 0 38 0 0 0
80 9 0 62 0 0 0 0 0 61 0 0 30 0 51 0 0 5 23 52
0 0 0 84 0 0 0 0 0 0 0 0 0 0 0 50 37 0 43 93
30 51 0 89 31 0 0 70 93 0 0 65 0 0 0 0 92 0 0 0
0 0 0 0 0 0 0 0 6 0 0 5 0 79 0 0 0 0 0 0
3 23 0 69 0 25 0 0 47 0 0 0 0 0 0 0 0 0 0 0
0 0 0 0 0 0 0 0 95 0 0 0 0 0 0 0 0 0 0 0
0 55 0 35 0 0 83 0 0 78 9 0 75 0 82 98 0 0 0 67
0 0 12 0 0 54 16 97 0 0 0 95 13 28 0 0 18 10 0 0
0 1 59 0 0 11 0 0 0 0 6 0 0 80 0 0 0 0 63 3
0 0 0 0 62 0 20 0 0 0 0 0 0 0 3 0 0 4 0 0
0 21 0 0 67 54 0 30 0 0 28 99 0 58 32 0 0 0 0 0
0 67 0 0 0 0 0 5 0 0 48 0 0 12 0 0 0 54 74 0
0 0 0 16 0 0 0 0 34 82 24 76 0 31 0 35 0 24 0 0
0 0 60 0 0 41 0 0 0 12 0 77 0 72 3 65 89 72 81 0
