15 99 0 40 0 0 0 0 37 0
64 0 0 0 0 7 55 0 0 0
0 0 0 0 88 0 0 0 98 95
0 56 87 0 0 0 65 45 0 0
0 0 38 0 2 0 55 0 0 4
0 42 0 0 0 0 0 68 0 0
0 0 0 80 0 0 58 0 6 0
0 30 0 0 48 0 0 0 63 0
0 0 0 0 82 34 7 0 0 0
0 60 56 0 0 0 32 53 31 0
0 0 70 0 0 0 0 97 0 0
32 54 51 0 36 0 0 25 25 84
15 0 0 0 0 0 0 79 50 0
0 0 0 28 0 42 0 0 0 89
17 0 0 0 0 29 0 0 0 0
0 59 0 0 0 78 67 0 0 0
0 0 71 0 0 0 0 28 0 0
0 0 0 0 0 0 0 20 0 31
0 0 86 0 0 55 0 0 0 14
80 75 24 98 0 59 37 69 37 44
0 0 0 0 0 54 0 9 0 0
0 82 0 0 0 64 15 0 32 2
0 53 68 0 73 0 0 0 69 0
0 0 62 0 0 0 58 0 0 62
51 0 0 0 0 0 0 0 0 0
0 0 0 0 89 0 0 0 0 60
0 0 58 49 0 70 48 0 0 0
9 23 0 0 0 0 0 96 0 0
37 40 0 0 0 0 0 0 0 0
0 81 0 58 7 0 24 0 37 0
0 0 0 0 0 0 16 76 0 0
0 0 0 0 60 0 18 0 0 64
0 0 23 0 0 0 0 94 0 0
0 0 85 83 43 0 31 0 0 96
0 0 0 0 0 0 12 0 0 27
89 84 0 50 0 19 5 0 0 36
0 0 0 0 0 0 0 93 0 0
0 0 35 0 0 0 0 0 0 0
39 0 18 83 93 0 73 0 48 0
74 0 47 0 0 0 0 83 0 0
60 0 0 0 0 55 0 0 0 0
0 0 24 15 61 0 0 0 0 0
0 0 27 54 0 0 58 0 86 0
0 0 0 0 0 46 0 31 44 0
0 0 0 3 88 29 0 0 0 0
0 80 56 0 0 0 0 0 59 0
0 89 0 63 62 0 0 0 0 42
71 0 0 28 0 0 78 0 0 0
25 0 0 0 0 0 43 0 0 0
38 0 69 47 0 11 14 0 79 33
