0 0 0 0 0 0 3 0 0 0
0 0 11 0 0 0 0 0 0 44
0 82 0 0 49 84 0 37 0 63
0 0 0 0 0 0 0 94 0 57
0 69 90 0 44 15 0 0 0 0
78 7 0 0 0 91 0 0 0 0
0 6 56 0 0 43 0 0 0 0
0 0 0 23 0 0 0 0 52 0
0 0 0 0 0 0 0 0 39 19
0 0 0 0 0 63 8 0 54 61
0 0 0 0 0 0 0 0 27 0
0 0 0 69 0 48 0 0 0 0
0 0 0 0 74 0 0 0 0 0
0 0 0 0 0 0 0 0 30 15
0 0 0 0 0 0 49 0 0 76
0 0 2 0 0 0 0 0 79 0
0 0 25 0 0 77 0 0 0 60
0 0 0 0 0 3 37 0 0 26
56 83 0 0 0 52 0 0 0 0
0 19 0 0 0 0 0 0 41 0
0 0 81 0 0 0 0 49 0 0
0 0 50 0 0 0 20 0 42 0
0 0 0 0 0 0 0 0 0 5
89 14 43 0 73 0 0 31 0 0
0 0 0 0 0 0 0 3 0 0
0 0 0 0 0 0 0 0 0 73
0 0 77 51 71 62 0 0 0 45
0 0 0 54 0 0 0 0 0 89
0 0 80 0 0 93 42 67 0 0
0 0 0 0 0 0 0 0 0 0
92 0 0 11 0 0 0 0 0 9
0 0 0 43 0 0 0 0 0 0
0 79 72 0 99 0 88 0 0 0
0 0 0 0 51 0 0 89 0 0
0 0 0 0 0 0 74 93 11 22
3 0 92 0 0 0 0 0 0 0
0 0 20 0 27 20 0 0 0 0
59 0 15 88 0 0 39 89 0 0
0 0 0 0 0 0 12 0 0 0
0 0 0 0 0 0 0 0 16 0
