0 0 0 0 89 22 92 0 0 0 0 0 0 69 0 0 80 0 0 81 81 0 0 0 0 0 0 0 0 0 0 0 0 0 0 0 0 0 0 0
75 0 0 1 0 0 0 0 0 0 0 0 0 0 0 0 0 0 0 0 0 0 0 0 0 0 0 0 13 0 0 0 0 0 0 94 0 88 0 0
17 18 0 98 0 0 0 0 0 27 0 0 0 0 0 0 18 0 0 0 0 4 0 0 0 0 81 0 0 0 0 0 0 0 0 0 0 0 0 0
0 0 0 0 90 0 0 9 0 0 0 47 0 0 0 0 54 52 0 0 0 0 0 0 0 0 0 79 0 70 0 63 0 0 0 63 0 0 24 0
0 0 33 0 0 59 0 0 0 0 70 0 0 0 0 0 0 0 0 0 0 0 0 0 0 0 0 0 0 63 0 0 89 31 64 0 4 0 0 0
0 0 0 0 0 0 0 0 0 67 57 0 0 0 0 51 44 0 0 0 0 0 0 0 91 0 0 0 0 42 0 0 0 0 0 89 0 0 0 0
0 0 0 26 0 0 71 0 0 0 0 0 68 0 0 0 0 23 0 10 0 17 0 0 0 0 71 0 0 0 0 0 0 0 0 55 0 44 0 0
0 0 50 43 22 7 0 0 0 0 99 0 0 0 0 0 0 0 0 0 12 0 0 80 0 0 0 0 0 0 0 0 0 92 0 0 75 0 89 0
0 0 59 92 0 0 0 0 0 36 0 34 0 0 0 0 0 0 0 67 0 0 0 0 56 0 0 93 0 0 0 0 0 88 0 0 0 0 0 83
0 84 0 34 0 0 0 0 0 74 0 0 0 67 0 0 0 0 0 0 26 0 0 0 0 0 0 0 0 0 0 94 0 0 0 0 0 0 16 0
0 0 0 0 0 0 32 0 0 0 0 0 0 0 0 0 0 79 18 96 0 90 0 0 64 0 0 97 8 0 0 0 0 0 0 0 0 0 0 0
0 0 0 0 0 0 73 0 0 0 0 0 0 0 13 69 0 0 0 0 0 0 0 0 0 0 70 1 0 0 0 0 0 1 0 0 0 0 0 0
0 1 0 0 0 0 0 37 0 0 0 0 0 0 75 0 0 0 0 90 0 0 0 0 0 0 0 0 0 40 0 0 70 50 0 0 0 0 0 0
0 0 0 0 95 0 0 67 10 0 0 0 0 0 48 0 0 0 0 0 49 0 0 0 0 0 57 0 0 0 0 0 0 0 0 0 0 0 0 0
0 44 0 0 0 0 80 0 0 0 0 0 0 0 0 0 0 0 0 25 0 0 0 0 0 0 0 0 71 0 78 0 0 0 0 48 0 0 0 0
0 0 31 80 0 92 35 97 43 73 46 79 10 0 0 0 0 0 0 0 0 0 0 0 0 0 0 7 0 0 74 0 0 0 0 0 0 0 0 0
87 77 0 80 0 0 54 0 0 0 0 0 0 0 0 0 0 0 0 0 0 0 0 0 0 0 0 6 0 38 25 0 0 0 0 0 0 71 84 0
7 0 0 0 0 0 0 0 0 0 0 0 0 0 61 0 0 0 59 0 10 59 0 0 0 0 0 0 0 0 0 0 0 0 0 88 0 0 0 0
0 0 0 0 0 0 21 0 0 9 0 0 0 0 0 0 0 0 0 0 0 0 0 0 0 16 0 20 0 0 0 0 0 74 0 0 0 0 0 0
0 0 0 0 49 0 0 0 0 0 0 0 38 0 0 87 0 29 86 0 0 0 0 0 94 35 0 79 0 37 12 17 0 0 0 0 45 0 0 39
0 0 0 0 0 0 0 0 0 0 0 0 0 27 30 29 0 33 0 0 78 0 0 0 0 0 49 0 34 0 0 0 0 90 0 0 0 58 0 0
0 0 48 0 0 0 0 0 1 0 0 0 0 0 52 66 0 0 0 0 0 0 0 0 0 1 0 0 0 0 0 0 0 0 0 0 68 4 59 0
0 0 54 0 14 0 0 0 0 0 0 0 0 37 0 0 47 6 92 0 0 0 0 35 0 0 0 0 0 59 0 47 39 0 29 0 0 0 0 0
0 0 64 0 79 0 0 0 0 0 7 0 0 0 9 3 0 0 7 0 0 94 0 0 0 15 0 0 0 0 0 0 0 0 0 0 0 0 0 0
0 0 0 0 0 0 69 0 0 0 0 0 0 72 76 0 83 37 0 0 0 0 39 0 78 86 0 0 0 0 0 0 53 0 0 50 0 0 0 0
42 0 0 0 14 0 0 0 0 0 0 0 67 0 52 0 38 0 0 0 0 0 0 0 2 0 94 0 94 0 42 0 0 0 0 51 74 1 0 0
64 0 0 0 0 57 0 0 0 0 0 6 0 0 1 0 0 0 0 0 0 0 0 20 0 0 69 33 0 0 0 0 0 0 77 0 0 32 0 0
0 0 0 0 0 0 35 0 0 0 0 0 0 0 0 0 35 0 0 52 55 0 0 0 0 11 53 0 0 0 90 0 0 75 0 0 0 0 0 0
55 0 0 0 71 0 0 0 0 0 0 25 0 33 0 0 0 0 0 0 0 0 88 0 43 0 0 0 0 0 0 34 0 0 61 0 0 0 0 71
0 0 0 0 0 0 0 0 0 0 0 84 0 40 0 0 63 94 0 0 0 0 0 0 0 0 0 0 0 0 0 0 0 0 46 37 0 0 0 90
0 0 0 0 0 0 78 0 0 0 0 0 0 64 0 91 0 29 0 0 0 0 93 9 19 70 0 0 0 14 0 0 45 0 0 0 0 0 0 0
0 0 0 0 0 0 0 0 0 0 0 0 0 0 92 32 0 0 0 0 62 0 20 0 0 0 66 26 0 0 0 0 0 64 0 93 0 0 0 28
58 44 0 0 0 0 94 0 0 0 0 0 0 0 0 0 0 0 0 0 0 0 0 0 0 0 0 0 0 0 0 0 0 0 0 0 0 2 0 78
0 0 0 0 0 0 0 0 0 0 0 0 0 0 0 17 0 0 0 0 88 0 0 59 40 0 44 0 0 0 0 0 0 3 0 0 0 0 0 0
65 0 0 0 0 41 95 16 0 0 49 0 0 0 0 51 0 0 0 0 0 0 0 0 0 0 0 0 60 0 0 0 0 0 0 0 0 0 0 90
0 0 0 0 0 0 0 0 0 0 69 0 0 0 0 0 0 0 0 0 0 0 0 0 0 0 0 0 0 1 41 54 0 0 0 0 0 0 0 0
0 0 26 0 0 0 12 0 0 0 0 0 5 0 0 0 0 0 0 0 0 0 0 0 0 40 0 0 0 0 0 0 0 54 0 6 0 0 0 0
20 51 0 22 0 0 0 0 0 26 0 0 0 3 0 0 0 23 0 59 0 0 0 0 0 0 0 0 0 77 0 0 0 0 0 0 0 0 0 0
40 0 0 0 0 0 0 0 0 0 0 0 0 61 0 91 0 0 8 0 0 0 0 0 71 0 0 0 0 93 65 0 0 72 0 0 32 0 0 0
12 0 0 0 0 0 0 0 0 0 61 0 0 0 0 0 0 28 0 23 0 0 0 0 0 0 0 0 70 0 0 79 0 0 0 0 0 0 0 0
