0 0 0 81 0 0 0 0 57 0 0 75 74 46 28 0 0 69 0 94 0 20 0 0 0 0 0 0 52 0 0 13 81 0 0 0 0 0 44 0
0 81 0 28 0 0 0 0 0 0 0 0 0 0 0 0 0 0 0 0 0 0 0 0 0 76 27 64 0 74 0 91 0 0 0 0 0 0 0 0
0 0 22 0 96 0 30 0 0 0 0 0 0 0 0 0 0 0 0 0 71 7 0 38 28 0 24 0 0 0 0 0 0 0 0 0 0 0 0 0
94 0 13 0 0 0 0 0 0 0 0 46 86 18 0 97 0 0 31 0 77 0 0 98 0 0 0 0 0 0 68 0 0 0 64 0 0 0 76 0
0 0 0 12 0 0 0 0 84 0 0 7 0 0 0 0 0 0 49 60 0 0 0 0 0 25 21 0 0 0 0 0 0 0 0 1 24 0 0 0
0 0 0 0 0 98 56 0 0 61 0 0 0 0 0 64 0 0 0 0 0 0 0 0 0 0 65 0 0 0 0 0 0 0 0 31 0 0 69 0
0 0 0 0 0 73 0 88 0 0 41 0 0 0 0 0 3 0 0 0 0 0 0 0 67 0 37 0 60 4 4 0 58 0 0 0 0 67 0 0
0 0 0 0 51 0 0 0 0 0 0 0 0 53 0 0 0 0 14 0 35 83 50 0 17 0 64 0 70 0 36 0 0 0 0 0 0 0 65 0
0 0 0 0 0 0 80 0 0 35 0 0 0 0 0 0 0 0 0 0 0 0 0 0 18 0 0 0 57 0 0 49 0 0 6 0 17 0 0 0
0 0 0 0 0 0 0 0 0 0 60 0 26 0 39 1 0 0 29 0 0 0 0 62 0 0 0 85 0 0 0 0 52 0 0 0 0 0 0 96
0 73 0 0 16 0 0 0 0 21 24 70 66 0 0 0 41 90 93 0 14 87 56 56 0 0 0 0 0 0 0 0 95 0 33 0 17 83 0 0
0 0 0 0 0 18 22 24 0 0 54 0 0 0 73 0 74 0 0 0 0 0 0 82 0 0 0 0 0 0 33 0 0 21 0 0 53 0 71 0
0 0 58 0 82 0 0 0 0 21 0 0 0 0 0 0 23 0 0 0 0 30 0 47 0 0 0 0 0 0 0 0 0 0 45 0 0 0 91 0
0 0 0 30 0 71 0 0 0 0 0 0 0 0 0 0 0 94 0 0 0 5 0 0 0 0 0 28 0 0 0 0 0 0 0 0 75 0 0 0
50 97 53 0 0 57 0 0 90 0 0 84 0 29 0 0 0 0 10 0 0 0 93 0 31 0 0 0 62 0 0 0 94 0 0 0 0 40 0 0
0 0 88 0 0 0 0 0 0 0 0 0 0 0 0 0 0 0 0 0 0 66 0 0 0 0 0 7 0 61 97 47 0 0 0 0 0 0 52 80
0 0 0 0 0 39 0 0 0 0 0 0 0 0 0 0 0 0 0 0 92 92 33 0 0 0 0 89 0 0 0 0 0 0 0 0 0 0 0 0
0 0 0 0 0 0 76 0 37 0 56 44 0 0 0 0 0 0 0 0 0 0 70 0 0 35 0 0 0 53 0 0 0 0 0 0 0 0 0 0
77 92 9 0 0 0 55 72 0 0 83 0 0 52 0 0 0 0 0 10 11 0 0 0 0 6 0 1 0 14 0 24 0 58 0 0 0 40 36 42
0 0 57 20 67 82 0 4 0 0 0 48 7 0 0 0 0 54 0 0 31 0 0 15 18 0 0 0 0 0 65 0 0 41 0 0 0 1 0 0
