0 26 0 0 0 0 0 62 52 27 62 30 69 0 66 0 0 0 0 0 0 0 0 0 0 47 0 15 0 51 0 0 0 0 88 94 0 0 0 13 98 0 0 0 0 0 0 0 0 0
68 0 0 0 0 5 0 0 44 0 0 0 0 0 0 0 0 31 0 0 0 0 63 0 0 0 0 0 0 0 0 0 52 0 0 0 15 0 87 0 58 0 35 0 0 48 0 53 85 0
24 0 0 74 0 6 0 0 0 0 0 91 0 0 0 0 0 0 0 0 0 0 61 62 55 23 65 0 98 0 51 0 0 0 0 0 11 30 0 90 0 0 0 22 3 94 95 0 15 0
0 0 0 91 0 26 0 0 0 1 0 0 0 75 5 0 0 0 0 0 27 19 58 0 0 0 70 6 0 0 0 95 0 0 0 0 0 0 0 71 0 0 85 0 0 0 0 2 0 0
0 0 0 0 0 0 0 0 38 31 0 0 0 0 0 67 0 0 8 0 0 0 0 0 0 53 0 0 83 0 0 0 0 88 53 0 53 0 0 0 0 0 0 44 88 0 0 0 93 16
0 0 0 48 0 13 21 35 0 0 56 0 0 71 0 47 0 0 94 76 0 0 0 0 0 0 0 27 0 29 0 0 40 53 0 0 0 52 0 0 83 0 0 0 41 74 21 0 0 0
56 95 0 0 0 94 0 0 0 25 92 0 0 45 75 0 0 0 13 10 0 6 54 75 0 0 23 40 0 98 0 0 37 0 93 87 22 0 0 0 0 58 0 0 0 0 61 0 0 0
91 0 0 0 0 0 0 0 0 0 0 0 0 0 61 64 0 79 0 84 47 0 0 58 79 0 0 0 0 0 0 51 0 0 43 0 0 0 0 0 0 0 0 0 0 93 0 0 0 0
46 0 38 0 0 0 0 88 0 0 38 0 0 0 0 0 44 0 0 82 0 83 48 80 83 0 23 83 68 0 0 0 0 0 27 5 0 0 74 0 48 80 29 0 13 0 14 0 31 0
0 0 28 97 5 3 0 13 2 0 0 0 0 0 0 44 34 0 0 68 0 0 0 61 0 0 0 0 0 0 0 0 0 0 0 0 0 0 21 0 76 0 0 0 13 0 0 0 42 0
0 44 0 0 0 55 0 0 22 0 63 0 0 0 29 13 0 39 0 0 0 78 0 0 32 0 0 0 46 88 85 0 36 0 38 0 0 0 0 0 0 0 0 74 0 0 0 77 0 17
0 0 54 0 0 40 39 0 0 0 62 0 0 0 52 0 0 0 12 0 0 28 70 0 0 90 0 41 0 0 0 32 79 75 0 0 0 67 0 0 93 0 0 0 0 6 94 0 0 0
13 0 12 0 0 92 47 10 0 45 15 48 0 0 33 98 41 0 0 0 0 0 0 6 0 0 0 0 30 0 3 0 18 0 0 79 65 0 45 17 0 0 0 0 0 0 0 77 49 0
0 98 0 0 0 0 28 0 0 0 0 0 21 0 72 0 65 0 18 50 50 0 0 0 23 0 63 0 0 0 0 11 0 0 45 0 0 0 0 26 0 0 0 59 0 0 12 49 54 0
8 0 21 0 0 0 44 0 0 0 8 0 98 0 64 70 0 0 0 0 4 0 0 0 23 0 8 0 85 9 88 0 52 0 0 0 66 0 27 34 35 17 0 0 0 0 52 0 0 76
0 80 13 0 0 0 0 0 0 0 0 0 0 0 0 0 84 98 24 0 99 0 70 0 0 78 26 0 54 51 0 0 0 0 0 0 0 0 41 0 0 0 91 0 0 96 0 0 95 0
31 1 0 0 0 84 0 0 0 0 18 0 0 0 0 9 33 0 26 78 9 0 0 0 87 85 0 0 0 0 93 91 0 4 0 0 0 0 52 38 0 1 0 0 0 0 0 0 0 0
0 0 0 0 0 0 96 0 0 0 64 35 13 0 17 0 0 0 0 0 75 0 0 4 0 0 0 0 0 0 0 94 0 29 10 0 0 57 0 72 95 0 0 0 0 0 98 0 0 50
0 0 0 0 47 72 0 21 0 27 96 0 0 0 0 0 0 98 0 71 65 0 0 97 56 0 0 87 0 0 0 0 15 31 54 4 32 0 0 0 0 0 0 88 0 48 0 0 0 0
0 0 75 35 3 0 21 41 0 0 0 0 0 77 0 0 0 32 0 0 0 0 0 0 19 0 0 0 0 0 0 0 43 0 0 0 96 0 0 90 0 94 0 0 0 0 0 0 0 0
0 0 0 0 0 0 91 63 0 0 0 0 96 9 37 0 13 43 91 0 0 0 0 11 0 0 60 0 0 0 0 70 0 0 98 0 0 82 0 0 0 16 0 0 0 17 0 0 61 0
53 52 0 0 0 0 60 87 75 87 40 0 0 82 0 29 61 0 3 0 0 0 0 49 0 23 0 0 0 0 13 0 0 0 14 41 44 0 0 0 21 12 0 0 96 0 0 0 0 31
0 0 61 0 0 87 21 0 7 90 89 99 0 0 98 0 86 79 82 0 0 0 0 0 0 0 0 0 0 0 0 20 11 0 0 50 59 0 1 0 77 34 13 0 0 0 30 0 6 0
0 0 30 20 0 39 29 42 0 0 0 0 91 8 25 0 58 0 0 9 0 33 0 0 18 0 0 0 0 43 14 0 0 0 0 0 0 40 28 12 0 0 69 0 0 0 0 0 0 36
27 0 81 0 0 62 0 0 0 48 74 29 0 0 0 0 85 0 0 0 0 0 0 76 5 0 1 0 26 0 0 0 22 0 64 0 78 72 0 27 84 0 0 0 41 0 0 47 0 0
0 0 0 48 3 30 0 0 0 12 87 0 96 0 0 0 0 26 0 16 82 87 0 0 0 0 0 44 18 77 0 82 0 0 29 56 0 0 0 54 0 0 0 1 0 0 67 0 0 0
0 0 0 0 0 0 47 0 1 0 74 73 0 0 81 0 0 51 24 0 0 0 0 0 0 0 0 0 0 29 0 0 70 19 96 0 0 70 0 0 0 0 58 0 0 64 0 0 0 0
0 0 25 0 0 41 0 0 67 18 0 0 0 39 0 99 64 0 0 5 0 0 0 0 69 0 0 0 90 0 20 25 0 0 0 0 0 0 0 62 0 0 29 0 33 70 63 55 0 51
0 0 33 23 0 0 0 0 89 64 0 0 56 0 0 0 63 0 82 75 33 0 58 0 8 0 0 24 98 0 0 0 22 69 0 0 0 0 80 0 12 0 34 0 72 48 0 0 0 51
99 0 50 0 96 0 0 18 28 51 0 0 0 0 0 0 0 0 0 0 0 0 34 0 0 0 0 61 0 0 81 49 97 0 0 74 0 0 0 0 0 0 0 9 0 0 0 14 0 44
55 87 0 0 0 81 0 0 85 0 0 0 0 56 0 77 0 0 45 0 0 0 46 17 0 42 0 0 0 0 97 0 86 0 71 0 0 0 32 0 0 0 0 0 90 0 0 69 0 74
0 0 0 0 0 58 0 0 0 0 66 0 59 0 0 0 0 0 92 96 0 6 0 0 0 0 0 0 52 0 40 75 0 36 0 0 0 0 0 0 0 91 0 4 7 0 24 0 7 27
0 0 91 54 0 0 0 0 58 93 0 0 0 0 0 79 29 83 0 0 0 96 99 5 0 0 0 81 0 3 54 0 0 10 32 0 10 0 0 74 0 0 0 81 0 38 0 0 0 0
78 0 0 0 0 0 0 0 0 0 0 0 0 52 0 80 27 93 0 0 13 87 0 0 0 0 0 0 13 90 0 0 88 0 0 0 0 0 0 0 0 96 0 0 20 76 14 0 0 0
0 49 25 0 61 82 0 0 0 6 0 0 80 36 0 0 0 0 33 6 0 0 0 0 0 0 0 0 0 76 0 0 0 0 0 0 0 0 69 0 0 71 0 0 0 0 93 0 40 88
0 0 0 0 0 17 59 31 39 0 54 0 0 9 0 0 0 0 94 0 88 25 85 4 0 17 0 97 0 0 0 58 0 0 0 0 0 0 0 0 75 30 76 0 4 70 0 0 0 93
34 0 0 0 17 0 5 0 0 0 0 83 0 15 0 0 38 0 0 12 69 0 78 0 0 0 0 0 0 0 45 0 0 0 0 0 52 0 60 0 0 85 0 64 0 0 0 0 0 62
0 40 85 35 29 0 73 0 0 0 0 0 0 0 0 0 0 0 0 0 0 0 0 22 0 0 0 22 90 97 56 46 0 75 0 0 0 0 88 8 0 0 0 74 0 79 23 71 0 0
0 0 0 0 92 0 0 35 0 11 0 9 64 37 0 56 72 0 0 59 0 0 0 61 0 88 30 0 0 0 0 0 0 0 0 0 0 0 0 0 0 88 0 0 0 0 0 0 47 0
0 0 0 0 0 0 17 74 76 0 56 46 0 19 0 0 0 0 0 0 0 0 56 0 0 0 89 0 0 0 0 0 0 0 0 30 0 0 0 0 0 0 0 0 8 0 0 90 0 93
0 29 54 52 0 0 2 0 0 0 0 0 0 0 0 0 0 0 38 0 0 0 0 0 0 0 0 28 0 49 0 85 49 0 67 0 0 39 0 74 0 0 0 20 0 0 0 0 32 0
0 0 0 0 0 0 0 0 30 0 0 0 0 0 0 0 0 78 0 0 0 0 0 0 47 0 17 0 0 53 0 0 93 4 0 0 0 0 22 0 54 0 2 0 0 0 0 0 0 0
0 0 32 0 7 0 35 87 0 0 0 0 0 61 0 0 0 0 0 49 0 0 0 0 69 0 7 0 0 0 0 40 59 0 0 0 0 59 56 40 55 25 56 0 0 0 0 0 0 0
0 61 41 0 0 0 40 28 0 0 0 64 0 0 57 0 0 0 17 0 87 0 0 0 0 39 12 81 0 99 0 46 45 0 0 86 0 0 31 49 0 0 0 0 0 0 0 0 0 24
0 31 0 54 55 0 0 29 0 0 0 60 0 35 0 0 0 0 0 0 0 0 36 0 4 45 88 0 18 0 0 0 0 47 0 0 90 86 0 0 83 9 13 0 0 0 0 0 0 0
0 0 30 0 0 0 18 0 0 0 63 0 0 0 0 0 0 62 69 0 0 52 19 82 0 0 0 53 99 0 0 0 0 0 71 55 0 74 0 0 0 66 0 3 21 0 0 64 8 34
90 0 0 0 0 54 0 24 0 0 0 83 80 0 0 0 0 0 0 0 68 37 0 0 0 99 0 0 57 0 8 0 0 71 0 0 30 0 32 0 0 0 96 0 0 0 0 85 53 0
14 97 0 0 87 0 0 15 0 0 0 16 0 54 0 0 0 0 0 0 0 91 0 4 0 0 0 0 0 0 0 0 2 0 9 96 0 0 34 0 0 23 0 0 0 0 0 0 0 16
0 0 11 0 0 93 73 0 0 0 84 0 0 0 0 0 0 0 0 0 0 0 0 95 0 0 0 0 14 39 0 0 53 46 0 1 0 0 0 0 0 63 0 0 0 7 0 0 0 82
0 73 61 0 0 0 0 0 0 0 0 0 80 87 21 0 40 0 0 0 0 19 0 0 0 57 0 0 33 0 0 0 0 76 0 0 80 0 82 36 0 10 0 0 0 0 0 94 0 0
