77 0 0 0 13 0 4 0 86 0 66 0 0 0 0 0 25 0 17 0 0 0 0 0 88 0 0 0 0 11
0 0 0 0 0 0 0 93 0 0 0 0 0 0 0 0 0 57 0 29 0 45 0 0 0 0 0 33 0 0
0 27 0 0 0 85 0 0 0 70 0 0 0 0 10 38 0 0 0 0 0 0 73 0 97 0 0 0 91 0
0 0 0 72 0 0 42 0 0 0 0 9 0 0 0 0 8 0 0 0 0 0 0 0 0 80 62 0 0 0
0 0 0 48 26 25 0 71 0 0 77 0 0 0 0 0 0 0 66 1 32 33 0 0 0 0 0 0 0 0
23 0 0 0 37 30 0 0 0 0 42 0 0 0 0 0 0 0 0 0 0 0 0 0 49 0 0 0 0 0
0 0 0 86 0 99 30 0 78 0 58 0 0 0 51 0 0 0 0 4 0 0 0 0 0 0 0 0 0 0
0 0 0 83 0 0 41 20 0 0 0 95 0 0 0 0 0 36 0 0 19 42 90 0 0 0 0 27 0 0
0 0 0 37 13 0 0 0 0 0 0 0 0 15 77 0 71 0 0 10 0 0 0 89 0 0 13 0 91 0
0 10 0 0 0 0 0 0 0 0 0 59 0 0 89 0 0 0 0 6 0 0 9 0 0 0 52 0 85 0
