30 0 0 0 0 0 0 0 0 19 40 0 0 0 66 0 58 0 0 0
0 0 29 0 0 0 93 88 0 18 14 0 0 0 0 0 0 14 0 0
4 0 0 15 0 98 88 71 0 0 0 0 0 0 0 0 0 0 0 0
82 0 0 0 78 57 0 0 0 0 0 0 0 0 21 0 0 0 0 18
0 0 0 0 0 0 0 62 0 0 4 0 0 0 0 0 73 0 0 0
9 79 0 80 94 0 0 24 48 66 0 0 0 0 0 0 0 0 0 49
75 0 0 0 0 0 26 0 0 0 0 0 0 0 0 88 0 0 0 66
0 0 0 0 34 0 0 0 0 48 0 0 0 0 0 0 0 0 0 0
0 0 50 0 91 0 88 0 0 51 0 0 0 0 0 23 0 0 0 0
0 0 0 6 0 0 67 0 0 0 0 0 0 0 0 38 0 0 39 0
60 0 0 0 0 0 17 76 37 0 0 0 0 0 0 0 0 0 6 0
12 0 71 0 0 0 0 6 0 0 0 0 0 0 0 0 0 98 0 3
0 0 78 17 0 0 0 0 0 0 0 45 0 0 0 0 47 0 0 15
22 0 0 48 0 0 0 30 66 28 0 0 70 0 0 0 0 0 0 27
0 0 0 0 0 0 61 0 0 0 0 9 0 0 0 0 0 0 10 0
0 11 0 0 0 0 98 0 0 13 0 0 0 0 0 0 0 0 0 0
0 14 57 0 82 0 92 0 0 0 0 0 0 77 14 83 0 0 0 0
0 0 0 10 0 0 0 0 0 0 24 0 18 0 0 38 0 0 81 54
0 0 5 22 0 29 0 0 0 0 0 0 0 0 0 0 0 0 0 0
0 0 0 0 0 0 0 0 0 0 30 0 0 0 48 78 0 0 0 7
0 0 39 0 17 0 0 0 53 0 14 0 0 0 0 0 0 0 0 0
0 0 0 65 0 0 39 73 29 0 12 0 14 0 0 0 0 0 0 0
83 0 0 0 0 87 0 49 0 94 13 0 0 95 17 0 0 0 70 0
0 0 0 68 8 0 0 0 87 0 0 0 0 63 0 0 0 0 0 46
0 76 0 89 0 0 0 12 0 0 0 0 0 0 0 0 0 0 0 3
0 0 0 0 37 14 68 94 46 0 0 0 0 74 0 6 0 43 0 82
29 3 0 0 0 0 0 58 78 0 0 0 0 0 31 0 66 0 0 0
0 11 0 0 0 0 0 46 79 30 77 0 3 0 0 0 17 0 0 0
69 0 72 0 0 27 23 0 0 0 0 83 0 0 0 5 0 0 79 0
78 0 0 0 0 10 0 0 0 0 0 0 0 0 0 0 0 0 0 0
0 0 0 0 69 0 0 36 50 0 0 78 0 0 0 28 0 0 4 90
0 0 0 0 0 0 0 50 0 0 0 0 0 0 0 0 0 0 1 31
0 0 0 60 0 0 0 62 0 77 0 0 0 0 0 0 0 0 0 0
0 0 0 0 0 0 76 0 0 0 0 0 0 0 0 0 0 21 40 12
65 0 0 0 0 64 0 0 0 0 45 0 0 0 67 0 0 0 0 0
42 92 0 0 63 0 0 0 0 0 0 15 0 0 0 0 0 0 0 0
0 0 0 0 0 0 0 55 55 0 0 60 0 0 0 28 0 0 0 34
0 0 0 0 0 0 0 0 0 0 0 0 0 0 0 0 0 0 0 0
0 0 0 50 0 0 0 0 63 0 54 0 0 26 0 0 0 0 23 0
0 0 0 0 61 0 8 0 0 0 0 59 0 0 0 0 0 0 65 0
0 0 87 0 0 0 93 0 0 0 0 71 0 22 0 0 71 65 0 0
0 0 0 0 0 0 0 0 12 0 0 19 74 0 0 42 0 0 0 0
0 96 0 0 95 0 76 0 0 0 0 71 0 0 0 0 51 80 0 0
0 89 0 0 0 0 0 0 76 0 0 0 0 0 0 0 0 78 0 71
0 0 0 16 0 0 0 0 0 0 0 94 84 86 0 84 87 0 0 0
0 0 0 24 0 49 97 97 62 0 0 0 0 19 0 0 0 71 0 0
0 0 0 47 0 0 94 0 0 0 0 0 0 13 0 10 0 0 0 0
0 0 0 0 0 0 0 29 0 0 0 0 0 0 0 0 0 68 55 0
84 0 0 0 0 0 0 91 98 0 0 0 59 0 0 0 0 16 0 44
0 0 27 0 0 0 90 48 58 0 89 13 12 6 0 6 0 0 0 77
