0 0 0 87 0 0 0 0 0 2 22 35 56 49 0 0 0 0 0 0 95 0 0 0 55 0 0 0 99 0 0 0 1 0 0 0 65 37 90 0
9 0 0 60 0 0 0 0 0 54 24 0 0 55 73 47 51 0 0 0 95 0 0 65 0 0 86 0 0 27 0 0 60 0 0 0 0 0 5 23
0 0 0 0 0 25 55 54 0 0 0 26 0 0 0 16 79 0 0 0 0 0 0 0 23 87 0 0 0 0 62 0 28 0 0 0 37 62 0 58
0 0 0 73 0 0 0 49 0 0 20 0 0 0 51 0 0 0 0 77 0 90 57 0 0 0 0 0 0 42 30 81 6 0 0 0 0 0 0 38
0 0 0 0 0 0 0 0 0 0 0 0 93 84 0 70 0 0 0 90 0 0 0 67 0 9 0 0 0 35 0 45 88 0 34 65 63 89 49 22
0 0 0 0 0 0 0 0 0 0 30 0 0 0 0 0 0 9 0 0 0 81 0 0 0 0 26 0 12 65 0 85 0 0 0 0 0 0 54 66
0 53 0 32 0 0 0 0 0 26 34 0 0 58 89 16 0 0 0 41 0 0 99 0 0 0 0 21 0 0 0 4 0 90 63 0 0 16 90 0
38 0 0 56 0 0 0 0 58 0 89 0 1 0 0 26 0 57 0 0 0 0 0 0 78 35 0 0 0 81 0 0 0 0 0 0 0 0 0 84
0 82 94 0 0 0 6 0 0 72 90 0 0 4 35 85 0 0 0 0 0 25 0 0 0 0 0 80 0 0 0 0 0 0 0 0 48 0 0 0
48 0 0 0 0 0 19 0 0 0 0 71 59 0 0 0 0 80 0 80 0 0 87 0 0 0 0 0 0 1 0 0 0 0 74 0 0 0 0 0
0 85 0 0 94 0 0 0 0 0 28 0 0 0 19 0 0 0 48 18 0 92 71 0 0 17 39 0 69 58 29 0 0 41 26 0 17 0 0 0
61 27 0 19 0 37 0 0 0 0 16 0 40 0 0 0 2 0 0 45 0 39 0 23 1 0 0 52 0 0 0 22 76 0 0 74 0 26 3 0
0 0 0 0 0 34 0 0 0 0 27 0 0 80 56 0 20 0 0 0 0 0 83 0 16 94 0 44 0 0 0 32 0 0 0 0 0 0 0 0
0 2 85 0 0 87 57 92 0 0 0 0 0 0 10 0 39 77 56 0 0 67 0 0 0 0 0 0 0 0 0 0 0 0 0 0 4 0 51 82
0 5 0 0 0 0 68 87 0 18 0 0 29 0 0 61 64 16 0 0 60 0 0 4 33 0 0 0 0 0 79 17 0 0 2 0 0 40 0 0
0 0 0 0 0 33 0 0 0 0 0 0 0 15 0 0 43 0 69 0 0 0 0 0 66 0 0 0 0 95 0 0 0 0 27 0 66 0 0 0
35 58 0 0 0 58 0 85 0 0 0 0 0 0 0 0 0 51 42 0 0 0 0 0 79 0 0 0 0 0 0 0 8 63 20 0 97 0 75 0
0 92 86 29 0 0 7 0 0 0 83 85 31 0 86 0 0 0 0 0 0 0 0 24 0 36 52 67 0 82 0 0 14 0 0 51 0 32 26 2
0 98 54 0 84 0 12 34 0 51 0 0 0 49 21 0 0 0 0 80 0 0 18 0 0 38 0 0 23 0 0 0 0 0 0 0 0 0 0 0
53 0 0 45 0 0 77 0 32 0 91 0 0 85 51 29 0 11 0 0 85 33 0 0 69 0 26 53 0 66 6 0 0 0 71 8 25 0 0 28
