0 0 0 0 0 0 0 58 0 0 0 22 0 44 58 0 0 0 0 0 0 8 0 0 0 22 68 0 0 93 23 0 0 29 0 0 0 0 0 0
0 15 0 57 0 8 0 0 0 0 0 0 0 0 0 0 89 5 0 52 0 67 0 0 0 0 32 14 0 43 0 10 0 0 0 0 0 0 0 85
0 0 0 0 0 0 0 0 43 0 58 0 98 0 0 0 0 0 0 0 0 95 69 24 0 0 0 0 40 0 0 0 0 0 0 0 0 0 0 0
0 40 0 0 0 0 0 0 0 0 0 0 0 0 0 0 0 0 23 0 25 0 0 50 0 37 0 0 0 0 0 0 0 0 0 0 0 0 0 3
0 55 0 0 0 0 0 0 0 0 0 0 0 46 0 0 90 0 61 0 0 45 0 75 0 0 0 0 71 0 0 49 38 0 0 84 59 0 0 0
0 0 0 0 0 0 88 0 81 0 0 0 0 0 0 0 0 49 9 0 66 93 0 0 0 24 87 0 0 57 75 0 0 0 0 0 0 0 0 33
0 0 0 14 45 12 0 0 0 92 0 0 0 78 0 0 0 95 0 11 0 0 12 0 0 80 0 0 0 0 51 40 14 0 0 0 0 0 0 4
0 0 47 0 0 0 0 0 22 0 10 0 0 0 81 17 0 0 0 75 0 0 0 65 0 35 0 0 0 0 0 0 0 40 0 0 80 0 0 0
58 86 72 0 0 47 0 0 0 0 0 0 0 0 0 0 0 0 91 0 0 0 0 27 0 0 0 86 0 0 0 0 0 0 0 0 31 14 0 34
0 0 83 0 51 26 0 0 0 0 0 0 0 0 0 0 0 30 50 0 0 0 0 0 0 0 0 0 0 0 0 47 0 0 70 0 0 0 0 86
