98 52 0 0 0 0 0 0 0 0 74 0 0 0 0 0 63 69 24 0 34 67 39 0 0 26 42 0 0 0 13 0 30 0 0 0 0 33 0 1 0 0 0 78 19 0 0 0 26 0
0 94 82 0 4 1 29 0 0 0 79 0 39 0 0 0 9 0 0 0 96 0 12 42 0 0 0 0 48 0 38 0 0 0 0 91 25 64 0 0 0 0 71 15 0 80 96 0 0 0
0 0 0 0 0 37 0 18 0 0 0 69 0 74 98 21 0 30 0 0 95 0 0 0 0 0 55 0 0 0 0 89 0 0 0 90 95 0 0 0 50 0 0 80 0 47 0 14 89 0
75 0 0 0 0 0 0 0 0 0 0 0 96 0 0 0 0 0 0 0 76 0 42 0 66 0 0 70 0 0 42 54 5 0 0 84 0 0 0 68 0 0 0 22 0 63 0 0 0 30
0 0 61 0 0 0 0 71 0 0 0 0 0 0 0 0 90 91 0 0 0 0 31 94 0 0 0 59 0 81 0 63 0 46 0 0 0 0 0 57 2 0 0 40 83 0 47 17 0 42
0 0 0 0 0 0 0 0 71 0 0 0 0 0 0 0 0 68 6 0 0 0 0 0 60 0 0 0 0 98 0 0 0 8 0 52 0 0 0 0 0 0 0 0 0 0 0 66 67 0
0 0 0 0 0 0 19 0 0 88 89 0 0 0 0 0 0 52 0 0 78 0 0 0 16 24 0 0 0 0 0 54 0 0 0 90 0 0 0 54 70 0 0 0 28 0 29 0 86 73
0 0 0 83 0 0 0 2 0 53 72 0 67 0 63 76 0 98 18 0 0 97 0 62 0 0 0 19 76 0 2 0 0 0 0 0 64 0 0 0 0 55 67 0 0 0 0 0 14 37
0 0 8 0 0 0 79 0 0 0 77 0 25 74 0 73 37 46 0 0 66 4 0 46 0 0 90 0 0 0 0 0 0 81 0 0 0 69 0 0 0 34 0 0 41 13 13 0 0 0
0 0 83 0 99 4 0 13 27 0 0 0 41 42 0 36 0 95 0 0 0 0 0 0 0 0 0 0 68 0 62 56 0 80 0 4 0 0 0 0 0 22 15 0 0 0 0 86 22 0
