0 66 0 20 0 0 0 0 0 0 0 0 0 0 83 0 0 60 0 0
0 0 73 14 12 0 0 0 0 17 0 0 0 0 0 56 0 48 0 3
74 0 0 0 0 0 0 73 0 0 0 98 99 48 0 0 29 93 0 0
0 0 0 0 0 55 0 0 42 0 0 0 0 0 0 65 51 0 0 0
0 64 70 0 0 0 61 0 0 0 0 0 0 0 0 0 2 0 61 0
42 0 72 0 0 0 0 0 0 98 4 0 0 0 75 0 45 0 33 0
0 0 0 0 0 0 0 0 0 83 0 0 99 0 0 0 0 0 0 0
15 0 0 0 0 0 0 90 0 0 61 0 0 0 98 0 14 60 0 0
0 0 0 0 0 0 0 0 0 0 70 0 0 0 68 0 0 0 0 0
0 31 47 0 0 0 52 0 0 0 0 0 0 0 0 0 0 0 0 0
0 0 30 0 0 0 0 0 0 0 98 0 0 0 0 0 86 58 0 0
43 0 33 0 0 89 0 0 0 78 0 0 0 0 0 0 0 0 26 0
0 0 3 81 0 0 0 90 0 0 2 6 0 0 0 0 0 0 0 0
0 0 0 0 85 0 0 0 0 0 0 0 0 0 0 0 8 0 0 7
36 0 0 79 0 0 0 34 67 0 35 0 0 18 0 0 0 10 0 0
0 0 41 85 0 0 0 0 0 0 0 0 61 0 0 0 0 0 68 0
0 0 0 0 16 0 0 0 0 0 25 0 0 0 0 66 0 53 62 0
0 0 12 0 0 63 0 0 0 59 0 0 0 5 0 0 65 0 0 0
56 0 0 0 0 16 0 0 38 0 5 0 0 29 0 0 0 97 0 31
0 0 0 0 0 92 0 0 0 0 0 0 0 0 85 0 79 0 79 0
