0 0 0 0 47 0 90 0 0 0 0 0 0 0 76 0 0 0 7 0 0 0 56 25 0 79 50 0 0 21 0 2 0 0 0 0 12 99 0 0 0 99 0 18 0 0 36 0 0 0
0 0 0 0 0 0 2 0 0 0 0 0 0 70 0 0 0 0 0 0 0 0 0 0 0 0 10 12 0 0 0 0 0 0 0 0 84 0 27 0 0 29 0 0 0 0 0 34 0 62
0 73 75 36 0 0 0 56 0 0 37 0 54 0 0 49 0 20 0 0 14 0 0 91 0 0 0 98 0 0 0 0 15 38 0 18 0 0 0 16 83 0 65 0 0 0 0 0 0 0
40 0 63 41 0 0 0 0 0 0 0 65 0 0 3 40 0 0 0 0 0 0 0 0 67 0 0 0 0 50 0 0 0 0 0 18 33 0 0 0 74 0 0 0 0 0 0 0 0 0
0 0 0 52 58 30 0 0 35 0 3 0 0 0 0 77 0 0 0 0 41 0 0 0 0 12 0 0 0 82 0 0 0 0 70 0 0 9 0 15 0 20 0 0 0 36 0 0 74 79
89 0 0 95 13 0 0 0 64 87 67 0 56 47 0 57 0 71 74 0 6 0 82 0 5 0 0 0 0 56 0 65 59 0 0 92 26 6 0 0 61 59 34 0 0 92 0 79 0 0
77 57 0 72 56 0 47 0 92 85 0 81 50 0 0 0 0 50 41 53 52 0 0 0 0 0 0 0 0 0 0 0 0 85 0 0 0 0 0 0 0 21 44 3 0 0 20 77 91 0
0 0 0 60 0 0 0 45 0 0 0 0 0 57 0 0 0 0 9 0 0 0 98 0 0 80 11 0 40 55 72 0 0 19 0 0 17 0 0 0 0 0 0 0 97 0 69 0 0 59
0 20 0 0 0 0 19 0 0 0 0 0 0 22 0 81 0 30 0 0 0 0 0 0 0 86 0 0 0 0 22 69 37 0 0 0 0 66 0 0 0 0 0 13 53 0 0 0 0 0
83 0 11 0 98 38 95 0 0 0 0 0 23 0 0 0 41 0 0 0 0 0 3 54 0 0 0 1 74 0 96 9 83 0 0 0 80 89 0 79 0 0 10 61 32 25 89 32 0 0
