0 0 0 0 0 0 0 0 0 0
0 0 13 0 0 87 0 0 0 0
0 0 0 0 0 0 17 0 0 0
0 0 0 0 0 0 0 0 0 0
0 85 0 0 0 36 0 84 19 0
0 70 0 0 0 75 71 0 0 0
0 0 0 0 0 0 0 0 87 76
0 0 0 0 0 0 71 0 0 0
0 0 0 0 49 0 0 0 0 0
0 89 0 0 0 40 0 0 0 0
0 0 12 0 18 94 0 0 0 0
0 0 0 11 0 0 0 0 0 79
0 0 0 0 0 0 0 0 0 0
0 0 33 0 0 0 0 0 0 0
53 0 7 63 32 0 24 0 0 0
0 0 0 0 28 0 0 0 0 0
0 25 0 0 0 0 0 0 0 0
0 0 0 0 0 0 0 0 0 0
0 0 0 0 0 0 0 0 0 0
59 0 0 0 0 0 20 0 0 0
98 0 0 0 13 0 0 0 0 3
17 76 48 0 6 0 43 0 0 0
0 81 0 0 0 95 91 0 0 94
0 0 0 0 0 0 0 0 19 0
0 59 0 0 0 97 0 0 0 0
57 0 26 53 0 0 0 0 0 96
0 0 0 68 0 57 1 0 0 6
0 0 0 0 0 0 0 0 0 0
58 0 0 0 0 0 0 0 0 0
0 0 0 0 99 84 0 0 0 0
0 0 26 0 14 0 61 0 0 0
18 8 76 42 91 0 0 0 0 0
0 0 0 0 0 32 88 0 0 0
85 0 0 0 21 0 33 0 0 0
0 0 0 0 0 0 0 0 0 0
0 0 0 0 0 0 0 0 0 0
0 0 0 0 69 0 0 0 0 80
0 0 0 0 85 0 0 0 0 0
0 92 0 0 0 0 29 0 0 0
0 0 0 0 0 0 0 0 49 22
