0 0 70 0 5 0 0 0 0 0 0 0 0 10 0 0 38 0 85 0 0 0 0 0 0 81 0 0 0 0
31 59 0 0 0 0 0 0 0 0 2 0 31 0 0 0 18 0 0 0 0 0 0 0 0 0 0 62 0 0
0 81 0 0 0 0 53 0 0 0 0 64 0 0 0 84 0 0 0 0 0 0 22 0 0 0 0 0 0 0
0 0 0 0 0 0 0 90 0 0 0 0 0 0 55 0 0 0 0 0 0 0 0 0 0 0 0 0 0 0
38 23 55 0 0 0 0 0 70 0 0 93 33 0 64 0 0 9 0 66 65 0 0 0 0 0 21 0 0 0
0 58 77 0 0 0 56 19 34 49 0 0 0 36 0 72 0 0 0 78 51 0 0 0 86 0 71 0 0 0
0 35 77 86 0 0 13 0 78 0 0 6 34 0 0 0 0 0 0 0 93 0 0 0 0 90 0 0 1 52
0 74 0 0 0 0 0 0 21 0 0 89 0 62 0 0 0 0 85 0 0 0 0 0 0 0 0 0 0 0
0 29 19 0 38 0 0 0 0 0 36 0 0 0 0 64 0 0 0 0 0 50 0 0 0 0 0 0 19 0
82 0 0 0 0 0 98 0 0 0 33 0 0 0 0 0 0 0 74 0 0 0 85 0 0 0 0 0 40 0
0 0 0 74 91 63 0 0 0 0 0 0 0 37 0 0 0 0 0 0 43 0 30 61 23 56 0 0 0 0
0 0 0 0 0 46 0 0 0 63 0 0 0 0 0 0 0 0 0 0 0 64 0 0 0 31 0 67 0 0
33 0 0 19 0 21 0 0 0 0 0 0 0 1 0 0 0 0 0 43 0 0 0 26 4 0 23 0 0 0
99 0 0 69 0 0 0 0 0 94 0 0 0 39 0 0 0 27 12 0 16 0 0 0 0 0 0 0 0 80
0 0 49 0 0 0 0 0 0 38 0 18 11 45 0 0 0 0 0 0 0 55 0 22 84 0 99 0 0 0
0 0 0 0 83 0 0 0 59 0 0 0 0 0 0 50 24 0 0 0 49 0 0 0 0 0 24 71 6 0
0 0 0 0 0 0 0 0 0 0 0 0 0 0 0 50 28 54 0 0 0 7 0 0 0 0 59 75 0 0
0 0 0 0 0 59 0 0 16 0 0 0 0 4 0 0 35 0 18 0 0 0 0 84 11 0 9 0 68 78
0 0 96 0 0 0 0 0 67 37 68 0 0 0 26 0 0 29 0 0 0 0 0 0 0 0 0 0 48 0
0 0 0 86 0 0 52 0 0 0 0 0 84 0 0 0 0 0 9 0 0 57 67 0 31 0 0 6 88 0
0 0 0 0 90 0 0 0 0 0 0 0 0 60 0 0 0 0 0 0 27 0 0 0 0 0 0 59 0 18
0 0 0 0 0 0 32 99 0 82 0 0 0 27 0 89 0 18 0 34 65 22 0 0 0 18 0 0 26 0
0 0 0 0 0 0 0 0 0 98 0 52 0 46 6 0 83 0 0 0 0 11 0 65 0 0 20 0 0 0
0 0 0 0 0 88 0 0 0 0 0 90 39 0 85 0 12 0 0 0 76 0 0 14 0 23 70 0 0 0
36 0 82 0 0 0 0 0 87 0 0 0 0 0 0 0 0 5 21 19 0 0 0 0 0 24 0 0 0 0
0 0 78 0 0 0 41 0 0 23 0 90 0 0 0 0 51 0 22 0 0 0 0 74 0 0 0 94 0 66
0 0 88 0 0 0 0 0 0 48 5 0 0 0 0 0 0 93 0 0 0 0 56 0 0 79 0 0 0 35
32 0 0 0 61 59 0 0 0 0 0 0 0 0 0 0 0 0 61 0 0 0 0 0 0 67 50 0 0 0
98 0 0 0 0 0 0 0 0 0 0 0 99 0 0 28 0 0 97 61 0 19 46 0 80 0 91 0 0 81
0 0 0 0 0 0 0 0 0 0 0 90 0 41 0 53 0 0 0 0 0 85 83 0 49 0 0 0 0 0
0 0 0 0 0 84 0 6 0 16 0 0 29 0 0 0 0 83 31 0 0 39 0 0 0 0 0 0 0 0
24 49 0 0 0 9 0 0 0 0 0 0 0 0 0 0 62 0 0 0 0 72 74 0 0 0 0 0 31 76
0 80 0 0 0 0 0 0 0 57 0 0 0 0 0 68 0 0 0 3 0 0 0 0 17 0 0 0 0 96
0 0 0 0 45 0 0 29 0 18 0 0 0 93 0 86 0 0 0 0 0 0 11 0 0 0 0 33 0 0
57 0 0 88 0 93 0 0 0 0 76 0 0 0 0 40 61 0 0 0 0 0 0 0 0 0 0 0 0 0
54 0 0 0 81 0 0 0 0 47 0 0 0 0 0 0 10 0 72 0 0 0 0 35 0 0 0 0 0 0
75 0 0 0 0 77 82 0 0 0 15 0 32 40 0 0 0 0 0 0 0 0 0 0 0 0 0 0 20 0
0 0 12 16 0 1 0 0 0 0 0 0 0 0 0 62 0 0 0 0 0 0 0 0 0 0 64 49 0 0
29 54 0 2 18 0 0 72 0 0 0 31 0 0 0 0 0 0 0 0 67 0 0 0 0 0 86 69 0 0
0 0 0 0 0 86 0 93 81 0 0 0 98 0 0 0 0 23 78 0 0 0 55 0 0 92 0 0 0 0
