0 96 0 0 0 0 0 0 0 0
49 0 0 0 0 0 0 0 0 0
0 0 0 0 0 0 60 0 70 0
0 0 0 0 0 0 0 0 0 29
39 0 23 26 0 88 0 0 0 0
0 0 0 0 0 0 31 0 0 0
57 7 0 0 70 0 97 0 0 14
0 0 0 0 0 86 0 0 0 0
0 0 34 0 0 0 0 99 92 0
0 67 0 0 6 0 0 0 0 0
0 0 0 0 0 0 0 0 36 0
0 0 0 0 0 0 0 0 0 0
0 0 0 0 17 0 0 83 0 0
0 0 0 0 0 0 0 0 0 0
0 0 0 0 0 71 0 0 0 0
0 0 0 0 0 0 0 0 0 0
0 0 0 0 0 93 0 0 5 0
0 0 0 0 0 70 0 0 0 5
0 73 0 0 0 0 0 0 0 0
0 0 54 0 0 9 98 7 0 0
0 49 0 33 0 0 31 0 0 0
0 0 0 0 0 0 91 0 0 37
0 0 0 0 49 0 0 0 59 0
0 93 0 0 0 0 0 0 0 0
0 52 0 91 0 0 0 0 0 0
0 0 0 0 0 0 0 0 0 0
0 98 0 0 0 79 0 0 0 0
62 0 0 0 0 0 25 87 45 0
0 0 0 0 0 0 0 0 0 0
72 10 90 0 0 0 0 94 72 15
0 0 0 0 0 0 0 0 0 0
0 43 0 0 0 0 0 0 0 0
99 27 0 0 0 94 83 0 0 0
0 0 1 0 0 0 0 88 0 0
0 0 0 0 59 0 0 0 49 0
0 67 0 0 42 0 34 0 0 0
0 0 0 95 0 0 0 0 0 99
0 0 0 0 0 0 0 0 0 0
72 8 38 0 0 0 29 66 33 42
0 0 0 0 0 87 0 0 0 0
