0 0 0 0 0 0 38 0 17 16 0 0 0 93 85 0 28 0 0 0 0 0 0 16 0 2 0 0 86 0 0 0 69 0 58 0 0 50 0 41
0 0 53 40 0 0 0 0 0 0 0 0 0 0 39 43 0 0 0 0 43 0 52 97 0 6 39 0 0 0 0 0 0 0 0 0 65 93 76 88
0 0 0 0 97 0 62 0 47 8 0 35 0 0 0 0 0 52 0 29 0 0 0 33 0 15 76 0 33 33 0 0 60 0 0 0 0 0 0 0
0 42 41 0 0 19 0 13 0 0 0 0 0 0 0 59 81 90 0 98 56 0 0 0 36 0 0 35 11 0 0 0 0 0 0 0 0 0 0 0
0 0 0 73 0 0 0 0 0 0 0 0 0 0 19 0 0 0 0 1 0 0 23 17 0 33 75 0 0 0 45 0 0 48 24 67 0 0 0 0
0 27 0 15 77 0 0 0 0 0 61 0 0 28 0 0 0 46 0 77 0 38 0 0 0 30 97 0 8 0 0 5 66 0 0 0 33 0 42 7
0 0 0 0 0 0 0 99 0 0 0 0 0 0 0 0 51 0 57 0 64 81 45 0 71 20 0 81 0 0 70 0 0 0 0 0 0 0 0 0
0 0 0 7 0 88 57 0 0 24 0 0 0 0 53 5 0 0 0 0 0 0 22 0 21 67 0 0 10 91 35 0 19 59 0 62 24 0 54 0
0 44 0 5 0 0 82 25 32 8 0 0 0 0 0 0 12 0 80 0 0 0 84 0 0 0 3 85 0 78 0 0 0 0 0 29 30 0 63 0
0 0 0 0 0 0 88 0 0 82 28 0 0 36 10 0 0 91 0 0 1 0 16 99 0 99 47 0 0 0 13 59 0 0 0 0 70 0 0 66
0 0 0 0 97 0 0 0 0 0 0 0 0 0 12 0 0 0 0 0 0 43 0 74 0 82 0 0 49 0 0 0 0 0 19 0 0 0 38 64
90 0 0 70 0 0 0 0 17 0 0 0 27 37 0 16 0 2 0 40 0 15 0 0 6 0 0 25 0 0 0 14 0 36 0 0 70 0 0 0
0 90 0 0 0 50 53 0 0 0 0 9 0 0 0 0 38 0 0 29 84 0 0 0 0 0 0 0 0 62 0 0 0 0 90 61 0 0 0 0
0 58 0 11 0 0 0 35 5 96 41 98 0 0 0 3 24 0 0 15 0 0 42 2 0 38 0 71 0 0 13 87 0 80 0 0 0 0 0 0
0 0 0 63 0 0 0 0 0 0 73 0 0 74 0 0 0 0 0 13 35 55 79 0 0 25 65 0 0 0 0 0 0 0 66 88 0 29 0 0
0 0 7 0 0 0 7 0 72 0 24 27 0 0 24 77 85 0 0 31 0 0 89 0 0 63 68 0 0 81 0 0 53 0 0 81 0 79 0 0
0 44 13 0 0 70 0 0 5 0 0 75 0 0 1 18 98 0 81 99 0 67 98 75 0 0 32 0 0 0 0 0 0 97 71 80 12 0 0 65
72 0 0 0 0 8 0 0 0 0 0 0 17 69 0 0 0 0 0 0 0 0 15 0 0 0 82 87 0 0 37 0 0 0 97 0 0 53 0 0
58 52 74 12 0 68 7 55 0 0 0 92 0 0 0 0 0 0 0 0 77 0 0 0 30 0 10 0 0 92 0 0 95 37 0 0 0 85 0 18
0 0 0 0 0 0 0 0 0 0 0 0 58 0 0 67 70 24 19 0 0 0 0 0 7 11 0 0 0 0 0 0 0 0 67 0 0 0 0 0
