33 73 0 0 0 86 0 0 0 0 68 0 0 43 0 0 0 36 85 45 18 0 0 28 91 0 0 34 81 0 0 0 97 26 0 0 29 52 0 90
0 0 72 0 0 0 0 0 57 0 0 50 0 0 76 99 0 0 62 0 0 0 0 0 48 93 0 0 0 0 0 0 46 0 0 55 0 0 83 32
0 0 0 0 0 86 0 0 0 0 0 58 0 0 0 0 0 0 0 0 0 40 0 0 0 0 0 0 0 91 0 0 0 0 0 80 0 0 0 0
0 0 0 0 0 0 0 97 54 0 0 0 0 0 0 0 0 42 0 95 0 0 0 0 0 46 0 0 62 0 37 0 0 0 0 66 29 20 0 0
0 0 0 0 0 81 0 0 47 86 94 0 0 43 0 95 94 18 0 78 0 0 40 0 24 0 40 25 25 0 19 24 0 25 40 0 83 0 0 33
62 0 0 0 22 0 0 0 0 0 0 54 0 0 68 0 49 82 9 0 0 0 66 0 0 0 0 0 0 0 0 0 0 0 0 0 0 76 0 0
0 4 0 0 0 0 0 0 0 0 0 50 55 0 15 0 0 7 74 53 0 65 0 0 47 0 0 23 0 11 14 0 0 7 0 0 45 0 0 42
27 0 0 89 0 0 36 0 0 77 0 0 0 0 0 99 0 0 0 45 0 0 0 87 0 81 29 0 0 56 0 91 88 0 0 0 0 0 0 96
0 0 0 44 0 37 0 0 12 0 70 0 14 0 0 0 0 0 34 0 0 0 54 0 0 0 0 0 0 0 87 14 79 83 0 0 0 0 0 0
84 0 0 53 57 0 0 0 0 36 0 0 0 10 0 0 0 78 0 47 0 0 0 0 0 0 0 0 0 0 17 0 28 68 0 0 0 0 65 18
0 0 0 34 0 0 87 95 0 0 0 0 86 0 95 0 0 0 2 0 0 21 77 68 62 0 4 43 0 21 0 37 0 0 0 39 46 0 0 0
0 0 0 0 0 0 0 0 39 0 0 0 0 0 5 0 0 0 0 0 0 51 69 0 58 0 0 0 0 0 0 62 0 0 0 0 0 57 0 0
67 9 0 1 0 45 0 0 29 80 77 0 58 0 0 21 0 0 0 0 42 0 0 5 0 0 0 0 0 45 0 0 0 93 0 0 0 0 0 0
0 72 0 69 63 0 82 0 0 0 71 0 0 0 0 36 0 0 0 9 26 50 0 31 0 0 0 82 0 75 0 0 0 0 0 0 0 32 0 0
0 11 18 0 57 0 11 0 0 94 0 0 0 0 0 0 0 0 65 0 0 0 0 0 0 0 0 37 0 0 87 43 10 0 63 0 0 0 0 0
25 0 67 41 0 79 0 22 0 0 2 0 0 77 56 0 0 0 0 0 0 94 0 0 67 29 0 91 0 19 47 0 0 0 82 8 52 0 0 0
0 0 0 0 1 0 59 86 0 0 42 0 34 41 0 0 0 0 74 0 0 0 25 0 77 0 0 0 45 64 68 0 0 0 25 0 0 21 0 50
52 0 0 0 0 69 86 34 0 86 0 0 0 0 0 0 0 0 52 0 19 0 70 0 0 0 0 0 0 24 0 92 0 0 3 0 96 0 0 70
0 0 0 40 0 0 6 0 0 0 0 0 0 0 72 0 10 66 0 0 0 29 0 40 0 0 0 76 91 0 0 12 0 0 0 81 0 0 0 0
47 75 0 52 0 0 0 0 0 0 80 0 0 75 14 0 0 0 0 0 0 0 0 93 62 95 56 0 0 0 0 7 0 0 2 0 65 0 0 0
0 0 0 84 22 29 0 0 0 0 0 0 0 0 62 0 0 77 0 75 7 0 0 0 50 76 0 71 0 38 0 0 0 0 0 0 0 71 0 0
0 0 0 32 0 0 0 0 78 0 0 49 0 0 0 34 0 0 0 29 0 91 24 0 0 53 0 0 0 0 0 16 0 0 89 22 0 0 0 0
0 98 16 0 0 61 78 91 3 16 0 9 81 0 0 3 94 0 0 0 0 0 0 0 13 1 40 0 0 83 0 0 62 4 0 0 0 0 91 0
0 0 0 0 27 0 0 0 38 0 0 0 0 38 0 93 0 0 0 0 0 0 46 0 0 0 0 0 0 0 0 0 94 36 0 0 0 0 10 0
32 0 29 0 0 0 0 0 0 0 0 0 0 19 0 74 19 0 0 0 18 0 87 15 0 49 0 0 57 19 0 0 0 0 54 0 0 0 24 0
0 0 0 61 36 0 37 0 0 70 27 0 0 21 0 32 5 14 0 0 0 90 0 0 40 19 0 59 0 73 86 0 0 0 0 0 0 0 0 25
60 18 22 0 0 58 0 80 35 0 0 0 0 0 0 40 0 0 58 63 0 0 0 0 0 33 99 62 14 0 84 0 97 0 3 0 80 14 0 0
0 0 0 0 0 3 50 43 85 0 7 88 94 66 0 34 21 21 9 0 43 0 0 0 0 0 0 0 0 56 0 0 0 84 0 51 55 0 54 97
0 0 0 0 0 0 0 0 0 75 42 0 0 0 0 0 18 0 0 0 88 0 0 0 0 0 0 0 0 0 68 0 92 7 0 0 89 99 0 51
28 0 0 0 98 0 16 0 37 0 11 0 23 0 39 0 79 83 3 0 0 60 0 0 70 64 0 0 0 0 0 0 0 51 0 99 0 0 74 0
87 0 0 63 84 87 69 0 0 0 0 0 9 0 0 0 5 0 0 0 0 19 0 0 0 0 0 0 0 0 0 0 85 0 0 0 0 0 0 73
48 0 37 15 0 0 0 24 0 0 0 0 0 0 0 93 0 75 0 65 41 0 0 89 0 0 0 0 0 1 0 29 0 41 12 83 0 0 0 0
0 0 0 12 14 61 0 0 0 53 0 0 91 0 89 0 0 77 0 26 0 0 0 63 0 58 85 0 6 52 93 0 0 86 0 0 44 0 35 25
5 25 0 0 98 0 0 0 0 80 62 81 0 29 31 0 0 0 0 0 0 0 20 0 0 0 0 0 0 0 0 0 0 67 55 31 85 0 77 24
0 82 0 4 0 4 0 0 0 66 0 0 0 19 0 0 0 0 79 48 0 0 0 0 0 0 0 0 72 0 0 0 15 81 0 75 0 0 71 95
0 0 0 0 0 0 0 0 0 0 0 65 41 0 0 93 0 49 0 0 10 52 0 46 30 0 0 85 93 21 0 6 0 31 0 0 87 0 0 0
0 0 0 0 28 0 0 0 0 0 0 0 0 0 0 48 0 0 0 0 0 0 0 0 85 0 0 23 98 69 0 0 0 0 21 0 0 0 0 0
0 0 58 57 0 84 0 0 0 0 0 75 0 0 54 0 84 0 0 74 79 0 0 0 67 0 63 0 65 0 0 0 34 60 58 10 50 0 0 0
0 0 0 77 0 0 0 54 0 42 0 85 0 0 0 0 29 0 0 0 0 0 94 0 0 0 87 0 6 88 49 0 0 0 0 64 0 58 0 0
0 60 43 78 82 0 0 0 0 29 37 0 68 0 0 0 0 8 0 3 39 0 0 0 0 0 14 0 0 0 1 0 0 51 76 0 79 0 79 0
