0 42 0 0 0 54 0 0 0 2 0 0 83 0 92 0 0 0 0 0 0 0 0 0 81 0 0 2 0 0 51 0 0 37 32 0 0 0 0 0 0 0 0 55 0 0 0 0 0 71
0 0 65 0 0 25 65 56 0 0 0 78 0 0 0 0 88 0 8 84 0 73 61 0 0 0 0 37 0 2 81 0 0 0 0 0 58 0 0 0 40 0 0 85 0 41 0 40 0 0
0 84 0 0 0 0 0 3 27 0 0 0 0 0 0 71 0 0 0 95 71 82 63 43 0 74 0 0 75 49 81 64 0 0 0 0 0 0 38 0 0 0 38 31 0 56 72 71 0 0
0 0 0 0 97 0 0 0 0 12 7 13 0 0 0 0 0 75 0 0 0 47 53 40 0 0 0 13 0 0 0 79 0 0 81 38 0 0 0 34 0 0 9 0 0 0 0 23 56 10
81 0 10 0 0 78 0 61 94 54 0 0 0 0 0 0 70 40 0 0 0 44 32 0 0 0 0 0 0 0 0 0 0 79 0 85 0 0 72 0 12 0 97 0 61 0 79 0 0 0
55 0 0 56 0 0 98 49 0 0 0 21 57 0 0 0 0 0 0 0 0 58 0 0 0 0 0 0 0 0 0 50 0 0 0 0 0 20 0 0 18 0 10 35 0 0 39 0 0 46
50 0 72 0 0 0 0 0 0 0 0 30 21 27 0 28 33 0 0 0 37 46 78 0 0 0 73 0 0 0 33 21 0 0 54 0 0 75 89 78 0 0 0 92 34 0 0 0 0 10
0 0 0 0 0 31 40 0 40 0 0 0 0 0 11 0 0 51 83 4 0 0 67 0 0 0 0 30 30 36 0 0 23 0 0 0 80 0 23 40 0 0 0 18 0 0 0 99 27 0
0 0 0 0 0 9 0 0 0 0 0 0 0 6 0 0 86 0 10 0 0 34 54 0 0 0 0 0 0 46 0 0 62 14 0 0 0 0 0 0 0 0 0 79 0 23 31 0 37 0
0 7 8 0 97 1 9 0 0 61 0 0 82 18 0 57 0 0 79 44 0 0 0 22 0 0 95 74 0 0 36 0 0 0 0 0 0 0 0 58 0 95 0 0 0 0 0 0 43 0
