0 0 0 0 0 0 0 0 0 0 0 0 0 0 0 0 0 0 0 90
0 26 0 0 0 0 0 29 0 91 81 0 83 0 0 0 0 0 33 0
0 0 0 0 0 0 32 0 6 0 40 0 0 50 0 0 0 0 0 0
0 0 0 0 44 0 0 86 0 0 0 52 0 0 0 0 0 0 0 57
76 0 0 0 0 0 0 0 91 0 0 0 0 0 0 0 0 0 27 0
53 0 0 0 0 0 0 0 0 0 96 0 32 0 0 0 0 0 0 3
42 0 0 0 0 0 0 0 0 35 0 77 0 97 0 0 0 0 0 0
0 0 0 88 0 41 28 0 0 30 95 0 0 0 0 0 0 0 0 0
0 0 0 0 0 34 8 0 0 23 0 34 0 79 0 0 0 0 0 0
0 0 63 63 0 0 0 0 45 98 0 0 0 0 0 5 0 0 74 0
56 37 0 0 36 31 3 0 0 0 0 35 0 0 0 0 0 0 0 0
0 0 0 0 8 0 0 16 0 0 0 0 0 87 3 6 24 80 0 3
0 0 10 0 0 0 0 0 0 0 0 0 0 0 0 0 0 15 8 0
0 0 0 0 0 0 0 0 9 0 0 0 0 0 0 0 0 0 0 0
0 4 99 0 0 0 24 0 0 0 63 45 71 0 71 0 0 56 0 0
0 0 0 0 0 0 0 67 0 19 0 0 53 99 0 0 0 0 0 0
84 0 75 75 0 0 2 0 31 0 0 0 22 3 24 0 0 0 0 0
19 98 0 82 34 0 0 0 62 0 11 0 0 0 0 0 0 85 0 0
0 0 0 0 68 0 0 0 0 0 0 0 0 50 18 0 65 0 0 17
0 64 0 0 0 0 15 0 0 22 0 46 3 92 0 43 0 0 0 71
