0 0 0 0 0 30 0 0 0 0 0 0 0 97 37 0 0 28 0 86 0 71 0 0 0 0 0 0 57 0 0 0 8 70 0 0 8 4 5 0 0 0 0 0 0 0 0 0 59 0
0 24 0 0 0 0 0 0 0 0 0 0 0 0 0 0 0 0 0 0 0 0 62 0 19 51 13 0 2 0 0 53 0 0 16 0 0 89 0 0 0 0 0 0 0 0 0 0 0 0
52 0 0 0 0 0 0 0 0 41 0 0 26 32 0 0 0 0 0 0 57 39 0 66 0 0 0 0 0 0 0 59 0 81 0 0 0 0 28 0 0 0 0 0 16 10 0 46 32 0
0 78 99 0 0 57 0 0 0 51 0 0 0 0 81 0 0 0 0 0 0 0 0 0 54 0 0 61 0 0 81 83 0 0 0 10 0 0 0 0 33 0 0 0 0 0 0 89 0 0
0 38 41 0 0 0 57 0 0 0 5 0 12 0 0 0 45 0 0 0 0 0 0 76 0 0 62 77 64 49 81 45 0 0 11 0 0 0 29 7 0 56 0 0 0 25 86 43 0 57
0 0 0 0 62 0 0 0 28 0 23 0 0 0 0 0 0 0 0 0 0 0 97 23 0 0 0 0 0 38 1 0 0 67 0 0 0 0 0 0 0 0 67 0 2 0 0 0 0 57
0 0 0 0 3 0 0 0 0 18 0 0 0 0 87 0 0 22 0 0 0 0 0 0 0 0 0 82 0 0 0 46 0 0 0 81 0 0 0 0 81 0 0 0 0 50 0 0 0 38
0 0 29 0 93 0 0 0 0 0 0 94 0 0 0 0 0 0 0 64 0 0 0 0 0 1 0 0 0 22 72 0 0 0 0 0 0 0 0 0 0 0 0 0 0 88 0 53 0 87
0 0 6 0 67 0 0 0 0 0 0 0 0 0 0 0 0 0 4 0 49 0 0 0 0 0 0 0 0 0 53 0 0 0 0 0 0 0 0 0 0 0 0 0 0 0 30 0 46 0
0 0 0 0 7 30 0 0 0 0 0 0 0 0 0 55 0 46 58 0 0 0 0 0 19 0 0 0 24 42 0 0 0 0 95 15 69 70 0 0 68 0 82 0 0 72 40 0 0 0
0 0 60 0 31 39 0 0 0 41 39 0 59 0 0 0 23 80 66 0 0 87 0 0 0 0 91 0 0 0 64 0 0 91 0 16 13 0 0 0 0 0 0 93 43 0 0 0 0 0
0 0 0 70 0 0 4 27 0 0 0 0 0 14 0 0 0 0 0 96 0 0 41 0 0 0 0 49 0 0 0 0 0 0 76 20 0 66 0 0 0 0 3 0 77 21 0 0 63 0
0 0 66 0 0 0 0 65 0 0 0 0 0 0 0 93 0 0 0 74 0 0 0 0 0 0 0 73 0 0 0 0 0 18 24 0 0 0 0 34 0 0 77 0 35 0 0 0 0 0
0 0 77 0 95 0 0 17 0 0 0 0 0 0 0 0 0 0 0 0 0 96 0 30 0 0 0 0 98 0 0 0 0 0 0 0 0 0 0 0 0 0 0 0 0 0 0 0 0 35
80 95 0 0 0 13 0 0 0 0 0 0 0 0 0 48 0 45 0 0 50 0 77 0 0 40 0 0 0 61 0 0 0 48 0 0 0 0 1 0 13 76 0 0 0 0 35 0 0 0
0 0 0 54 0 92 0 71 0 0 0 0 20 0 0 0 0 0 0 0 0 0 70 0 0 0 35 0 0 0 0 0 0 0 96 0 43 0 0 46 8 0 0 0 88 0 56 0 0 40
4 0 0 19 0 0 0 0 0 58 64 22 0 0 0 0 0 0 0 0 0 0 0 0 0 0 0 0 66 0 0 28 4 0 0 0 0 0 0 0 77 0 38 0 0 0 29 2 0 0
6 0 0 0 0 0 0 11 0 47 0 0 25 0 0 0 0 0 86 77 57 0 0 0 0 0 0 0 0 0 0 0 0 0 0 28 0 0 84 0 0 9 0 0 0 0 0 59 0 0
0 0 0 0 0 0 0 0 0 0 0 0 0 0 0 0 0 0 0 0 0 0 0 0 0 89 0 0 0 76 0 0 26 92 95 0 0 67 0 0 57 0 0 0 0 7 0 31 0 0
0 24 81 0 0 0 0 0 0 0 0 0 0 0 0 0 0 97 0 24 0 0 0 0 0 59 0 0 75 0 0 0 0 0 0 0 0 90 0 0 0 0 0 0 0 95 0 0 0 88
21 0 0 0 0 37 0 0 0 0 0 0 38 0 0 0 93 0 44 44 0 0 3 0 0 0 0 0 0 0 0 44 63 0 0 0 0 0 0 0 0 0 0 22 0 0 0 0 0 23
0 0 14 0 0 0 0 84 36 0 0 48 0 0 4 0 0 0 0 3 0 0 0 0 88 0 33 0 0 0 0 0 27 0 0 0 56 15 77 5 0 0 0 0 0 0 0 0 0 0
0 15 0 1 0 0 0 0 0 54 0 0 16 0 0 0 0 0 0 0 0 0 0 0 68 82 74 56 4 76 35 0 0 0 40 0 0 35 0 0 0 0 97 0 0 0 0 0 0 55
0 24 83 0 0 0 0 0 74 0 78 0 0 43 61 0 0 0 0 0 56 0 0 90 0 0 0 0 50 0 0 0 0 0 0 0 99 0 0 0 57 93 0 0 0 0 85 0 84 0
15 0 0 0 0 0 0 0 0 0 0 0 25 45 0 84 0 0 0 0 56 0 0 0 0 17 0 0 0 41 0 0 0 82 0 0 12 0 43 88 23 59 0 39 0 0 0 0 0 0
4 0 0 0 18 0 0 0 0 45 97 0 0 0 0 0 21 0 0 0 0 93 50 0 27 0 79 0 0 0 0 78 0 0 70 0 0 0 0 0 0 44 0 0 85 0 0 0 0 0
80 0 0 0 10 0 0 1 0 0 0 81 0 0 63 0 59 0 0 55 0 0 0 0 0 0 0 0 0 0 0 0 0 65 0 0 0 0 51 0 85 0 0 55 0 6 0 0 0 0
0 27 0 97 0 0 35 10 0 0 57 0 0 0 0 23 0 0 0 1 0 87 99 26 40 80 0 0 0 0 0 0 0 0 0 0 50 0 0 0 34 0 74 0 91 38 0 0 0 0
0 0 0 0 0 0 0 0 57 95 0 0 0 0 0 56 0 0 30 40 0 0 6 0 0 0 39 0 0 0 0 0 0 0 0 0 0 0 0 0 0 0 0 29 0 0 85 46 0 0
0 0 0 0 24 0 0 0 0 0 0 0 0 0 0 0 0 40 43 87 62 0 0 0 0 0 0 0 42 0 29 67 0 0 0 0 0 0 0 0 0 0 90 0 96 3 0 0 0 0
