0 0 0 0 80 0 0 76 0 56 6 0 3 0 0 0 24 40 0 0 0 0 0 0 0 0 75 0 31 0 50 0 0 0 0 0 0 0 0 0 9 0 0 0 10 4 0 0 0 0
0 0 0 0 63 75 0 0 0 0 0 36 0 0 0 59 0 0 73 59 12 0 12 0 0 80 0 0 0 0 0 0 0 0 0 0 0 0 0 93 98 62 0 0 0 0 23 87 0 0
0 41 0 0 0 43 38 0 0 0 20 0 0 0 89 0 0 0 99 0 36 0 41 0 28 0 0 0 0 0 0 69 78 0 0 4 0 0 16 0 0 0 41 0 0 0 89 0 0 0
0 0 0 0 0 0 0 0 0 77 0 0 0 0 36 0 0 0 85 0 0 4 0 59 0 15 37 0 0 32 87 0 0 0 0 0 0 0 0 0 0 5 69 0 0 0 0 0 0 0
71 0 0 0 0 0 0 0 0 0 0 0 0 0 0 0 0 0 0 4 0 0 0 41 0 0 0 0 0 0 0 0 83 0 0 0 0 0 0 0 24 0 0 0 0 0 0 0 0 0
0 0 0 0 0 0 0 0 0 0 0 0 0 0 0 0 0 61 55 42 0 0 0 0 0 8 0 0 0 0 0 0 47 0 0 0 84 0 0 88 0 0 0 45 0 0 27 0 0 73
0 0 0 0 41 0 0 52 0 0 24 0 0 0 47 67 0 0 16 0 0 0 0 0 0 0 0 0 0 0 0 26 10 0 0 0 0 74 59 0 0 0 0 0 0 0 0 0 0 0
0 45 39 0 0 43 0 0 0 0 25 0 48 0 0 0 0 0 8 0 0 0 4 0 0 0 0 51 0 0 0 0 0 0 88 0 31 0 0 0 0 0 0 0 78 36 7 0 0 0
73 0 0 0 0 74 0 0 0 0 0 0 0 0 82 0 0 15 0 0 0 0 0 55 0 0 0 0 0 0 0 0 0 0 0 35 0 0 66 0 1 0 74 0 16 0 0 0 0 0
0 0 0 73 0 65 0 0 7 0 81 0 5 0 0 0 0 0 0 8 0 0 83 0 90 0 0 38 0 67 0 88 45 0 0 0 36 0 0 0 0 0 44 0 48 0 0 86 0 0
0 0 37 0 0 0 0 26 0 0 95 0 0 0 0 0 42 18 0 0 0 0 0 26 0 0 0 0 0 0 0 0 0 0 35 0 0 46 61 0 0 0 0 0 0 0 0 42 16 0
18 0 0 0 0 0 0 0 0 0 0 0 0 0 0 0 0 0 0 0 0 0 0 32 0 0 98 0 0 0 0 0 0 0 0 0 0 0 0 0 0 0 0 62 0 50 0 0 0 0
0 0 0 0 0 0 0 0 0 0 32 74 30 0 41 0 0 30 18 0 31 56 0 54 0 0 34 0 0 0 72 0 0 47 0 0 0 0 0 0 0 0 0 0 0 46 0 0 54 0
27 0 0 16 0 0 81 0 0 95 0 0 0 0 0 0 0 0 0 0 0 28 0 0 0 0 0 88 0 0 0 0 0 0 0 0 0 0 74 0 0 0 37 0 0 0 0 0 0 0
0 0 19 0 0 0 0 65 0 0 48 0 48 0 0 45 0 0 0 20 0 0 0 0 19 0 0 52 0 0 66 0 0 0 0 0 0 0 0 87 0 8 0 0 0 0 0 0 0 0
0 45 0 0 0 0 0 40 0 0 0 0 0 0 0 0 21 0 0 0 0 54 0 58 0 0 0 0 0 0 0 0 27 0 0 55 0 0 0 0 74 26 81 0 0 0 0 0 0 0
91 0 0 48 0 0 0 0 0 1 0 0 0 0 87 0 0 0 0 86 0 0 0 0 0 0 0 0 0 0 0 0 0 0 0 0 2 0 0 0 0 34 0 0 0 0 0 0 0 97
0 0 0 0 0 0 0 0 78 0 0 0 86 0 0 55 0 0 60 0 0 0 0 0 0 0 0 0 0 0 0 80 0 0 0 53 0 0 0 0 53 0 0 57 0 0 0 0 0 0
0 0 0 0 0 0 0 54 16 33 50 0 0 0 92 0 0 0 0 0 0 50 0 0 0 0 0 88 69 0 28 0 0 0 0 0 0 0 0 0 0 0 0 0 0 0 0 0 0 0
0 0 0 0 0 0 0 0 0 0 0 0 0 0 0 0 0 0 0 0 0 0 0 0 28 0 26 0 0 0 0 0 0 40 0 51 0 0 0 0 0 0 0 0 0 0 0 0 0 0
0 0 0 9 0 0 0 0 0 0 0 0 0 60 0 0 0 0 30 0 0 0 44 0 0 0 0 0 0 0 18 0 45 20 0 0 0 0 0 0 0 0 0 3 0 99 0 19 57 80
25 0 75 0 47 0 0 0 0 0 0 0 0 0 0 14 0 0 0 0 81 0 29 0 0 0 0 0 0 0 0 87 39 27 0 0 0 0 0 0 60 0 0 0 0 0 0 0 0 0
0 0 0 0 0 0 0 0 66 0 0 0 40 0 0 0 0 0 0 0 36 0 0 0 39 0 0 29 0 0 0 0 0 0 0 0 0 0 0 0 0 0 3 0 0 0 0 0 0 0
89 0 0 0 0 0 0 0 0 11 22 0 0 0 0 0 0 66 0 0 0 0 0 0 0 0 0 0 12 51 49 19 0 0 0 0 0 0 0 0 0 0 0 0 0 0 0 0 0 0
0 75 0 0 0 42 69 0 0 0 0 19 0 0 90 29 88 17 0 0 0 0 0 0 0 0 0 0 0 0 22 0 0 0 0 0 84 0 0 42 0 0 99 0 0 24 0 0 93 0
5 0 0 0 0 0 0 0 0 0 0 0 0 0 0 0 0 0 0 55 0 0 0 0 85 0 25 0 27 0 0 0 66 0 0 0 0 74 0 0 96 0 0 0 0 0 0 0 0 0
0 0 0 0 0 0 0 0 0 0 0 0 0 0 72 0 0 0 0 15 79 0 0 12 0 0 0 0 0 0 20 83 0 0 0 48 0 80 0 0 0 0 0 93 0 0 0 0 0 58
0 67 0 0 0 0 0 0 0 0 0 0 0 0 22 0 0 21 0 0 0 0 0 0 0 0 0 0 33 69 71 79 0 0 0 0 0 0 0 0 0 0 0 29 0 0 16 0 59 0
0 0 86 0 0 69 0 0 0 92 0 0 0 0 97 0 18 0 9 0 0 0 0 0 0 0 7 0 0 72 0 0 0 0 0 0 45 0 0 0 0 0 77 0 0 0 0 43 0 0
0 0 0 0 0 0 0 14 0 0 0 0 0 0 0 0 0 66 0 23 0 63 0 0 0 0 0 0 0 0 0 0 0 0 71 0 28 0 0 0 0 0 0 71 0 0 0 0 0 0
0 0 61 0 0 0 0 0 0 0 0 0 0 0 0 0 0 0 0 68 0 0 0 0 0 67 0 0 0 0 0 0 0 0 0 0 0 0 0 0 0 0 0 0 0 0 0 0 0 0
16 0 0 39 24 0 0 0 0 0 0 0 32 0 34 0 57 0 0 0 0 79 72 0 0 0 4 0 0 0 0 0 0 0 0 0 0 0 0 76 0 60 0 0 0 0 0 0 6 0
0 0 0 0 0 0 0 0 49 97 0 0 0 0 0 0 0 0 34 0 0 0 0 0 70 0 0 0 0 0 0 0 0 0 0 19 0 0 0 0 0 0 0 0 0 0 0 0 0 0
7 0 0 0 0 0 44 0 98 0 0 81 0 0 0 0 0 0 0 0 0 0 56 0 0 0 0 0 0 0 0 0 0 0 0 0 0 0 0 46 0 85 0 58 0 5 0 0 0 0
0 0 0 0 0 0 0 0 0 31 0 0 71 0 0 0 0 0 0 88 0 0 0 0 0 0 0 0 0 0 0 0 0 0 0 15 0 0 0 0 0 0 0 0 0 0 0 68 99 0
0 0 0 0 0 0 0 0 0 0 0 50 0 0 0 0 98 0 0 0 0 0 71 28 10 20 0 0 0 78 0 43 11 0 0 0 0 0 63 84 0 0 0 0 0 0 0 0 72 0
0 0 0 0 0 0 76 0 0 0 0 0 87 0 0 0 0 0 72 0 0 0 0 13 5 0 0 0 0 16 75 46 0 0 0 0 0 20 0 0 0 0 0 81 0 8 71 0 57 0
0 0 27 0 0 0 27 0 69 0 0 0 0 0 34 0 18 0 0 0 0 35 0 16 0 0 0 3 0 0 82 0 0 0 0 0 40 84 0 57 0 0 0 0 0 57 0 0 0 85
0 0 0 0 0 0 0 0 0 0 0 0 37 0 0 0 0 0 0 0 0 99 6 0 57 0 0 85 0 10 0 87 0 0 0 0 0 0 0 2 0 48 0 0 0 0 0 0 0 0
0 0 0 0 0 0 0 0 0 0 0 0 0 0 43 0 0 0 5 0 0 77 0 0 0 0 0 66 0 0 23 54 46 0 0 85 0 0 0 0 0 0 95 0 6 62 0 0 0 34
