0 0 29 0 88 0 0 0 78 9
0 0 12 0 0 0 28 0 0 10
0 0 91 94 68 0 0 16 0 0
0 0 0 97 76 18 0 0 0 0
58 0 26 0 57 0 0 11 0 22
18 0 51 10 0 0 49 0 0 0
0 0 1 96 0 0 0 0 0 0
57 0 0 11 0 33 0 0 69 0
0 38 0 22 0 42 0 0 0 0
90 0 0 0 0 0 0 0 0 68
0 63 0 0 0 0 0 0 0 34
0 0 0 78 0 65 0 20 0 0
0 17 0 0 0 0 0 0 61 84
0 75 0 44 0 0 0 0 0 0
0 0 0 0 0 0 0 0 57 0
85 0 0 0 0 0 0 43 0 0
0 37 86 0 55 0 0 0 0 84
0 80 0 26 71 0 0 45 50 0
22 15 0 0 0 0 4 0 0 0
0 0 0 0 22 0 0 58 0 28
17 69 61 0 70 0 64 11 23 7
19 88 44 0 0 0 0 0 0 0
0 0 0 45 33 0 0 0 0 78
0 22 43 54 0 0 0 14 0 0
46 0 0 0 0 0 0 0 0 0
56 0 64 0 0 14 0 0 85 0
46 0 0 0 5 0 4 0 0 0
0 0 66 0 0 0 0 88 0 9
0 0 0 0 0 0 0 10 0 46
30 53 0 0 50 0 0 46 52 0
66 0 0 3 85 0 0 0 52 0
0 0 0 0 0 0 0 98 41 33
0 0 24 64 0 0 11 0 0 0
0 0 13 0 0 0 56 0 0 0
0 18 0 0 0 0 0 0 0 0
0 90 99 6 0 0 44 0 0 0
3 0 44 5 0 0 0 41 0 36
0 0 0 0 9 0 0 2 0 70
0 56 84 0 0 92 20 0 81 0
0 0 0 12 23 92 0 67 46 85
