0 3 0 0 0 0 0 0 0 4
0 65 66 0 0 0 37 0 0 0
54 0 0 0 62 0 76 90 0 0
21 0 0 0 17 0 0 0 0 0
64 0 45 66 0 0 0 0 2 0
0 0 0 78 0 0 0 0 0 0
0 22 0 0 23 0 0 0 0 96
0 0 0 0 0 48 0 0 0 0
47 0 0 0 0 20 67 0 0 23
93 0 0 23 0 0 0 0 64 88
92 0 4 0 82 0 0 8 0 0
0 0 0 0 0 0 82 0 76 55
34 0 0 12 0 0 0 0 0 35
99 76 0 78 0 0 0 79 0 0
43 0 0 0 22 0 50 0 0 0
0 0 0 0 0 60 0 28 83 0
96 0 0 0 48 0 0 63 0 69
16 28 48 0 0 0 0 0 0 0
16 0 0 0 0 32 41 20 0 69
0 0 61 0 0 8 0 0 0 78
0 0 0 0 0 0 0 0 0 0
0 10 74 0 0 0 0 0 0 74
81 75 25 0 0 0 0 21 0 0
45 71 94 28 73 0 45 0 0 0
0 3 0 0 0 21 0 18 0 0
52 0 45 0 45 0 86 0 0 0
60 0 0 89 44 0 0 48 95 0
42 22 0 97 16 0 0 0 93 0
0 0 0 0 0 0 0 0 47 16
0 0 6 90 52 0 0 0 57 0
