23 0 41 0 0 0 0 44 89 0 0 0 14 0 0 0 0 0 37 0 0 0 87 0 0 0 0 0 51 0
72 19 0 0 0 17 72 0 0 0 74 99 0 88 0 0 0 0 0 0 0 0 91 0 0 75 0 0 0 0
0 55 64 0 0 71 0 0 70 0 0 0 0 79 24 0 0 0 0 69 29 0 0 0 0 64 53 0 0 72
0 0 0 0 40 25 0 0 0 0 23 0 0 0 82 0 70 0 28 0 0 0 0 0 31 0 0 77 0 0
0 0 0 0 0 0 94 38 0 0 0 0 27 81 4 0 98 0 0 0 0 0 36 0 25 0 98 27 96 85
82 0 0 47 0 92 55 61 0 60 0 0 0 0 0 0 0 50 0 33 0 0 0 0 0 41 65 0 0 0
0 0 0 0 0 19 0 0 0 0 0 60 94 0 0 0 0 0 0 0 1 96 0 42 0 0 59 0 0 0
0 0 0 54 78 0 47 71 0 0 0 95 0 0 0 0 0 0 0 0 56 21 0 22 27 0 78 0 92 0
0 0 75 0 0 78 0 0 8 0 0 21 33 0 0 0 0 0 21 0 90 0 0 32 0 0 61 0 0 55
62 0 0 87 0 0 0 74 0 0 0 0 0 0 55 86 37 35 0 0 0 82 0 0 92 0 0 0 26 0
0 86 50 0 0 67 59 26 0 0 11 0 50 0 0 0 0 0 0 83 0 24 0 51 79 0 0 26 0 0
0 18 24 10 0 0 0 0 56 0 18 36 0 0 0 0 0 0 46 0 0 0 0 0 38 0 0 82 0 35
75 73 0 86 0 50 11 0 0 0 0 0 0 20 0 0 68 0 31 0 0 93 0 0 0 83 0 0 0 70
0 0 0 0 0 0 0 0 0 74 0 34 0 36 0 0 0 60 52 93 0 64 0 19 0 86 92 0 80 3
0 71 0 15 49 0 0 0 0 0 0 0 0 0 5 66 32 3 0 0 20 0 10 0 0 0 50 0 0 0
22 57 83 35 0 0 24 0 0 86 6 0 0 13 0 12 0 0 58 0 3 0 38 0 0 0 0 0 0 0
52 29 0 0 59 0 0 0 0 0 77 0 56 0 74 0 54 75 42 27 0 68 0 0 72 27 0 80 0 32
0 50 82 61 73 0 0 60 0 78 0 0 0 43 78 0 91 0 0 0 0 44 0 0 0 70 0 0 0 0
11 0 84 0 0 0 61 0 0 0 0 46 0 0 30 0 69 0 98 0 0 0 0 52 14 0 0 0 0 0
40 10 0 0 0 0 0 0 0 0 0 0 34 0 0 80 46 96 0 63 0 63 0 0 0 0 0 0 89 0
0 47 0 0 91 0 0 48 0 77 8 0 58 0 0 0 0 0 0 32 0 0 69 0 0 0 0 9 91 0
0 0 0 6 58 11 97 76 87 0 0 0 0 84 0 0 0 57 32 86 0 0 0 64 0 0 0 0 0 0
0 0 0 0 0 0 0 0 0 33 17 0 0 0 46 0 22 0 18 0 0 0 0 77 0 0 21 14 84 0
0 0 4 0 0 84 0 0 53 64 0 17 0 37 0 0 0 0 0 0 0 25 13 0 0 0 6 0 0 0
0 0 0 0 0 46 0 0 46 0 93 0 0 81 29 0 0 0 5 92 0 0 0 0 0 0 0 0 24 0
47 0 0 0 0 0 0 0 25 48 3 0 0 23 0 19 92 0 0 1 26 88 0 0 0 0 0 0 0 0
0 0 63 0 25 21 0 0 75 0 0 0 71 0 0 0 0 0 7 14 28 0 0 57 83 0 0 0 0 54
80 0 0 0 0 0 30 0 66 20 0 3 97 0 0 0 0 34 88 0 0 0 50 71 47 0 0 0 0 0
0 0 0 77 0 0 0 0 0 0 0 70 0 0 67 0 72 2 62 7 0 0 0 0 80 0 45 0 0 0
0 0 0 75 0 0 0 0 0 67 0 0 55 0 66 0 0 16 0 0 32 0 0 24 95 48 76 0 0 0
21 0 0 62 27 0 0 0 0 69 0 0 0 0 55 0 0 0 0 0 40 0 0 0 0 0 0 0 0 57
0 0 0 22 0 0 0 0 0 32 14 0 0 0 0 0 0 0 0 0 0 0 0 0 0 0 50 0 0 0
0 0 0 42 0 75 0 55 62 30 0 0 0 0 26 2 70 66 0 0 0 61 0 0 0 0 0 39 67 65
75 8 0 0 0 0 0 0 0 0 0 10 0 0 0 0 0 0 0 0 0 90 0 61 0 0 0 0 88 0
44 0 0 0 36 0 0 20 0 63 0 40 0 7 0 0 0 0 0 0 9 0 0 59 0 69 0 0 0 0
36 15 0 0 0 97 34 0 0 0 53 0 0 0 13 0 0 0 0 0 0 86 0 0 0 0 0 0 94 0
0 39 69 4 71 0 0 0 62 64 83 0 0 0 35 0 0 20 0 19 0 0 12 0 0 95 0 0 67 0
0 0 91 0 0 0 0 11 0 0 55 25 0 98 70 0 0 21 0 62 0 0 62 11 0 0 36 0 0 30
0 0 97 0 0 4 0 0 0 0 5 0 54 0 0 0 0 19 0 0 0 0 30 69 0 0 0 42 0 0
0 0 99 0 78 0 0 25 0 0 0 71 31 91 0 0 0 0 63 62 35 58 0 0 0 0 63 13 68 0
