0 48 77 58 0 0 0 0 0 36 0 86 90 0 0 0 0 0 0 0 31 0 0 0 0 7 0 68 0 0 0 0 0 0 0 0 0 17 27 0
0 0 0 0 0 0 93 0 90 0 0 0 0 0 0 0 0 0 0 0 0 0 0 0 0 22 0 8 79 0 0 0 0 0 0 51 0 52 0 0
71 0 0 0 0 40 0 73 0 37 0 0 0 0 0 0 15 0 0 0 0 0 0 0 0 0 0 0 0 0 0 87 0 80 0 0 0 0 0 53
0 0 0 0 10 0 7 0 0 74 7 88 0 0 89 17 56 0 0 0 0 75 0 0 0 0 0 0 0 0 0 0 0 71 0 0 0 10 65 8
36 0 0 38 0 0 2 74 0 0 6 63 0 81 0 8 0 0 0 0 0 0 0 0 0 0 32 0 0 0 0 69 55 0 0 52 0 0 0 0
88 0 0 42 10 16 0 0 0 0 7 0 0 72 81 98 0 0 0 44 0 0 13 0 31 0 0 0 92 0 77 0 0 0 7 54 34 0 0 0
0 0 41 0 39 31 0 0 85 0 0 0 0 0 85 0 0 43 46 0 83 0 14 0 0 0 49 0 0 60 21 2 0 0 0 0 0 0 87 0
0 0 77 0 0 0 0 0 66 0 0 0 9 0 0 0 0 0 0 0 0 39 0 0 0 0 0 0 0 0 0 0 0 0 0 0 0 0 49 0
0 0 0 0 0 0 0 0 0 76 35 0 77 96 62 0 0 0 0 0 75 29 0 0 0 0 0 0 0 0 0 90 47 0 0 37 0 18 0 0
72 0 0 71 0 0 0 0 0 0 5 0 0 0 0 0 0 3 0 88 0 0 0 3 34 96 0 0 0 0 0 66 0 0 90 0 59 0 0 0
0 0 54 49 0 0 0 0 92 0 15 0 59 0 0 0 84 0 0 0 0 0 0 9 0 0 13 61 69 39 85 0 0 0 87 0 0 0 0 86
25 0 0 0 0 26 0 0 0 0 0 0 0 0 0 0 0 12 0 0 0 0 0 0 0 0 0 62 0 0 0 0 0 0 0 80 0 0 0 0
0 22 0 0 0 0 50 0 0 0 0 0 0 0 89 0 97 0 36 0 0 0 0 0 24 0 0 0 0 0 0 24 0 0 0 38 0 0 0 50
0 0 0 40 0 0 0 0 0 0 0 0 51 0 0 0 0 98 0 0 0 8 0 0 0 0 0 0 0 0 41 0 0 61 0 0 69 0 0 0
0 65 0 0 0 0 0 0 84 0 0 0 0 0 0 0 0 0 0 0 0 0 54 0 0 75 0 0 14 0 0 0 0 0 0 0 66 0 82 12
0 71 0 0 81 0 0 21 0 0 10 67 0 0 0 0 0 78 0 0 0 0 51 0 0 0 0 0 0 0 0 68 0 76 88 0 0 0 0 0
0 0 0 0 0 0 0 0 0 30 4 0 0 0 0 0 0 0 0 0 85 48 0 0 0 0 0 72 93 0 0 0 0 0 0 0 0 0 0 0
81 0 45 0 0 0 0 37 0 0 45 0 48 0 0 0 2 0 0 0 0 0 0 82 0 0 0 0 67 57 0 0 0 0 33 0 0 29 0 0
0 17 48 0 0 0 56 0 0 75 0 0 0 6 0 0 0 0 0 3 72 0 0 0 0 0 0 0 0 0 44 50 0 0 0 0 66 0 0 0
39 0 0 0 0 0 50 0 43 0 0 0 11 0 30 0 0 0 0 0 0 0 0 54 0 0 0 0 0 3 0 0 0 0 0 0 0 0 0 0
0 0 36 0 0 0 76 0 0 0 0 0 0 0 0 0 0 0 93 7 0 67 0 52 0 82 53 96 0 0 0 81 0 0 0 0 91 0 76 53
96 0 0 79 0 0 0 16 0 0 0 67 0 0 0 0 0 0 0 0 0 0 0 0 0 0 94 0 0 96 0 0 0 62 0 0 0 0 0 0
0 0 0 0 0 0 11 90 91 0 0 0 0 0 0 0 58 91 0 0 0 0 0 0 0 0 0 0 0 89 0 0 40 0 0 0 0 77 0 25
0 0 0 32 0 0 0 0 19 86 0 0 0 0 40 0 56 63 0 0 0 0 0 0 0 0 0 0 41 0 0 0 2 0 0 0 0 58 82 0
93 40 73 0 0 73 58 0 0 0 0 0 0 0 0 0 0 0 0 0 85 0 2 5 0 68 41 0 0 86 0 0 0 0 0 98 0 37 14 0
80 0 73 0 4 0 4 0 47 0 0 0 0 75 0 0 0 0 0 5 0 0 86 42 0 0 0 83 81 0 0 0 66 0 0 0 0 0 0 0
0 0 0 60 0 0 0 0 0 0 0 0 0 0 0 0 0 0 0 0 0 0 48 0 5 24 57 5 71 0 0 15 0 0 0 0 37 0 0 0
0 40 0 0 0 74 0 0 0 0 0 0 0 0 0 73 0 56 0 0 53 0 0 73 0 0 0 0 0 0 0 52 0 0 0 0 0 0 0 0
89 49 0 0 62 0 0 0 0 0 74 65 0 0 0 75 92 0 0 0 0 0 0 0 0 19 51 0 22 0 0 0 0 0 73 84 97 0 0 0
0 0 0 0 0 55 0 0 0 0 0 90 0 40 26 4 0 0 0 0 77 64 71 0 22 12 35 0 3 0 0 0 4 0 0 0 0 0 0 5
71 47 0 63 45 83 0 89 0 0 0 0 0 0 0 0 0 77 81 0 80 0 51 0 0 0 0 0 12 0 0 0 0 0 0 0 0 0 59 93
0 0 0 0 0 0 0 0 0 41 28 96 0 0 0 0 0 90 0 0 0 0 0 25 0 0 0 0 0 0 72 0 0 0 0 0 0 0 0 0
0 47 43 0 0 0 0 0 0 0 0 66 0 0 98 0 18 0 85 0 48 0 0 0 0 48 0 0 0 0 34 0 0 0 83 0 7 0 92 0
0 0 0 0 0 0 95 0 0 92 17 0 0 0 0 0 0 0 0 0 0 58 39 0 0 0 0 25 0 0 0 29 0 0 0 0 0 0 0 0
82 0 69 0 0 0 13 0 0 0 0 0 0 46 0 0 0 0 0 0 0 0 0 0 0 0 0 0 0 0 92 0 89 0 0 0 0 0 0 1
0 15 0 0 0 15 0 0 0 0 0 23 0 0 63 0 73 76 0 0 40 0 0 0 0 0 0 0 20 0 0 0 0 0 0 0 0 0 0 0
0 82 0 0 0 83 83 0 0 0 0 0 0 0 0 0 0 0 51 0 0 0 0 0 0 60 0 3 42 0 0 0 71 0 0 0 70 0 60 29
0 0 0 0 0 0 0 0 0 0 0 0 0 0 0 0 62 0 0 0 0 0 0 0 0 87 0 3 41 1 52 0 96 31 68 0 0 0 0 0
39 0 0 0 0 0 23 22 0 0 26 0 64 0 0 14 0 0 60 82 0 0 0 60 0 0 0 97 0 0 85 78 0 0 0 0 0 80 0 0
0 0 0 0 0 0 0 0 0 0 0 0 0 93 0 0 0 80 71 0 0 0 25 0 0 0 0 0 0 0 0 0 0 0 0 0 0 0 0 0
