0 43 0 0 85 32 13 54 42 0 0 42 0 34 0 38 0 33 0 0
0 0 58 0 0 0 72 0 0 0 16 0 0 0 0 0 0 0 96 23
0 29 0 0 0 98 0 0 69 0 11 88 0 0 75 46 0 0 0 0
0 53 0 0 0 0 0 37 99 0 0 0 44 0 0 0 0 2 0 0
0 0 0 0 81 0 0 72 0 0 48 0 0 0 43 0 9 27 0 0
0 90 0 84 0 0 35 7 91 0 0 0 30 0 37 0 0 25 0 6
0 0 0 0 0 0 0 0 0 58 0 0 0 0 46 0 53 0 0 0
0 11 0 0 0 90 0 0 23 0 3 0 0 68 0 29 0 0 75 0
27 26 0 78 0 22 0 0 0 0 0 0 0 0 0 0 0 90 38 0
0 0 69 74 55 0 0 0 0 66 0 0 0 61 0 0 4 0 0 0
73 0 0 0 0 56 0 0 0 19 0 0 6 0 0 28 10 0 0 0
0 88 0 0 0 0 0 0 0 0 0 0 2 0 0 62 48 70 0 0
93 0 0 2 0 38 0 0 12 0 73 30 0 8 74 0 36 31 0 0
0 29 0 83 0 45 0 0 0 77 97 33 72 0 0 0 0 0 0 97
55 70 65 0 0 93 47 85 79 0 0 0 0 49 0 37 0 80 0 0
89 70 0 95 0 0 0 69 83 74 0 0 94 66 12 0 0 0 0 0
0 19 65 0 0 0 0 0 0 0 0 32 96 0 94 0 0 0 64 0
65 0 0 0 0 0 0 0 0 63 0 0 64 56 0 0 0 0 0 0
30 0 0 0 0 0 0 0 43 0 0 0 0 0 0 89 0 0 0 41
0 24 58 0 66 0 0 0 0 68 0 10 78 0 0 0 0 0 0 0
