0 8 3 9 71 0 0 0 20 0 0 23 0 33 50 0 72 0 0 7 0 0 0 0 0 0 0 82 16 87 96 0 0 0 85 0 58 61 56 76
40 85 97 36 0 0 0 0 0 0 67 0 0 0 0 0 0 0 0 91 66 0 0 10 0 0 0 66 0 0 0 0 0 14 0 0 35 39 0 73
0 0 0 0 13 0 34 0 62 0 95 47 0 17 0 0 0 0 0 0 0 31 0 0 0 0 0 0 0 18 0 0 0 0 19 0 0 40 0 61
0 51 12 62 0 85 0 0 72 65 6 0 0 0 34 0 0 0 0 0 20 0 15 0 28 0 0 34 0 0 90 0 0 0 0 0 0 58 0 37
0 78 0 68 86 0 0 0 67 0 0 0 30 0 0 0 6 0 0 0 0 0 0 0 1 0 11 0 52 0 0 0 0 4 0 27 0 0 13 0
0 0 0 0 91 97 0 76 0 0 94 0 0 56 0 0 10 0 0 0 0 0 2 0 44 0 0 0 0 0 88 0 0 0 0 57 98 0 89 0
0 0 0 0 0 31 0 3 90 24 27 77 0 0 59 0 0 0 0 0 58 8 0 0 92 0 0 0 0 0 9 77 0 0 0 0 0 0 0 0
92 0 0 0 0 18 0 0 0 13 7 0 0 69 0 0 0 0 0 0 52 0 0 0 63 0 20 0 0 0 0 89 6 0 0 0 0 0 0 0
10 0 0 0 0 16 93 0 0 31 0 0 83 0 0 0 82 47 0 0 59 8 0 0 0 4 0 0 25 0 0 0 0 0 0 82 0 0 0 81
19 37 84 41 0 0 83 0 0 59 32 28 89 0 14 0 0 0 0 96 0 0 0 0 0 27 0 0 22 0 0 56 0 0 87 0 0 0 0 84
