63 43 0 0 4 0 41 0 0 41
0 0 0 0 98 4 0 24 0 0
0 0 0 0 43 13 0 22 0 0
0 0 0 65 0 0 0 0 0 0
0 0 21 0 88 0 0 0 51 0
0 0 0 0 0 82 0 0 0 0
0 0 47 14 87 0 0 98 23 0
45 33 0 16 75 89 58 35 0 0
17 0 8 0 0 0 78 4 0 60
0 0 13 0 0 0 0 0 0 0
90 0 0 0 0 98 68 53 0 0
0 0 0 0 88 0 0 0 0 93
0 0 0 0 0 76 70 38 0 25
0 0 32 0 22 0 0 0 0 0
0 0 0 0 0 0 0 0 0 68
72 0 0 0 0 0 0 7 0 57
0 0 0 0 74 0 90 0 86 0
0 77 86 0 0 0 0 0 0 0
0 3 0 0 0 93 80 0 0 0
0 0 63 9 0 0 0 51 26 0
45 56 71 0 37 0 0 76 79 7
0 0 0 0 83 0 0 0 0 0
16 1 0 0 0 0 91 0 0 61
0 0 0 0 0 76 0 0 0 74
0 0 0 0 28 0 98 0 64 0
0 50 0 18 80 0 0 70 10 0
0 0 0 90 0 0 0 74 31 0
0 0 0 41 77 98 0 90 6 0
58 0 0 24 0 9 0 0 80 0
73 0 0 0 0 0 0 0 0 36
