0 0 0 0 0 0 0 0 0 0 77 0 0 0 0 0 0 32 0 0
0 0 0 0 0 0 0 0 0 0 0 0 15 0 83 0 0 0 0 0
0 0 17 0 0 0 0 41 0 0 0 51 0 0 0 0 0 0 59 0
0 0 0 0 20 0 0 0 0 83 43 0 0 0 0 0 0 0 0 88
0 0 69 0 57 71 0 91 0 96 0 0 0 46 0 0 0 0 0 0
0 0 0 0 0 0 0 46 0 0 0 0 0 95 0 0 15 0 0 0
0 43 0 0 0 0 62 0 0 0 0 0 0 0 0 0 0 0 0 0
88 74 0 0 0 0 0 0 0 0 91 89 0 0 0 0 0 0 20 0
0 0 0 0 65 0 87 0 49 0 0 56 0 0 0 0 0 36 0 0
0 29 0 0 0 0 0 0 0 8 0 0 0 0 0 55 0 0 85 19
38 0 0 0 47 0 0 0 0 60 0 0 0 0 0 0 0 0 92 0
0 0 0 0 0 0 0 0 0 0 0 0 0 14 94 0 0 97 0 0
0 0 67 0 0 0 13 0 0 0 0 0 0 0 0 35 0 0 0 0
0 40 0 0 34 16 29 0 0 0 0 0 0 0 0 0 0 0 0 82
0 0 18 0 0 0 0 52 86 0 0 0 0 0 0 63 0 0 0 0
0 94 0 0 71 0 45 0 0 21 0 0 0 0 0 0 0 0 0 6
60 0 34 0 0 0 0 20 0 0 0 0 0 0 0 0 0 0 0 0
0 0 0 75 56 0 0 0 0 0 0 0 11 0 0 27 0 0 9 0
0 0 84 60 0 69 0 0 0 0 0 0 0 0 0 0 21 0 0 23
0 0 0 0 0 0 8 0 45 0 0 0 0 0 0 0 0 61 0 0
