57 0 0 55 0 0 0 76 83 11 0 0 70 0 0 0 31 0 0 0 90 0 0 0 0 46 0 43 0 4 71 48 7 0 0 0 0 45 64 0 0 8 0 0 0 0 0 0 0 98
90 0 0 0 3 0 0 7 30 27 0 0 0 0 0 0 0 0 30 0 0 0 0 0 8 0 0 0 0 59 0 0 54 23 0 0 31 0 0 67 40 11 0 0 0 0 81 70 0 69
75 58 67 0 0 5 0 72 96 0 32 0 29 0 0 0 0 0 0 69 0 0 98 0 0 0 0 0 67 68 0 0 0 21 10 0 0 0 11 0 89 0 8 0 0 93 0 64 0 71
0 0 0 0 0 0 0 52 0 0 0 0 0 62 0 0 0 5 0 0 0 63 17 0 0 0 0 0 0 0 93 10 0 0 22 40 63 0 0 68 0 0 0 32 93 0 29 78 0 0
0 0 0 0 0 0 0 0 0 35 0 0 0 0 0 0 14 18 88 29 80 0 0 18 0 16 70 0 56 0 16 0 52 0 0 58 0 0 0 79 0 0 0 0 0 0 49 0 44 0
85 0 0 0 53 0 37 73 0 0 0 7 0 0 0 0 61 0 0 0 0 0 0 0 0 0 88 0 16 0 0 0 8 0 0 0 0 0 0 0 19 0 0 0 42 0 88 4 70 0
0 97 0 90 0 0 0 0 0 0 0 0 79 0 0 0 0 21 0 3 43 9 13 0 87 0 0 54 26 0 0 0 25 0 0 49 0 0 0 0 99 0 0 0 20 0 0 0 0 44
0 61 7 0 29 0 0 27 0 0 29 0 0 70 0 0 0 0 0 0 0 30 0 0 26 0 18 33 0 0 0 0 0 0 0 0 8 63 0 11 0 52 0 0 0 0 0 0 0 0
0 0 0 95 75 0 0 0 0 0 26 94 61 0 0 16 0 51 56 0 0 0 50 0 0 0 0 61 0 0 0 51 0 0 72 54 90 59 0 0 86 89 0 0 0 99 0 0 0 0
84 65 0 0 87 59 0 0 0 44 0 0 0 0 0 69 92 0 0 99 0 0 48 0 0 0 30 0 0 0 20 0 0 83 0 0 75 0 0 25 0 0 85 0 0 0 0 0 0 18
