0 13 0 0 6 0 18 0 0 0 0 0 0 0 0 0 0 70 0 0 0 0 0 0 0 0 0 52 32 0
0 0 0 0 0 0 23 0 0 0 16 0 0 0 0 0 78 0 0 0 0 0 0 0 0 0 0 0 0 0
0 0 0 0 0 0 0 0 0 66 0 5 47 61 0 0 0 0 0 0 12 0 0 0 0 0 66 0 0 0
0 0 0 0 59 0 0 0 0 0 80 0 0 3 0 0 0 0 46 0 0 0 0 0 51 0 0 18 0 0
22 0 0 0 85 5 0 61 0 0 0 0 0 0 0 0 0 0 0 0 70 0 0 96 0 0 0 0 0 0
87 0 35 97 0 22 0 46 0 0 0 0 0 59 71 0 0 0 0 0 0 0 0 0 0 0 0 0 66 0
0 0 0 53 0 0 0 98 0 0 0 0 0 0 97 0 0 0 0 0 46 0 0 0 68 0 74 0 0 0
0 0 0 0 0 5 0 95 0 0 0 0 0 0 0 0 0 0 61 7 0 0 0 59 0 0 0 0 0 8
0 0 0 0 78 0 0 0 0 29 0 40 0 0 0 0 24 57 0 0 64 0 0 0 0 82 17 0 0 0
0 0 0 0 0 0 0 86 0 0 0 0 0 0 0 0 0 0 0 0 0 30 0 0 84 0 0 0 0 6
