0 0 65 0 43 0 0 18 0 0 0 0 0 8 0 44 34 0 0 0 0 0 0 0 0 0 0 0 0 0
0 0 0 0 0 0 0 0 0 0 0 0 0 0 9 0 0 24 0 43 91 0 0 0 0 0 0 0 0 0
0 0 0 0 0 0 0 0 0 2 0 0 0 0 0 0 0 0 87 0 42 0 0 0 45 0 0 43 0 0
0 59 0 26 0 0 0 0 73 0 0 0 0 71 0 0 0 0 83 0 0 0 0 0 0 0 0 0 0 93
0 0 0 0 0 0 24 0 0 0 0 0 0 0 0 0 55 0 0 0 0 45 0 0 0 0 0 0 0 0
0 0 0 0 0 0 0 0 0 0 72 0 91 0 0 0 2 0 14 0 0 0 0 14 62 0 0 0 0 0
0 0 0 0 0 0 0 0 0 0 0 64 0 0 0 0 41 9 15 94 0 0 0 66 0 85 0 0 61 0
0 0 0 0 0 0 0 0 0 0 0 0 0 0 0 0 0 26 0 0 0 0 95 0 0 0 0 33 0 0
0 0 0 0 0 0 0 0 0 0 77 92 13 0 0 34 0 56 0 0 0 0 0 0 78 15 0 0 0 40
79 0 0 0 0 44 0 0 0 0 0 0 0 0 0 0 0 61 0 0 85 0 41 0 71 53 66 0 0 52
89 0 82 96 0 31 0 0 0 0 0 0 0 0 0 0 0 0 0 0 0 0 0 0 43 0 0 0 0 0
0 0 0 0 0 0 0 0 0 0 0 0 0 0 0 0 0 0 0 0 39 0 0 0 0 23 0 0 0 0
0 33 0 0 0 0 0 0 0 0 0 22 0 0 0 40 0 0 0 0 0 11 0 0 0 0 0 0 0 0
0 0 0 99 0 0 0 0 0 0 16 0 0 0 73 0 52 0 0 60 0 50 0 76 95 0 27 56 20 0
0 0 0 74 6 0 0 0 0 0 0 0 0 0 0 0 0 0 4 0 0 0 16 0 0 0 76 0 0 0
0 65 0 0 0 0 50 0 0 14 0 0 0 66 0 0 0 0 0 0 0 0 0 34 76 0 0 0 0 0
0 0 72 0 0 0 0 0 0 0 12 0 0 0 0 0 0 0 0 0 0 0 90 0 0 0 0 0 54 0
0 0 0 92 0 14 0 48 0 0 59 0 0 0 86 0 12 60 0 0 0 0 0 0 96 0 0 15 49 0
0 0 0 90 39 0 0 0 0 0 67 27 73 0 0 0 0 0 0 27 0 0 0 0 0 0 0 0 0 66
0 0 0 0 0 45 0 0 0 0 0 0 0 59 0 0 0 0 29 61 6 0 42 85 0 0 0 0 0 0
0 0 0 0 0 50 0 0 0 0 0 0 0 0 0 0 0 0 0 0 0 0 0 0 0 0 0 0 0 0
0 0 0 0 0 0 0 0 0 0 0 0 0 0 0 0 0 0 0 3 0 0 0 8 87 0 0 0 0 0
0 0 28 0 0 55 0 0 0 0 0 0 0 0 78 0 0 0 11 9 0 0 0 0 0 0 0 49 21 0
0 0 27 0 0 0 54 0 0 0 0 0 0 0 0 0 0 0 1 0 0 0 0 0 0 41 0 26 0 0
0 0 0 0 0 0 0 0 0 0 0 0 0 0 0 0 0 0 0 22 29 0 60 0 57 0 7 0 7 56
52 0 0 84 0 65 42 0 0 0 70 0 0 0 0 0 0 0 0 87 0 86 0 38 0 0 0 0 79 64
43 0 0 4 0 0 0 0 0 0 0 28 0 0 0 0 0 0 0 0 0 0 0 0 0 94 84 0 0 99
0 0 0 10 21 9 0 0 25 0 15 0 0 0 0 0 17 14 72 0 0 0 0 44 0 55 0 0 0 82
0 0 0 0 0 74 0 0 54 76 0 13 0 0 43 0 0 0 0 0 0 19 0 1 0 23 0 0 0 0
0 0 0 0 0 0 0 0 0 98 0 0 93 0 0 19 62 0 74 19 0 0 0 0 0 0 29 0 0 0
0 0 0 0 27 0 0 39 0 0 0 0 29 0 0 0 0 0 0 0 0 0 0 0 0 0 0 0 0 0
3 91 0 0 0 0 0 0 0 0 0 0 0 95 0 0 27 0 0 0 0 0 15 0 95 0 0 0 0 0
43 0 40 0 0 0 0 0 0 0 0 1 0 45 0 0 0 0 21 0 91 0 53 0 0 0 0 0 0 5
0 0 0 0 0 0 38 0 0 0 0 0 0 0 0 0 0 39 0 0 0 0 0 25 0 0 0 0 0 0
0 0 0 0 0 0 13 0 16 0 88 46 0 0 62 0 0 0 0 0 0 0 0 0 0 0 77 0 0 0
41 33 0 0 0 0 0 0 32 9 57 0 0 0 0 0 0 0 0 0 0 0 0 0 50 27 0 78 0 0
0 0 82 0 0 0 0 0 0 0 0 0 0 0 0 0 0 0 0 0 0 0 0 0 0 59 0 0 0 0
0 0 0 0 0 0 30 0 0 0 0 78 0 0 40 0 0 0 47 0 0 89 0 0 0 89 83 0 0 0
0 93 0 0 0 0 0 0 0 0 0 0 0 0 0 0 0 0 0 0 0 0 3 0 0 0 0 44 84 0
3 47 0 0 0 0 0 0 0 0 94 0 98 0 0 0 0 0 0 40 8 0 0 0 0 0 0 80 0 0
