0 0 0 0 0 0 0 0 0 0 0 0 0 54 0 0 0 0 51 0 0 0 0 0 0 78 15 0 0 92 0 0 0 0 0 0 0 82 0 0 75 0 0 0 0 0 0 0 0 91
0 9 0 0 0 20 0 0 32 62 0 0 0 0 0 0 0 0 0 0 39 0 0 0 0 0 0 79 0 0 0 22 0 0 7 0 0 0 0 73 0 0 0 0 0 0 0 0 0 0
0 0 0 0 0 0 0 98 0 0 0 0 0 0 28 2 11 0 0 0 0 0 31 0 0 0 0 0 0 0 0 0 9 0 0 0 96 0 94 0 0 0 56 0 0 0 0 19 0 58
0 0 0 0 0 0 0 0 0 0 0 0 0 46 0 0 0 0 0 19 0 0 0 0 0 0 0 0 0 0 0 0 0 0 0 0 0 0 0 65 17 0 0 0 88 0 0 0 0 0
0 99 33 0 0 0 0 0 0 0 16 0 0 0 0 0 0 99 0 0 0 0 0 0 37 0 0 0 0 0 0 64 89 0 0 72 0 86 53 0 0 0 0 0 0 0 0 0 0 0
0 0 0 72 0 17 23 0 0 30 0 18 39 0 0 0 0 0 0 3 0 0 0 0 0 44 0 0 0 0 30 0 0 0 0 0 0 24 0 19 52 0 0 0 0 0 0 0 0 82
0 0 19 0 0 0 0 55 0 0 91 0 0 0 0 0 36 0 0 10 0 0 0 0 0 0 0 92 0 0 34 0 0 0 0 0 0 32 0 0 0 0 0 0 0 0 0 0 0 0
0 0 81 24 0 0 0 0 0 0 0 0 73 0 0 0 0 0 0 0 0 76 0 17 0 0 0 5 87 0 0 0 0 37 0 0 97 0 49 0 0 0 0 57 0 0 0 0 0 0
0 0 0 0 0 0 62 0 0 0 0 0 0 0 0 0 0 0 0 0 0 0 0 0 79 0 0 0 77 0 3 0 0 0 0 0 0 0 0 0 0 0 30 0 0 0 86 22 0 0
0 0 0 41 30 82 0 0 0 0 0 0 0 0 0 0 17 61 0 24 0 0 0 0 0 0 0 43 0 87 0 0 45 0 0 0 0 0 88 0 0 41 0 0 0 0 39 0 0 0
76 0 18 55 0 0 0 0 0 0 0 0 0 0 89 56 49 0 45 0 31 0 0 0 73 0 0 0 0 0 0 77 0 0 0 0 0 0 0 0 0 43 0 0 0 0 0 24 0 0
0 57 0 0 0 71 0 0 0 32 0 0 0 0 0 0 54 48 56 0 66 0 27 0 0 0 0 87 0 0 94 0 84 0 0 66 0 0 73 0 0 0 0 0 0 0 0 0 0 76
0 0 0 0 0 0 0 0 29 0 0 0 0 0 0 0 0 0 0 0 0 0 0 0 0 0 0 0 0 0 0 80 0 81 68 0 0 0 0 98 0 0 0 0 0 93 0 0 0 0
0 0 0 49 0 0 0 0 0 0 0 0 0 31 0 0 0 0 0 0 0 0 0 0 0 0 0 93 0 0 0 63 0 78 0 83 0 0 59 31 0 64 0 0 0 0 0 47 0 0
0 78 94 0 0 0 0 0 0 0 67 0 0 0 0 0 0 0 0 0 0 0 0 0 0 0 0 0 0 0 0 0 0 0 0 0 64 0 0 0 0 63 0 0 0 0 44 45 0 87
0 0 0 0 0 18 0 0 0 0 0 0 0 0 0 48 0 0 0 9 83 99 17 58 0 0 0 0 37 0 0 0 37 0 0 0 0 0 0 0 0 89 0 0 0 0 0 0 0 0
0 0 0 0 24 0 86 21 0 51 0 0 0 0 0 71 91 0 0 0 0 0 0 0 0 0 0 0 97 9 0 0 0 0 0 94 0 0 0 0 0 0 0 0 0 53 0 0 0 0
0 0 0 0 23 0 0 0 0 0 5 0 0 0 0 0 0 0 0 0 0 93 68 0 0 0 0 62 0 0 0 0 83 92 0 0 0 0 0 0 0 0 5 0 0 17 0 5 0 0
91 0 0 80 2 2 0 0 0 0 21 80 0 0 0 0 0 0 0 0 0 0 0 0 0 0 0 0 0 0 0 22 0 0 0 0 0 0 0 0 0 0 78 0 0 0 0 0 8 0
0 60 53 96 0 0 0 11 0 0 0 0 37 0 0 0 27 0 0 0 0 0 0 50 41 0 0 51 8 0 85 64 0 0 0 0 0 0 0 0 0 0 0 0 84 0 0 0 0 0
