0 0 0 0 0 0 0 0 8 0
0 50 0 0 40 0 0 0 0 0
81 0 0 0 89 0 51 0 4 0
0 36 0 0 80 0 0 0 0 0
0 0 30 0 0 0 0 0 32 0
0 0 0 0 0 0 0 0 0 0
0 0 4 0 0 0 0 0 0 0
0 0 0 0 0 99 0 0 0 0
0 0 0 0 0 0 0 0 0 0
0 0 0 0 0 12 39 95 20 0
0 0 0 37 0 0 0 0 0 0
0 24 5 0 0 0 0 40 0 0
0 0 54 0 0 0 0 0 75 0
0 0 0 0 93 0 0 0 0 0
0 0 0 0 0 0 0 0 43 0
0 0 0 0 29 0 0 0 0 0
0 0 55 0 0 0 0 21 0 0
0 0 0 0 0 0 0 0 0 0
0 0 0 0 51 0 0 0 0 0
0 0 0 51 55 68 0 0 0 0
43 22 0 0 0 0 0 0 0 0
0 0 0 0 0 0 0 0 0 0
0 91 0 0 0 0 0 9 0 0
0 0 0 0 43 0 0 0 10 0
0 0 0 0 29 0 0 27 37 19
0 0 0 0 43 0 0 14 0 0
71 0 0 0 39 0 0 0 0 0
0 0 72 0 0 0 0 0 0 0
0 0 9 64 0 0 0 0 0 0
0 0 0 72 31 0 0 0 0 78
0 9 0 3 48 0 78 0 0 59
0 8 0 0 52 0 0 0 0 0
15 0 0 0 90 23 0 0 0 0
0 0 60 0 0 0 0 0 0 72
79 0 0 0 70 0 54 0 0 0
0 0 35 75 0 8 69 0 0 0
6 86 0 0 0 0 0 0 0 0
0 0 0 81 0 0 0 29 0 0
0 81 0 0 0 14 0 0 0 0
0 0 0 0 0 0 0 0 0 43
0 0 0 8 0 0 0 0 0 50
0 16 0 88 0 0 74 83 0 0
0 64 0 0 53 0 12 0 0 0
0 0 0 45 0 87 0 79 0 0
0 0 0 0 33 0 0 0 0 0
0 0 0 0 0 0 0 99 0 0
0 0 72 2 0 0 15 0 0 0
0 0 0 19 0 0 0 0 0 0
0 0 0 0 0 0 0 0 0 0
0 0 0 0 87 0 72 0 0 0
