0 4 0 0 5 0 0 0 0 0 0 0 0 48 0 0 0 0 96 85 0 0 67 0 0 0 0 0 0 0
71 0 0 0 0 0 0 0 0 51 0 0 0 10 0 0 0 0 0 0 0 0 0 0 0 0 0 0 0 64
0 8 0 56 0 0 0 0 50 37 0 0 0 0 87 42 70 54 0 0 0 0 63 0 0 18 0 15 98 49
0 0 0 0 85 71 0 0 0 0 66 77 22 23 0 0 0 0 0 34 0 50 20 0 8 0 8 0 0 0
55 87 0 0 64 8 0 1 0 16 0 0 55 0 0 0 0 59 0 0 6 0 0 0 0 16 31 0 0 0
41 0 0 73 0 0 0 44 52 20 0 97 0 98 43 64 48 0 0 36 0 0 0 0 0 42 0 93 0 22
0 0 0 0 24 0 5 0 42 98 0 0 26 0 51 0 0 0 0 0 0 0 32 0 0 0 0 2 0 14
28 14 74 0 0 0 0 27 0 43 43 82 0 0 66 0 0 44 0 0 0 0 19 0 0 0 0 0 0 0
0 0 62 0 0 0 0 0 64 0 0 64 45 0 72 0 0 0 19 18 0 26 0 0 0 0 36 0 4 17
79 0 0 45 0 0 87 0 0 0 0 19 0 0 0 24 75 64 0 33 0 0 0 0 94 0 0 0 0 0
