0 0 0 0 0 0 0 0 0 0
0 0 0 0 1 0 0 0 0 0
9 85 0 0 0 0 0 74 0 0
0 0 0 0 0 33 0 0 0 0
0 0 87 0 0 0 0 0 0 0
0 0 0 0 0 0 0 0 81 0
80 0 0 0 0 0 0 15 0 13
0 0 0 0 0 24 0 0 27 0
0 0 0 67 87 0 0 0 0 0
0 0 98 0 0 0 0 0 0 0
0 0 0 0 43 0 0 0 0 0
0 92 0 0 55 84 42 0 0 0
0 0 69 0 0 0 47 0 75 17
0 41 0 0 0 0 18 0 0 0
0 0 0 0 0 0 0 0 89 0
0 0 0 23 0 0 0 17 0 0
0 32 99 0 0 13 0 0 47 0
0 0 0 0 0 0 0 14 0 0
93 0 0 0 0 0 90 0 0 0
66 0 0 0 97 0 0 0 0 0
0 0 0 0 0 0 0 0 0 0
55 0 0 0 80 0 0 0 0 0
0 0 0 7 0 0 0 68 0 0
0 0 86 83 0 5 0 0 0 0
0 69 66 22 0 0 0 85 0 0
0 0 64 0 0 0 0 60 69 0
0 0 13 14 9 10 0 25 0 0
0 0 0 31 0 0 0 0 0 0
0 0 0 0 0 0 0 33 0 0
43 0 0 0 0 0 0 0 0 0
