0 29 0 0 22 43 47 77 0 60 0 0 31 0 0 0 0 59 0 0 91 82 83 0 0 74 0 0 96 0 0 0 0 73 21 0 0 99 0 15
74 0 42 52 0 0 0 0 0 0 0 33 0 0 8 79 42 0 0 82 0 0 0 20 0 45 0 0 0 0 0 0 0 3 0 0 41 0 59 15
0 0 0 0 0 0 53 0 0 80 0 0 0 0 0 0 30 0 0 68 0 62 86 37 0 21 0 0 0 0 36 7 76 89 57 74 21 0 88 28
0 0 0 63 68 0 0 84 97 62 0 0 70 66 96 0 0 0 0 0 39 2 1 0 0 7 23 0 0 0 11 0 0 96 0 38 0 2 55 0
27 93 0 0 96 0 17 0 0 52 38 12 14 0 59 0 0 0 3 0 0 0 39 56 0 0 0 0 0 0 26 0 0 0 0 48 0 0 70 0
0 0 0 43 88 0 18 0 67 20 0 64 0 0 0 0 45 0 0 0 33 0 36 0 0 0 0 1 73 0 0 0 0 86 0 0 44 0 0 0
0 97 0 0 0 87 0 0 0 0 0 25 0 0 0 0 70 60 8 0 0 0 2 88 0 0 0 0 0 0 0 69 0 0 16 70 72 0 0 18
0 0 0 0 0 0 0 7 0 0 0 0 0 0 13 0 0 0 0 9 0 0 0 56 0 0 0 41 0 0 54 0 40 0 0 93 0 0 0 0
0 98 58 0 0 79 0 0 12 46 0 22 0 0 71 18 0 0 0 0 0 0 0 87 67 85 0 36 0 0 98 23 24 0 50 0 87 95 74 0
29 0 0 0 0 70 0 0 0 0 0 0 0 0 0 56 64 85 12 0 0 0 0 37 0 88 0 0 17 0 0 0 0 0 0 0 0 88 35 0
0 0 0 0 0 0 98 0 26 0 0 0 0 0 0 0 0 0 0 0 0 0 0 0 0 0 92 54 63 0 0 0 0 0 20 0 77 0 0 11
0 75 0 0 0 0 0 74 20 0 0 0 0 0 0 0 0 0 77 0 0 60 0 0 0 51 0 16 0 0 3 0 92 0 0 0 84 0 0 77
0 0 0 0 0 30 0 77 0 0 84 68 0 87 55 0 74 0 6 76 96 0 0 0 14 0 0 0 0 0 77 62 99 0 0 0 0 0 52 0
9 98 0 0 0 0 0 0 0 0 0 62 0 0 0 44 0 0 0 0 0 0 49 92 60 0 76 0 0 0 0 0 45 60 23 0 0 0 0 54
0 0 0 0 0 0 22 0 0 0 0 0 0 0 0 0 0 0 0 0 49 0 0 0 0 9 0 0 36 0 73 0 34 0 61 99 0 0 8 0
94 79 0 0 0 18 7 96 14 30 0 0 0 0 0 0 98 0 0 0 0 6 0 0 30 0 0 0 0 0 37 0 11 30 79 0 0 94 0 0
60 0 0 30 0 0 0 0 94 2 0 0 0 0 0 0 0 0 0 0 33 0 0 0 0 53 74 74 81 0 12 0 0 0 0 0 0 0 26 76
0 0 0 0 0 76 0 82 0 0 0 38 0 0 0 0 0 95 29 49 71 0 0 12 0 75 0 0 0 0 0 9 0 0 35 0 0 0 0 40
0 0 0 0 0 0 14 0 0 0 30 62 0 0 0 0 0 73 0 0 0 39 0 98 56 0 20 53 4 0 0 0 0 0 30 48 0 0 0 0
0 0 41 0 26 0 0 0 11 78 0 6 0 19 0 0 6 0 85 0 81 0 0 0 0 0 0 0 61 0 0 61 0 34 0 63 0 0 95 26
0 0 0 0 0 2 80 0 0 53 17 9 0 16 93 72 0 0 46 0 0 0 0 0 0 0 49 0 28 0 0 0 8 0 0 0 0 0 0 0
17 0 6 36 0 0 0 0 0 40 0 7 63 0 0 0 0 0 85 0 37 0 81 0 0 0 0 48 0 0 0 0 0 0 0 0 78 0 0 48
21 0 0 56 0 0 0 34 0 0 0 73 0 70 0 0 16 0 75 0 0 0 0 66 0 0 1 0 77 0 0 26 0 0 0 34 64 0 0 0
12 0 0 0 0 82 0 12 0 14 67 16 8 0 44 0 0 99 14 0 0 0 0 0 0 72 0 0 21 0 0 0 71 0 0 0 0 0 0 0
0 51 0 0 24 0 0 0 0 0 95 0 5 0 0 0 0 0 0 0 0 0 0 29 0 72 39 0 0 0 0 0 0 0 0 0 0 0 38 0
42 0 54 97 83 89 0 70 0 0 23 0 94 88 0 0 0 66 55 0 0 0 0 0 0 0 0 0 12 0 51 24 0 0 78 70 58 11 0 37
62 0 0 81 0 20 0 0 0 25 0 0 60 43 0 0 0 0 0 81 0 0 67 0 0 0 52 0 0 0 47 53 9 0 0 0 12 0 0 74
0 0 46 0 0 23 0 0 40 0 1 87 0 0 16 0 0 0 48 71 0 0 66 0 6 46 0 0 0 0 74 19 3 0 0 56 69 0 61 0
43 2 0 0 0 0 20 0 0 0 0 0 0 0 0 31 0 0 99 57 0 0 0 0 14 0 0 0 0 0 7 0 0 0 36 0 82 0 0 0
0 0 0 51 0 33 0 79 0 48 0 0 0 31 0 0 0 0 0 61 0 0 0 0 22 0 0 88 29 0 41 0 0 68 0 0 0 0 34 76
0 81 0 0 0 0 0 93 0 0 0 0 42 0 30 0 0 90 42 0 0 0 0 59 0 75 0 0 0 0 68 0 0 61 0 0 22 0 0 0
0 0 0 0 0 60 61 69 0 0 7 0 0 0 0 0 49 0 0 2 0 0 95 0 0 0 0 90 0 43 33 0 3 0 0 0 0 0 17 0
0 0 0 18 46 27 67 0 0 63 0 0 92 0 0 0 0 83 0 73 0 0 0 0 94 0 0 0 31 0 0 0 0 0 0 0 0 0 77 0
91 0 0 0 0 0 88 23 71 93 42 15 0 0 0 43 18 20 0 0 19 0 81 29 67 0 0 0 0 0 0 0 0 0 0 2 0 40 0 0
75 0 47 0 0 89 0 15 0 0 0 0 0 0 2 0 43 0 0 89 0 0 0 76 80 0 24 0 84 0 0 0 14 0 0 0 53 0 0 27
0 0 0 0 0 0 0 78 90 0 0 17 0 39 0 0 7 0 0 0 0 0 0 52 0 0 35 0 0 0 0 45 0 6 0 0 0 6 0 0
0 0 29 0 31 0 41 59 0 0 0 0 80 61 0 0 0 0 0 0 55 75 0 61 0 48 93 0 0 41 31 15 0 0 0 0 85 0 0 0
13 0 0 0 0 0 0 9 0 0 75 0 24 24 0 0 0 21 0 47 0 0 64 0 27 75 41 0 0 0 0 51 0 0 0 0 0 0 0 0
0 21 0 0 61 29 0 0 0 0 0 0 0 0 32 0 0 0 0 0 40 0 0 0 0 37 0 0 0 0 79 0 0 74 0 0 0 0 15 96
0 0 36 59 0 0 94 0 0 0 75 0 41 0 6 0 82 0 0 0 0 0 11 0 0 0 10 0 0 41 71 0 0 0 0 86 98 0 62 31
