97 84 46 40 0 29 94 0 72 89 0 0 50 0 52 0 92 9 0 0 0 0 0 0 0 0 24 0 0 0 0 0 0 0 6 0 88 57 55 0 0 37 0 10 49 0 19 0 96 0
10 0 34 0 0 49 0 0 0 0 30 36 0 0 0 0 87 0 35 0 0 0 0 0 0 0 0 0 0 0 93 0 32 46 0 0 0 65 0 0 56 0 0 0 0 12 0 0 0 0
0 41 90 50 0 0 0 0 0 0 0 0 26 72 0 52 0 0 0 0 0 0 91 0 0 67 48 91 0 70 82 0 0 30 96 15 0 0 0 0 0 33 0 0 4 0 12 84 0 0
0 16 0 0 0 0 0 54 39 0 0 0 0 0 0 0 0 0 77 0 8 56 0 0 0 0 49 0 96 0 53 0 0 0 77 97 0 0 60 0 65 0 0 0 0 0 78 0 18 0
0 0 0 0 0 0 0 27 88 94 0 0 0 89 54 10 79 0 0 0 0 0 49 0 99 0 0 66 0 48 0 0 0 72 0 0 0 0 6 0 0 0 0 13 0 28 0 0 0 0
0 0 20 0 25 36 43 63 0 0 90 98 0 0 0 0 0 0 0 0 0 0 78 0 0 0 0 0 0 0 95 0 1 24 40 0 68 0 0 0 98 0 97 58 0 0 0 0 35 0
0 0 45 0 0 36 35 0 0 99 0 0 53 0 89 0 0 0 0 0 0 0 64 4 71 26 53 69 0 50 0 0 19 45 97 0 90 0 26 16 0 0 0 0 0 41 90 0 0 81
0 3 30 0 0 0 46 0 77 61 0 0 0 0 0 15 0 0 0 0 18 0 0 76 28 52 89 0 0 0 0 0 0 95 0 23 0 24 0 0 0 0 33 0 0 53 0 0 0 0
0 0 8 13 0 0 0 0 79 62 0 0 0 0 0 0 0 0 27 0 0 0 61 0 0 0 0 0 0 42 0 97 0 89 0 47 0 32 0 0 0 0 0 14 0 0 69 0 0 65
0 0 0 0 23 0 0 0 98 0 40 0 0 0 0 0 0 0 40 0 0 0 0 80 0 0 0 80 66 0 20 0 82 0 0 0 0 0 0 0 95 0 0 40 0 0 17 0 0 85
