0 25 0 0 78 0 0 0 0 0 0 0 0 0 0 92 0 0 0 0 0 34 0 93 0 0 0 71 71 0 0 0 0 0 0 0 0 0 0 0 0 0 15 50 0 0 0 36 0 0
0 0 0 0 91 0 0 0 0 11 0 0 96 0 80 0 0 0 0 0 0 83 0 0 6 0 0 0 0 0 6 0 0 0 0 0 0 0 0 63 0 0 33 73 0 0 88 0 0 0
0 0 0 52 0 0 0 0 0 0 0 0 0 0 0 0 99 18 19 0 0 0 0 0 0 0 0 0 0 0 0 0 0 63 0 0 0 0 0 56 0 85 0 0 43 0 0 0 0 0
0 0 0 96 73 0 6 57 0 0 0 0 0 0 0 0 27 0 0 0 0 23 0 0 67 0 84 0 0 0 9 0 0 64 0 0 0 3 0 0 0 0 60 0 0 0 33 0 54 0
0 0 0 0 0 63 0 0 83 0 0 62 0 0 0 0 0 0 0 0 0 57 0 0 0 15 0 0 0 0 0 92 0 0 0 0 0 0 0 0 0 0 0 0 0 0 86 0 0 36
0 36 0 0 0 0 0 0 0 56 0 0 0 0 91 0 0 25 0 0 0 0 0 0 0 36 0 0 77 0 0 0 6 0 72 0 0 0 0 0 0 0 0 0 0 0 0 0 0 0
87 71 0 0 0 0 0 0 0 0 0 0 0 0 0 0 0 0 0 0 0 0 44 0 0 0 58 0 0 0 0 0 0 0 0 0 0 0 0 0 0 0 0 19 0 0 39 90 0 39
44 24 0 0 0 0 0 11 0 0 31 79 66 0 38 51 0 0 0 0 0 0 0 0 0 0 0 0 0 73 0 7 0 0 0 0 0 0 34 0 0 0 0 68 0 62 0 54 0 0
0 0 0 0 48 0 0 0 0 0 0 43 0 0 0 0 0 0 0 0 0 0 0 0 69 0 0 0 38 78 0 0 0 0 54 0 96 0 0 0 0 0 0 0 0 0 23 0 77 0
0 66 0 0 89 0 55 0 0 0 5 99 52 0 0 0 63 0 0 0 0 0 0 0 0 0 52 0 0 34 0 0 0 0 0 0 0 70 0 0 0 0 0 39 0 0 0 0 0 20
91 0 0 0 0 32 0 0 0 0 3 0 0 94 0 62 0 0 61 0 0 0 0 0 0 0 78 0 0 0 0 0 0 5 70 42 0 0 0 0 0 0 0 19 0 0 0 0 0 0
0 9 0 0 0 0 0 0 0 0 0 0 0 0 0 44 89 0 0 0 0 96 0 0 0 0 0 29 0 64 0 0 0 0 0 0 0 0 0 0 4 47 0 53 0 0 0 0 0 0
0 0 0 0 0 86 0 0 0 0 71 0 0 0 0 0 0 0 0 34 0 0 0 0 0 0 0 21 0 0 41 0 0 0 0 0 0 0 85 0 0 0 0 0 0 0 0 16 0 0
0 0 0 0 26 0 0 0 0 71 0 0 0 0 14 0 0 0 0 39 9 66 0 0 0 0 0 0 0 0 0 75 0 0 0 66 0 0 0 0 0 0 0 0 0 0 0 0 0 0
0 0 0 4 0 0 0 0 0 0 52 0 0 0 0 0 0 0 0 0 0 0 0 0 0 0 0 11 0 0 0 0 0 0 0 0 75 0 0 0 0 0 0 0 77 0 0 0 88 79
54 0 0 0 0 0 0 69 0 70 0 78 0 58 36 0 0 0 0 0 0 0 0 0 2 0 0 0 15 0 24 0 0 0 0 0 44 93 0 0 0 0 0 0 0 0 0 64 0 0
0 0 0 0 0 0 0 92 0 0 0 0 0 0 0 0 0 0 0 0 0 87 0 0 0 0 0 89 0 0 88 92 73 98 0 0 0 36 0 0 0 0 0 0 0 20 0 0 3 0
0 0 0 51 45 0 0 0 0 0 0 0 0 0 0 25 0 0 0 0 0 38 0 0 0 0 14 0 92 0 0 0 0 0 0 0 0 52 0 0 22 0 2 0 91 0 0 0 0 0
0 39 0 0 0 0 0 0 0 0 0 0 0 0 0 0 0 0 25 24 0 0 0 0 51 0 0 0 17 0 0 0 26 0 0 0 0 0 0 0 0 0 0 0 42 13 12 0 0 0
10 0 74 57 0 0 0 42 0 0 0 0 0 27 0 0 50 0 0 87 0 0 0 92 0 5 41 0 2 0 10 0 0 0 0 0 0 0 65 0 0 0 0 0 0 0 0 12 0 0
