0 0 2 0 0 0 46 35 0 15
62 75 0 0 0 0 0 0 0 0
0 0 0 0 0 0 0 0 0 0
0 0 31 4 0 0 0 0 0 0
0 0 0 0 0 0 17 10 38 0
0 0 0 40 0 18 0 0 29 0
0 0 0 0 0 89 0 0 0 4
0 70 0 0 6 0 0 0 0 9
0 0 0 76 67 0 0 0 0 5
0 71 0 64 0 0 0 0 0 0
0 70 76 0 0 47 89 31 74 0
0 92 0 0 0 0 93 0 67 22
0 0 0 0 0 0 0 42 0 0
25 0 0 0 0 0 43 14 0 2
0 0 0 0 0 0 0 0 0 45
0 0 0 23 0 0 39 0 0 0
0 69 67 0 70 0 0 0 0 90
78 66 0 0 0 0 0 0 45 0
0 41 0 0 0 0 0 0 0 0
0 0 0 0 93 0 18 0 0 0
71 0 0 18 0 0 0 0 0 0
0 0 88 0 0 82 0 0 0 0
32 0 0 0 0 0 0 19 47 0
0 0 0 0 0 0 0 91 0 0
77 0 0 0 8 0 92 0 0 7
0 0 0 0 0 0 0 0 0 0
0 29 83 0 0 0 58 0 68 38
0 0 0 0 0 40 0 0 0 0
0 0 31 0 0 0 64 0 25 0
0 85 0 0 4 0 0 0 0 0
