0 18 20 0 0 0 81 37 35 0 0 0 3 0 0 0 66 0 0 0 47 0 62 0 87 83 0 0 0 0 0 0 0 0 43 0 40 64 75 44
73 11 83 23 1 0 0 0 94 2 0 0 0 0 64 0 0 0 12 0 0 44 0 63 0 51 0 67 0 0 0 0 0 0 0 0 0 96 0 93
51 0 2 0 0 56 0 65 0 0 19 0 0 0 0 78 73 0 0 0 72 51 0 44 83 67 85 85 94 0 42 0 0 0 0 0 0 65 0 0
0 69 39 17 0 0 0 66 99 0 32 0 0 0 0 0 0 0 31 56 0 0 15 0 99 0 0 85 0 72 0 8 0 0 0 0 55 0 0 0
0 0 0 0 0 86 0 0 70 0 36 0 0 0 0 54 0 0 0 0 0 0 0 74 0 75 0 75 0 0 63 31 63 0 0 0 0 54 0 91
0 0 0 0 54 0 0 0 56 22 0 91 27 4 0 0 0 54 0 0 0 0 0 26 0 0 12 0 32 0 13 0 65 0 84 0 15 0 68 21
91 81 0 0 0 20 0 85 0 0 0 34 85 0 53 0 0 1 0 0 75 71 0 70 44 0 11 0 86 0 45 0 54 0 0 0 0 0 0 0
0 0 0 0 0 0 76 0 7 0 78 0 0 0 14 0 38 36 0 82 0 0 52 0 46 0 7 0 69 0 0 0 0 0 0 0 0 63 0 0
65 0 0 0 0 0 0 31 0 44 0 0 69 0 0 0 0 0 0 0 0 3 54 0 0 0 0 0 15 0 96 0 0 0 37 0 0 59 93 80
67 0 0 75 0 36 0 32 92 0 0 0 0 0 0 0 0 0 0 8 78 18 0 99 0 0 0 44 0 0 0 0 46 0 66 0 0 0 0 0
0 0 3 0 31 0 0 0 0 0 0 0 0 0 0 0 0 0 0 85 0 0 0 0 0 52 0 0 11 0 0 0 93 0 0 76 0 34 27 16
0 39 97 80 36 70 0 0 83 0 0 43 0 0 0 63 0 0 60 0 0 0 0 0 0 0 72 0 0 0 0 0 0 42 52 0 14 0 27 0
0 95 15 0 32 0 0 91 0 0 0 0 0 0 0 0 0 0 0 0 0 0 0 0 29 0 54 0 0 0 0 73 40 0 16 11 34 0 0 43
0 0 28 0 84 18 0 0 57 20 0 55 0 0 0 89 90 0 86 0 0 0 61 0 0 0 0 0 0 0 0 35 3 0 0 0 34 75 0 63
0 23 0 0 21 27 0 0 0 12 0 0 0 0 82 0 66 0 0 13 0 41 0 0 0 60 0 0 88 6 0 0 0 0 0 0 35 56 49 22
0 0 20 0 91 0 0 0 63 0 0 0 0 9 0 0 46 0 66 0 0 0 0 1 51 0 0 0 6 0 0 0 39 0 0 0 0 18 89 0
0 10 75 92 84 0 0 0 0 91 0 0 0 88 0 0 52 17 0 26 29 0 0 0 0 0 0 0 0 92 14 0 0 0 0 95 91 0 0 0
0 0 0 8 0 13 12 0 0 0 0 91 9 95 12 0 0 0 36 0 52 0 0 0 0 0 40 0 0 0 0 53 0 38 0 0 0 0 18 25
0 0 0 0 0 0 0 67 0 0 0 84 0 15 56 0 0 0 4 0 0 0 0 0 82 6 52 66 0 0 0 0 92 3 66 0 0 0 0 0
0 58 16 0 0 0 0 0 22 0 63 96 95 95 0 70 0 0 0 83 0 0 0 43 0 0 0 13 74 0 0 0 71 0 49 58 0 30 0 60
0 58 0 0 0 0 0 0 14 64 49 0 0 43 0 0 0 0 0 0 75 0 0 0 52 11 96 0 0 1 74 0 0 33 0 0 0 0 62 0
0 8 14 32 16 0 32 0 0 37 0 0 58 0 0 0 0 0 71 0 0 0 80 0 90 0 0 69 0 0 0 0 0 0 78 0 0 0 0 0
56 32 0 0 0 46 2 0 87 0 0 17 0 13 99 0 8 25 51 0 77 0 0 42 0 0 79 0 0 0 0 0 0 33 0 0 0 0 0 23
0 26 0 0 54 0 0 0 4 0 99 0 59 0 0 11 0 66 13 0 0 0 36 0 0 59 0 0 0 95 84 0 0 0 0 0 0 90 38 0
0 53 80 0 0 0 0 0 0 0 14 0 0 0 0 0 0 0 9 33 92 63 5 78 27 95 0 5 0 0 0 0 0 0 16 0 49 5 0 0
0 0 0 0 0 0 0 0 0 14 0 0 0 66 20 0 28 47 69 0 39 0 0 0 0 0 0 0 0 0 70 97 23 0 0 0 0 0 0 0
0 0 0 0 0 0 0 86 0 0 0 19 0 0 71 0 7 20 0 0 0 56 0 89 95 0 49 49 48 0 0 0 0 0 0 0 0 48 0 0
0 4 26 0 22 0 0 8 40 0 0 0 0 0 0 0 0 0 0 44 82 0 0 52 0 0 0 57 81 50 0 0 86 0 0 0 0 86 0 0
0 0 30 0 0 0 0 0 0 85 85 0 62 57 47 0 0 0 0 0 0 0 0 71 0 0 0 0 0 26 0 0 0 63 12 0 40 0 0 0
0 0 0 0 0 0 98 18 0 56 0 0 71 0 0 0 0 0 0 0 0 68 38 0 0 61 55 66 0 0 0 22 0 0 32 0 61 0 0 0
0 96 27 42 13 0 0 0 42 59 0 0 0 39 0 18 0 0 0 0 36 0 57 0 0 0 0 0 35 29 0 0 0 0 0 0 91 1 75 0
0 79 0 0 0 66 90 0 36 0 0 0 63 0 54 0 0 0 0 0 5 0 18 0 68 0 95 0 71 0 0 0 0 0 1 4 0 0 0 0
97 0 0 0 0 24 40 0 0 54 0 0 49 68 0 20 80 0 83 0 0 0 0 79 0 71 0 64 0 0 0 70 0 0 68 44 0 0 0 0
0 0 0 0 0 0 0 0 0 0 95 34 0 44 0 25 55 0 0 0 0 53 0 0 0 0 83 0 29 1 0 40 29 0 0 0 93 0 0 77
0 0 50 0 0 46 0 0 53 20 0 0 0 0 0 0 0 0 0 36 39 0 0 0 0 0 0 62 0 33 0 0 0 2 0 0 0 0 0 40
0 0 73 9 0 0 83 0 62 0 0 0 0 0 0 29 96 0 0 67 0 89 0 0 0 0 0 0 59 58 0 0 0 0 0 0 46 24 0 4
81 6 82 68 0 0 33 0 0 71 11 41 0 0 81 0 0 43 0 0 0 0 0 95 0 0 0 0 42 0 26 0 44 11 0 0 44 0 70 60
0 0 0 45 0 0 0 15 0 0 0 0 90 0 0 0 78 65 91 0 0 65 0 0 0 0 0 27 0 0 0 0 0 62 68 21 0 58 45 0
82 0 76 0 0 0 67 29 0 0 0 0 0 0 0 51 0 0 0 0 0 75 0 21 72 0 0 0 0 0 0 0 0 7 0 0 0 0 0 0
0 0 0 0 0 0 0 0 0 0 0 0 0 0 49 0 0 52 0 0 0 18 71 0 91 0 29 0 0 0 0 52 0 69 0 0 0 0 0 14
0 72 0 58 3 0 18 0 0 0 0 0 36 8 0 29 0 0 0 21 0 11 44 18 92 0 44 0 36 0 36 0 2 0 0 0 0 12 33 0
0 0 86 0 0 0 12 0 40 62 0 42 0 91 76 0 0 0 0 0 0 90 0 65 0 89 0 0 0 0 0 74 0 48 0 0 0 0 0 30
0 0 0 0 77 44 0 0 0 57 0 0 0 0 0 32 0 0 27 12 0 77 8 0 0 0 9 52 0 0 4 0 0 0 0 17 0 67 0 0
0 0 0 0 58 0 0 49 23 0 0 4 0 0 0 0 72 0 0 0 0 88 0 0 0 0 0 38 10 25 56 0 0 64 50 0 0 0 81 0
0 0 0 35 0 0 0 0 0 0 0 0 92 0 69 0 45 0 0 0 0 34 0 0 0 0 0 0 0 0 0 0 59 0 0 0 0 0 0 0
0 0 0 0 66 80 0 0 0 53 0 0 14 97 0 43 12 11 0 0 0 0 0 0 15 0 0 89 20 0 0 50 0 0 0 0 74 73 0 0
48 0 97 78 0 0 0 12 0 0 0 0 0 0 0 0 76 0 0 0 12 0 0 41 0 17 0 90 0 0 3 48 0 0 8 0 0 0 0 94
0 0 56 83 90 71 0 61 0 0 62 0 0 2 87 0 60 0 58 0 83 0 0 0 0 0 40 18 0 0 0 34 89 0 19 0 86 0 0 0
0 52 0 58 0 0 7 3 35 40 0 0 97 0 0 0 0 0 0 59 57 0 0 0 0 0 0 95 0 0 0 0 64 0 0 0 0 0 0 81
0 0 0 0 0 0 0 38 79 0 77 0 0 0 0 0 59 10 0 0 86 0 47 0 0 10 0 0 0 68 0 0 0 0 0 70 19 0 0 0
