0 0 12 87 0 0 85 0 93 71 0 0 0 0 0 0 0 91 15 0 45 0 6 0 28 0 0 0 0 40
0 26 46 0 0 0 64 0 0 0 0 58 0 0 0 0 0 0 0 0 0 0 0 48 0 0 0 63 63 0
0 0 0 0 0 95 2 0 0 0 0 0 0 0 0 0 0 0 0 21 0 0 0 0 0 62 0 97 95 0
0 0 42 21 0 0 67 47 0 0 97 0 0 36 73 98 0 0 54 86 82 0 0 47 54 86 0 0 78 0
0 0 0 49 0 77 0 46 22 90 23 0 0 0 0 0 67 0 4 77 0 0 49 0 0 66 0 0 0 0
0 13 0 0 0 0 29 0 0 0 73 0 0 38 0 0 0 49 0 0 2 0 0 0 0 0 0 0 91 0
0 0 89 0 0 61 21 39 0 0 0 8 0 70 0 0 0 54 0 0 23 99 0 0 83 0 0 81 0 10
97 0 0 0 0 0 68 42 0 0 90 41 0 89 0 51 0 0 0 0 6 0 0 78 0 34 0 0 0 0
29 0 96 38 98 50 0 0 0 0 0 16 0 0 52 0 59 0 26 22 0 0 50 0 72 0 0 0 0 0
1 0 0 95 0 0 0 0 0 0 0 0 0 60 55 87 0 0 0 0 0 18 0 0 88 72 0 0 0 0
