0 38 0 0 0 0 0 0 0 0 0 0 0 0 0 65 0 0 96 45 0 0 0 0 0 0 0 0 0 0
0 0 0 0 13 0 22 0 0 0 0 0 0 0 0 0 29 0 19 0 0 0 0 0 0 25 0 81 0 62
0 27 0 0 57 0 0 0 0 0 0 0 0 0 0 0 0 0 0 0 0 0 0 0 0 0 0 0 23 0
0 0 0 0 0 0 0 0 0 0 0 0 0 0 0 0 0 0 0 0 80 0 64 0 0 21 0 0 0 0
0 0 13 20 0 0 97 0 76 0 0 0 0 0 0 0 0 0 0 63 0 0 0 0 0 0 29 0 10 0
18 0 0 0 0 0 0 0 0 0 0 0 0 0 0 0 69 0 63 0 83 0 0 0 0 0 0 0 0 0
0 0 0 0 0 48 0 0 0 0 0 27 0 0 0 92 0 0 0 0 0 0 0 0 0 0 0 0 0 0
0 48 0 9 0 0 0 0 0 0 0 0 27 0 0 28 0 0 0 0 0 0 0 0 53 99 22 0 79 0
0 17 0 0 0 44 52 0 44 0 80 0 44 43 26 0 0 0 0 0 0 0 3 0 23 0 19 0 0 0
4 0 0 0 0 0 2 41 0 0 0 0 0 0 0 0 0 0 0 19 0 0 0 18 0 0 0 0 0 0
0 0 0 42 0 0 0 0 0 0 0 0 78 0 81 0 0 0 0 0 0 79 0 0 2 97 0 0 0 0
0 0 0 0 29 0 18 0 36 0 0 0 0 0 90 0 6 40 0 0 0 0 0 0 0 94 0 0 18 0
0 0 0 0 0 0 0 0 96 36 0 0 37 0 14 0 0 0 4 0 0 0 0 0 0 0 0 0 0 0
0 0 0 63 0 0 0 0 51 27 0 0 0 0 0 0 0 0 0 36 0 0 0 0 0 0 0 0 0 0
0 50 0 0 0 0 18 96 0 9 0 0 0 0 57 0 0 0 79 0 0 0 0 0 19 0 31 0 0 0
0 28 40 0 0 0 0 0 0 0 0 0 0 0 0 67 0 0 0 0 0 0 0 0 0 0 0 2 0 0
0 27 0 79 0 0 0 0 0 0 0 0 65 0 0 36 0 0 54 0 0 0 0 0 0 0 0 37 0 0
0 0 97 0 0 0 0 0 0 0 44 0 0 0 0 76 11 0 0 0 0 0 0 24 0 0 0 0 0 0
0 0 0 70 0 0 0 0 0 0 0 81 0 0 0 0 0 0 84 0 38 81 0 0 0 0 0 0 0 59
52 0 0 0 0 0 0 53 0 0 0 0 0 28 76 0 0 0 0 0 0 0 0 42 49 0 4 0 0 0
70 0 0 0 84 0 0 13 87 0 0 0 0 46 33 0 0 40 0 16 69 0 0 80 0 0 0 0 0 0
0 0 0 0 64 0 0 0 0 0 24 28 0 0 0 0 63 0 39 0 0 17 0 0 0 0 6 0 0 0
0 0 60 0 0 0 0 64 0 0 0 0 31 21 0 0 89 90 0 0 0 39 0 0 0 0 0 61 11 59
0 0 80 88 0 0 66 0 0 0 0 0 86 0 0 0 0 0 0 0 82 0 92 0 0 0 0 62 0 0
0 0 0 0 0 0 78 0 1 0 0 0 0 0 0 0 38 0 0 0 0 0 0 19 0 0 0 0 72 0
0 0 0 0 0 0 0 14 0 0 0 0 0 0 0 0 0 0 77 76 57 0 0 0 0 48 0 0 0 0
0 0 0 0 0 69 0 0 0 0 0 0 0 0 76 0 0 0 0 0 62 0 0 0 0 0 0 56 0 0
58 40 0 0 0 0 50 0 0 0 0 6 0 0 72 0 0 0 0 0 0 0 0 0 0 0 0 0 0 23
0 84 0 57 0 0 0 57 0 0 86 0 0 0 0 0 0 0 0 0 0 25 0 0 0 0 0 0 0 0
36 0 0 0 0 73 0 0 0 51 0 0 20 0 80 0 0 0 81 41 0 0 0 0 0 0 0 0 0 65
0 0 0 0 0 0 88 0 0 14 0 0 0 0 80 0 0 0 0 0 0 0 0 0 0 0 0 79 41 0
0 0 0 0 37 0 0 0 0 0 0 0 0 81 0 0 0 0 0 0 0 0 2 0 0 0 54 0 0 0
0 0 0 97 0 0 0 0 0 0 79 52 0 0 16 0 0 0 58 0 0 66 0 82 0 96 0 0 33 0
84 0 84 0 0 65 0 0 0 0 0 0 0 0 54 0 0 0 3 0 0 0 0 0 0 96 0 0 0 0
0 0 0 0 0 0 0 0 31 0 0 27 87 0 0 0 0 0 0 0 0 0 0 0 0 0 23 0 0 0
0 0 0 0 93 0 0 0 0 0 67 0 0 0 0 3 0 0 99 52 0 0 0 0 30 0 0 0 0 52
13 0 0 0 0 0 0 0 30 0 0 0 0 0 2 0 0 0 0 0 0 0 0 33 0 55 0 0 0 0
0 0 95 0 0 0 0 0 0 0 0 0 0 48 21 0 0 0 25 0 37 0 41 27 0 66 0 61 66 0
0 0 61 0 0 0 0 0 40 9 0 0 99 0 0 2 0 0 0 0 0 0 0 0 0 0 0 0 23 64
0 53 0 0 0 90 0 28 0 9 17 35 0 0 0 0 16 99 0 0 0 0 50 83 0 0 0 0 35 0
0 0 0 0 0 0 0 1 91 0 0 0 0 0 0 0 0 0 47 91 0 0 0 0 47 0 0 0 0 11
0 0 0 0 0 20 0 0 0 0 0 0 0 0 0 11 91 0 0 0 0 0 0 0 0 0 0 0 0 0
0 0 0 0 0 0 0 0 0 94 0 0 42 0 0 0 0 0 0 0 0 44 0 0 0 0 0 0 0 0
0 0 0 0 0 43 0 0 0 0 58 0 0 89 20 0 0 0 0 0 0 4 0 0 0 0 0 0 0 0
0 0 0 0 11 21 0 99 85 0 1 0 0 0 0 0 24 0 0 0 0 0 0 0 0 0 0 0 0 27
0 0 0 51 0 0 0 0 0 2 0 0 71 0 0 0 93 78 0 0 0 94 0 0 0 0 0 0 1 0
19 0 0 0 0 26 0 0 0 84 0 0 0 90 0 0 17 0 0 0 0 0 0 0 0 0 0 0 0 0
0 0 0 0 43 0 77 0 96 0 23 0 0 0 0 0 0 50 11 0 0 0 0 0 0 8 0 0 0 0
52 0 0 0 0 0 0 0 0 0 0 0 0 0 0 31 0 0 0 0 44 0 0 0 0 0 0 0 0 0
0 0 0 0 0 0 0 0 0 0 0 0 68 0 0 61 0 0 0 0 0 0 0 0 0 0 0 0 0 0
