87 0 14 21 0 0 0 0 0 0 0 0 0 0 0 22 0 0 0 0 75 0 0 74 61 0 61 0 0 59
0 0 0 0 0 0 0 0 0 26 0 96 0 0 0 0 0 0 0 0 0 0 0 0 0 32 0 0 0 0
0 0 0 87 0 0 0 0 94 0 0 0 0 42 0 0 0 19 0 0 31 0 0 0 0 0 0 8 0 0
0 0 0 0 47 0 0 0 0 15 0 0 0 96 59 3 0 0 0 0 0 75 0 0 0 0 0 0 0 10
25 0 0 93 0 0 0 0 0 44 0 0 0 0 0 0 0 0 11 0 0 0 0 0 0 0 0 77 0 0
0 79 16 0 0 0 94 0 0 0 0 0 0 0 0 0 6 0 0 87 0 0 0 57 0 0 0 45 0 0
0 0 0 0 36 0 75 0 0 0 0 0 0 0 0 0 0 0 0 0 57 0 0 0 0 0 0 0 84 0
4 0 0 0 38 0 0 0 58 0 0 0 11 0 53 92 49 18 0 0 0 55 0 0 0 0 0 0 0 0
0 0 0 0 56 0 0 10 0 0 0 66 0 0 0 0 0 0 0 0 0 15 64 0 42 0 0 41 0 0
0 0 0 0 0 0 0 0 0 0 0 0 0 0 0 0 0 0 0 0 0 0 0 0 0 16 0 46 0 0
