0 79 0 91 54 0 98 0 0 0 0 0 74 0 0 89 46 0 0 0 0 0 0 3 0 0 89 36 0 43 0 0 0 39 91 0 0 73 0 0
0 18 0 0 0 87 88 87 0 0 0 0 56 0 78 0 0 96 0 0 0 10 0 86 0 4 0 42 0 0 36 0 0 53 0 0 0 0 0 50
0 88 29 0 0 0 0 21 95 91 18 0 75 0 53 0 24 0 0 0 0 37 0 0 0 0 21 0 0 0 0 37 0 48 0 0 52 0 24 52
0 0 0 25 0 0 0 61 0 0 10 0 59 0 53 0 0 8 89 0 0 0 9 0 0 26 0 0 37 0 38 62 0 0 8 0 56 51 70 1
64 0 0 0 0 0 0 27 60 38 0 0 4 0 31 0 0 90 52 95 0 0 0 90 0 94 42 18 59 0 0 0 0 48 0 10 66 31 0 0
68 0 0 74 0 77 0 0 37 18 0 0 91 0 0 0 0 0 0 0 0 0 0 92 13 0 0 0 0 19 0 0 0 0 0 0 0 0 12 0
0 0 0 97 54 9 0 0 15 0 0 0 0 49 13 0 53 76 37 0 55 15 0 0 0 0 0 0 0 8 0 0 0 16 0 55 0 0 0 7
53 0 0 0 0 44 0 0 0 0 3 0 0 0 0 0 35 0 0 26 0 0 33 0 0 0 0 0 87 0 0 95 0 0 0 0 0 0 0 0
58 7 80 0 0 0 0 0 0 95 0 52 0 46 1 0 0 0 16 0 0 27 0 45 82 0 13 0 0 0 0 0 0 0 25 0 77 91 0 0
0 0 0 0 20 14 0 7 97 41 0 9 0 94 0 89 0 0 0 18 42 0 0 0 63 0 81 0 88 0 0 0 0 26 0 0 13 0 0 0
0 38 0 0 0 93 84 0 0 37 0 82 0 0 11 0 0 0 0 0 10 65 0 0 0 0 14 60 26 0 0 0 28 0 0 0 80 0 83 95
0 0 0 0 0 0 63 0 94 0 0 76 0 0 0 0 72 0 66 0 0 0 0 0 0 35 87 0 0 55 0 34 49 0 0 96 35 0 0 0
0 0 0 45 0 1 70 49 0 0 64 0 0 0 50 99 0 0 0 0 75 99 0 0 0 0 0 0 83 0 48 98 0 42 0 22 0 0 0 0
0 0 0 0 0 0 53 55 70 0 67 0 0 0 0 11 86 0 0 0 0 69 0 0 0 0 89 0 0 0 79 0 0 0 0 36 47 47 28 0
60 95 0 0 0 0 0 8 78 0 12 0 0 0 0 73 47 0 38 0 59 0 26 0 15 0 0 0 0 0 33 87 0 0 0 18 0 0 0 0
0 0 0 0 40 24 0 0 0 0 0 0 0 0 0 0 0 0 0 0 0 0 30 0 0 0 0 0 0 0 90 0 0 0 0 0 0 0 62 0
29 36 0 0 0 0 0 27 0 94 9 78 0 0 96 0 0 0 0 44 0 3 0 0 0 0 0 95 0 0 0 0 0 49 0 83 0 0 0 0
0 0 0 23 0 24 0 36 0 0 0 84 0 99 0 98 20 0 0 0 78 0 0 0 0 0 0 23 0 0 0 63 62 98 0 70 0 95 0 2
0 0 44 0 27 0 0 0 0 0 0 0 0 0 67 0 0 0 0 0 72 0 0 0 93 97 0 0 72 0 69 0 0 0 0 0 0 0 0 89
87 0 0 0 0 0 0 0 0 6 99 0 0 54 0 8 0 0 63 0 0 46 0 7 0 0 0 0 0 17 0 0 0 64 0 0 57 0 0 0
0 62 0 0 0 73 2 3 0 0 0 67 0 0 0 21 0 65 0 0 0 31 0 97 0 0 0 20 12 0 0 0 0 58 0 65 76 0 0 0
0 65 14 0 76 0 0 0 77 68 0 94 0 69 0 70 0 0 0 0 0 0 0 0 0 0 0 93 25 0 0 0 51 0 0 0 0 0 0 9
81 0 0 0 0 0 0 70 87 0 18 0 0 0 0 0 0 0 21 0 3 0 91 0 70 4 0 0 0 0 97 92 0 7 66 0 0 0 0 0
64 0 0 0 0 98 0 0 0 0 32 0 56 0 0 78 35 70 0 0 0 0 0 84 35 0 0 0 0 0 0 31 0 0 0 0 0 0 64 0
0 0 0 0 0 0 61 43 81 0 39 70 0 0 0 0 0 18 0 88 0 29 1 71 0 0 44 0 0 0 0 0 89 0 99 0 0 9 0 0
0 0 0 0 0 0 43 0 0 64 69 0 0 0 24 0 0 0 2 0 62 83 0 0 0 0 0 74 0 0 0 0 0 66 3 0 0 0 0 0
0 0 0 0 0 0 93 50 0 16 51 93 0 10 0 1 0 0 0 0 99 93 44 2 0 0 0 48 43 0 16 0 0 0 0 0 20 0 90 0
0 14 55 0 0 0 0 0 0 19 0 67 0 0 57 0 6 0 0 0 68 0 0 65 0 0 0 0 0 0 0 0 0 0 52 0 92 0 16 0
82 98 0 0 0 16 0 0 46 21 12 0 0 0 0 21 59 0 0 0 26 0 0 0 66 0 0 69 63 0 0 0 59 84 55 0 0 46 0 0
0 0 0 0 0 0 0 0 0 0 63 53 0 0 90 19 0 10 0 7 0 3 4 33 0 0 72 0 0 0 0 0 54 0 0 12 0 0 0 0
0 58 0 0 0 0 0 96 13 96 0 0 25 0 0 31 0 18 69 0 87 0 0 0 0 54 0 36 0 0 0 0 16 23 0 0 14 0 0 0
24 0 66 22 69 0 0 62 26 37 0 72 42 78 77 0 0 0 0 0 0 0 0 14 70 83 73 0 0 51 96 0 26 66 0 0 0 26 79 0
80 95 0 0 0 0 0 0 0 83 16 0 0 0 74 0 0 0 0 0 60 64 0 0 0 0 0 0 0 0 0 0 0 27 47 66 65 21 93 0
0 0 96 13 0 55 78 62 0 2 52 0 4 0 0 87 0 0 51 0 68 0 0 0 0 0 0 0 0 0 0 0 16 0 0 81 0 9 0 0
0 0 0 49 0 67 0 57 0 74 48 0 0 0 0 0 84 0 0 0 0 51 99 0 0 0 87 57 0 36 0 0 1 0 0 0 0 0 0 0
13 24 0 50 0 36 96 7 0 0 65 0 57 0 0 0 0 21 60 75 0 0 0 0 0 0 0 0 94 0 0 0 0 0 0 0 0 0 46 0
0 0 0 15 0 0 0 0 76 0 0 2 0 0 0 0 36 0 5 88 0 0 12 88 58 0 0 70 0 96 0 0 47 0 39 0 6 93 0 0
0 0 0 0 35 0 0 0 0 77 38 0 0 0 70 22 0 14 0 0 0 0 0 2 0 0 0 12 0 0 0 0 0 12 87 0 0 0 0 0
30 0 0 89 0 94 0 11 0 17 99 0 88 0 14 0 0 0 0 0 0 54 0 0 44 0 98 0 81 0 0 0 0 92 74 53 0 0 0 0
0 83 0 84 0 65 37 0 0 0 12 0 0 54 0 60 62 0 0 92 0 0 28 0 0 0 0 0 0 0 42 0 92 51 0 0 0 0 95 30
