48 0 93 44 0 0 97 48 0 0 0 0 0 0 0 62 94 87 0 0 20 20 0 0 0 0 0 0 0 0 0 31 16 0 0 44 0 0 83 0 0 5 99 0 0 46 55 99 0 0
43 0 3 0 0 0 0 0 0 0 0 0 0 0 30 72 34 0 66 0 0 0 39 93 56 96 0 0 0 0 0 0 0 0 0 0 0 78 65 0 28 0 47 66 0 0 0 60 0 0
44 0 0 52 0 94 39 60 82 36 0 62 2 0 0 82 2 0 39 0 0 0 0 24 0 0 0 0 0 0 0 41 0 0 0 0 89 15 0 0 41 0 0 0 54 81 57 0 0 0
0 34 96 0 21 88 62 0 29 0 0 0 92 0 0 30 82 0 0 0 49 22 0 0 0 0 82 0 0 88 0 39 0 88 0 90 0 0 0 0 0 0 72 0 74 0 0 0 99 17
0 41 73 0 97 40 0 0 28 0 0 91 45 85 0 84 0 0 0 0 0 0 0 0 87 58 0 0 0 0 67 0 0 0 88 0 0 0 39 34 0 71 47 0 38 0 0 20 0 89
95 0 0 0 0 0 0 0 0 0 22 10 0 0 0 18 0 0 0 0 0 61 0 10 0 0 0 86 27 0 0 0 68 0 61 0 76 57 0 0 0 0 0 0 19 41 4 0 0 62
78 0 0 0 75 0 72 0 0 24 0 0 0 0 7 0 0 0 0 0 0 0 72 0 69 0 0 0 0 75 43 0 0 0 0 78 0 96 0 44 62 0 2 0 0 0 86 0 0 0
0 0 76 0 0 52 47 0 0 0 59 0 26 0 62 0 0 0 63 0 0 0 0 0 0 0 0 65 0 0 31 0 0 41 0 0 0 0 0 49 0 0 0 29 0 71 0 0 69 92
28 59 0 0 99 0 55 33 0 13 83 0 0 0 0 0 0 11 0 0 0 91 0 0 0 0 0 37 0 0 0 0 0 0 0 0 0 26 0 73 0 0 0 0 0 0 81 0 0 0
0 76 0 96 0 67 0 32 27 0 99 5 38 0 0 52 0 0 0 69 82 81 0 66 0 0 0 0 0 0 0 0 0 0 0 0 60 40 0 74 0 0 0 65 0 0 0 0 0 33
0 7 86 0 22 50 0 0 83 0 35 14 0 0 0 64 23 0 0 0 10 74 0 0 0 0 0 12 0 0 21 0 0 0 0 0 0 31 0 0 0 97 0 0 0 0 0 0 0 0
97 64 99 0 0 0 0 0 0 58 51 0 30 59 0 0 0 0 37 31 0 0 42 0 0 0 0 0 82 0 0 0 0 0 26 0 19 88 0 0 0 0 0 0 0 0 0 0 0 0
0 0 0 0 0 99 0 0 0 49 0 27 0 86 93 85 80 92 0 0 0 0 0 0 0 0 0 0 58 0 0 0 0 0 0 0 0 0 0 1 0 23 76 0 0 0 29 69 0 0
0 21 0 0 0 0 0 0 85 0 0 0 91 0 0 0 0 0 0 0 47 69 36 0 4 0 0 66 0 0 0 0 0 0 67 0 44 0 0 0 0 8 0 0 0 16 61 46 36 0
0 46 0 0 0 0 42 0 10 0 16 0 0 0 77 12 0 0 0 0 0 0 0 92 0 22 0 0 0 0 33 84 56 62 0 0 0 0 0 0 9 0 0 44 0 84 58 0 0 0
29 5 0 39 88 6 0 24 24 0 49 91 56 23 0 0 0 41 0 0 0 37 66 0 2 0 74 0 0 0 0 0 0 0 17 36 0 79 18 0 26 0 49 0 0 95 0 35 0 0
80 70 0 0 3 0 0 0 0 0 0 28 32 0 0 0 0 0 29 0 0 49 30 0 93 0 0 0 0 0 0 0 88 0 0 0 0 41 20 0 0 0 0 8 0 0 85 14 0 0
0 13 0 0 0 0 46 0 59 0 7 22 0 84 45 0 0 0 0 0 0 0 62 0 21 7 0 62 0 0 0 87 6 0 75 0 46 0 53 0 49 0 0 0 0 86 0 0 88 0
0 0 85 0 24 0 0 61 0 74 0 0 86 0 0 96 0 0 0 0 0 0 26 0 0 0 0 0 0 75 47 0 96 0 73 5 13 93 0 0 0 0 0 0 0 0 59 27 0 48
0 0 0 27 0 0 43 77 0 0 96 0 2 0 12 0 0 5 0 0 0 26 0 20 0 0 93 0 17 11 57 0 0 0 0 41 0 68 23 75 0 0 0 0 0 0 0 0 0 0
0 40 51 0 69 0 0 0 70 0 0 0 0 0 0 0 0 0 0 0 0 0 29 0 24 54 0 90 0 0 0 56 93 0 12 0 42 0 6 0 0 0 0 40 0 0 0 0 83 84
46 0 0 31 0 78 0 0 0 0 0 0 35 0 0 0 11 0 63 3 0 0 0 45 71 95 50 0 34 0 87 0 52 0 0 54 0 0 0 0 0 19 0 0 44 1 0 0 0 20
34 0 0 0 86 11 0 0 55 0 0 0 71 0 0 0 0 0 0 32 0 0 21 25 9 0 72 67 60 61 11 97 0 0 0 0 1 0 0 0 0 53 0 0 0 9 66 10 0 0
0 84 60 0 43 95 8 0 0 0 1 0 49 0 0 21 0 0 91 0 0 0 0 0 3 81 0 67 41 22 11 0 4 0 96 69 31 0 19 0 1 0 0 0 44 0 50 0 0 0
0 3 42 93 0 86 0 0 99 0 0 0 98 62 76 91 0 62 91 0 41 0 40 32 0 0 0 0 60 0 82 0 0 0 0 0 0 0 0 0 0 0 0 0 0 0 0 13 0 63
0 0 0 0 0 0 0 0 0 0 52 0 0 6 29 87 72 53 40 44 13 57 0 0 0 0 5 91 0 82 95 0 0 0 44 17 0 0 0 0 90 0 0 0 0 22 0 0 0 0
27 0 96 7 1 0 25 0 0 0 0 58 70 0 0 0 77 57 0 71 0 0 0 82 0 36 51 0 0 0 23 0 0 0 0 0 0 0 0 0 0 41 0 65 46 83 0 0 0 0
68 0 47 48 66 40 0 23 13 4 67 0 0 0 0 0 0 24 74 58 65 0 65 0 0 0 94 0 0 0 0 0 0 62 0 0 0 0 0 0 34 0 0 0 0 0 38 0 0 0
32 0 48 87 83 0 0 0 0 34 0 0 83 0 0 0 0 0 0 0 0 0 78 0 0 61 0 0 0 0 0 52 0 71 0 0 0 0 0 0 0 0 0 0 81 0 45 70 0 0
0 41 0 0 96 80 0 95 0 35 84 0 71 0 0 0 0 0 0 41 0 0 0 0 29 0 0 0 36 92 0 0 0 0 85 0 91 0 20 0 0 0 0 0 0 39 0 0 0 4
0 47 0 0 0 0 0 0 0 0 57 0 29 0 49 0 0 0 28 0 0 0 58 0 0 0 8 0 0 13 0 0 0 0 0 76 0 0 0 0 0 0 0 0 0 30 68 63 0 0
0 0 0 0 0 0 0 0 0 86 0 0 15 0 44 0 0 0 10 0 0 0 0 0 0 0 0 0 91 40 36 0 0 97 0 0 0 67 8 0 78 0 0 0 36 0 0 0 0 6
0 0 0 0 0 0 0 0 66 0 0 0 95 0 0 31 0 26 0 0 78 0 0 0 0 52 97 0 0 0 0 0 0 0 0 0 94 0 48 0 0 0 0 0 0 0 33 0 0 0
38 0 0 0 0 0 41 0 0 0 0 0 0 0 0 0 83 0 83 0 0 0 33 0 97 0 45 0 53 61 0 0 58 0 0 0 0 0 0 0 0 0 0 22 59 21 91 94 0 42
0 0 10 17 0 0 0 0 0 0 0 76 64 42 0 6 21 0 0 0 0 0 82 36 0 0 0 85 0 0 0 0 18 0 0 57 0 0 73 97 0 1 0 0 14 0 0 0 0 0
0 0 0 0 0 0 93 74 0 12 0 0 56 0 0 93 34 0 4 4 0 0 0 11 0 0 0 85 0 0 0 0 0 0 0 51 32 0 0 0 0 50 0 88 0 0 20 0 0 0
33 0 8 39 50 54 0 0 81 0 61 0 0 0 21 0 94 16 0 9 0 0 14 30 0 5 0 0 0 0 0 0 89 70 0 53 0 0 0 0 0 0 5 0 0 0 53 0 21 0
0 28 0 0 0 0 0 0 0 0 0 96 0 24 0 30 97 97 27 0 37 0 0 0 0 0 52 0 0 0 0 0 9 0 0 0 43 0 0 0 35 71 0 0 0 0 0 0 0 88
39 51 68 79 0 0 32 44 85 32 0 0 0 69 0 0 0 0 20 0 0 60 0 0 0 0 76 0 36 0 0 0 0 0 0 35 0 0 0 87 79 0 0 0 0 0 0 0 0 0
97 0 91 0 0 0 0 0 97 72 22 0 0 0 65 0 43 0 0 0 47 0 0 0 0 0 53 0 0 0 94 0 0 0 0 0 0 0 0 0 63 0 0 0 0 0 0 0 0 95
