3 17 0 0 0 0 0 0 0 0
0 0 0 0 0 88 0 0 52 0
0 40 0 0 46 0 0 0 0 0
0 0 0 0 0 0 17 61 0 0
0 0 0 0 0 0 0 0 0 0
0 0 54 29 0 0 0 12 0 57
0 0 0 0 0 76 0 0 0 83
0 0 0 0 0 0 0 0 41 0
3 0 0 0 16 0 0 69 0 65
0 0 0 0 43 0 96 49 0 0
25 21 0 0 0 34 79 0 0 0
17 0 24 0 0 0 0 0 0 0
0 0 18 0 29 0 0 0 0 0
46 0 0 0 83 0 0 51 88 72
0 17 93 0 0 3 0 0 0 0
0 0 0 0 0 0 21 0 0 0
0 25 0 0 0 0 0 0 0 0
0 0 0 0 0 39 0 0 0 0
0 0 29 58 0 0 53 0 81 0
0 0 0 0 0 0 0 0 0 0
0 0 0 0 0 14 44 73 96 0
0 0 0 0 0 75 0 0 0 0
0 0 0 0 0 0 0 0 0 0
0 0 0 0 0 0 0 0 0 0
0 0 82 0 0 0 0 0 0 0
0 34 0 0 0 0 0 0 75 0
0 46 1 0 0 0 40 0 0 0
0 0 0 0 0 73 0 0 0 0
69 0 0 0 0 0 0 8 0 0
0 0 17 0 0 0 0 73 0 0
0 0 0 0 22 0 0 0 0 0
98 0 0 0 12 0 0 93 0 36
0 0 0 0 56 0 0 0 0 0
0 0 89 0 0 0 0 0 0 0
0 0 0 0 0 0 0 33 0 0
0 0 0 0 0 0 53 0 0 0
0 0 0 6 7 0 97 0 0 0
0 0 24 0 0 0 0 0 94 0
0 0 0 0 0 0 0 0 0 80
0 0 0 0 0 37 11 24 0 0
