40 0 0 0 0 75 54 0 0 0
0 0 92 0 0 0 0 97 0 12
91 0 0 0 0 0 0 56 89 0
0 39 0 0 0 65 85 0 0 45
49 0 0 0 9 0 0 12 96 0
0 95 63 71 75 52 0 0 0 30
0 0 28 26 0 81 93 0 97 0
0 69 9 13 0 51 0 0 44 0
81 0 0 0 0 46 0 0 0 0
29 0 0 0 10 0 0 0 0 81
62 0 0 0 0 0 0 40 0 0
82 0 65 0 0 0 0 0 0 0
0 0 39 78 0 93 0 0 11 67
0 22 0 53 0 0 0 47 0 0
0 0 0 0 39 32 40 0 0 22
83 54 0 0 0 0 0 0 0 0
0 0 45 0 0 80 23 0 0 0
0 0 13 0 0 5 12 0 0 0
0 0 0 73 5 75 0 81 75 66
0 7 87 12 33 0 55 31 46 0
19 0 0 3 0 0 0 62 11 0
0 0 80 32 34 0 0 0 11 35
0 0 0 0 0 29 0 70 0 43
36 0 32 0 0 0 0 0 0 0
72 19 0 0 0 0 0 0 67 0
0 0 0 0 0 91 0 16 0 0
36 0 0 6 0 0 8 26 0 0
64 0 0 73 0 0 0 0 0 0
48 0 0 0 0 0 0 97 77 0
0 0 13 0 0 0 88 26 0 74
0 0 23 0 71 0 0 0 47 27
0 14 0 0 0 15 0 0 0 41
0 0 50 0 0 0 16 0 0 0
0 28 36 44 0 70 0 0 0 0
0 63 0 0 38 0 0 67 6 4
0 0 0 79 0 0 0 0 0 83
0 0 0 0 3 0 0 0 0 0
0 51 55 0 28 0 0 0 0 0
0 85 0 0 0 0 0 0 83 0
0 0 0 0 0 0 90 0 0 0
