0 5 0 2 0 0 0 0 0 48 12 0 9 61 68 0 0 82 0 0 42 92 93 0 0 0 0 0 22 0 5 0 0 0 0 25 17 45 0 0 45 0 45 0 0 15 87 0 0 0
0 34 0 97 0 0 0 47 0 0 0 92 87 37 0 13 0 0 17 0 6 0 0 0 0 65 59 0 0 49 98 23 0 0 0 0 0 66 54 22 25 0 0 0 0 0 0 0 0 0
0 55 0 0 63 0 0 15 0 0 63 0 54 0 0 0 0 0 0 0 0 0 0 0 0 0 0 0 50 0 26 0 77 0 0 0 0 0 10 0 0 0 0 0 98 31 0 0 0 2
0 0 0 0 0 87 8 0 59 0 63 96 0 0 0 49 0 66 0 0 0 77 0 85 0 0 0 0 16 96 0 0 0 0 0 71 0 0 0 0 0 0 0 0 0 0 0 37 0 54
70 79 0 0 92 68 0 0 61 81 74 54 0 19 0 0 0 89 0 0 0 0 0 0 0 0 0 0 0 0 0 0 0 90 0 0 0 0 0 0 0 0 0 0 18 0 18 48 0 0
0 0 7 70 41 95 0 0 0 85 0 0 77 0 0 0 0 0 11 61 67 0 0 0 21 0 0 92 10 0 13 0 0 52 0 0 78 0 97 0 0 64 9 17 0 10 85 0 0 50
51 0 0 0 90 89 40 60 0 0 14 0 21 0 63 0 0 0 0 0 0 59 40 0 13 86 0 0 0 0 0 18 85 44 0 0 0 54 0 25 78 0 0 18 0 0 0 40 71 0
0 0 0 0 0 0 0 0 8 0 0 85 36 86 0 88 0 22 0 0 0 89 70 0 0 0 51 0 0 0 86 0 0 0 45 0 0 0 0 0 0 0 65 0 0 0 0 0 0 0
0 0 81 0 32 0 0 0 0 0 0 51 47 0 0 0 0 76 3 0 52 0 0 11 0 11 21 0 62 0 0 59 0 96 99 0 96 96 17 0 0 0 19 33 93 0 0 33 0 0
0 29 87 0 18 0 6 0 46 0 0 0 0 58 76 77 0 74 85 0 26 0 83 0 0 0 0 0 15 0 0 56 79 0 0 0 0 0 30 0 66 0 46 45 0 52 0 0 0 0
52 0 0 0 0 0 0 91 0 90 83 0 0 0 0 0 14 0 35 20 0 0 0 0 12 0 0 0 0 63 0 0 0 0 0 0 0 0 0 0 0 0 0 0 28 0 0 65 98 0
0 21 0 18 0 37 0 0 33 0 98 19 0 86 0 0 6 0 0 0 0 31 8 0 17 0 12 0 0 0 0 0 32 44 0 0 0 68 84 0 0 0 0 0 74 0 0 52 33 25
23 0 0 0 10 0 64 0 66 0 55 25 83 43 22 0 29 42 0 30 91 0 0 0 0 0 0 0 0 0 89 0 0 0 29 49 0 85 0 0 0 3 0 0 0 77 0 0 0 67
0 0 0 0 0 0 93 0 0 0 17 49 37 0 0 0 0 44 0 0 0 0 0 93 0 55 0 0 0 0 0 0 0 0 0 0 0 0 93 0 97 0 0 65 0 0 0 0 0 88
34 0 0 30 0 0 28 69 4 33 0 0 66 0 0 54 0 67 0 0 10 0 73 82 0 32 0 0 0 0 0 67 0 0 0 0 0 16 0 0 0 0 0 0 49 0 0 44 0 0
0 97 79 75 0 50 50 30 0 54 34 0 0 0 0 0 33 0 41 78 0 77 0 0 19 11 0 0 0 93 39 0 0 71 96 0 0 29 0 0 0 79 0 0 0 91 0 87 0 58
23 70 93 0 0 99 5 0 0 0 0 72 0 0 0 0 0 28 0 0 1 0 6 18 0 0 4 0 0 0 0 0 0 0 0 7 21 0 96 0 0 57 61 0 0 0 63 0 0 0
0 74 88 0 0 0 0 0 0 45 0 0 91 0 0 0 0 0 0 0 0 0 0 27 70 0 40 0 45 0 0 0 0 22 0 81 0 62 16 48 63 83 0 0 30 54 60 0 40 57
19 0 0 0 0 92 89 0 0 39 0 29 0 0 29 0 0 0 0 0 60 62 0 14 0 0 0 70 0 23 0 0 88 0 87 0 0 0 54 0 0 0 43 98 0 0 0 0 0 0
0 8 0 0 0 0 20 0 0 0 0 0 9 0 73 0 0 89 0 98 33 78 0 0 0 0 0 28 0 0 0 0 0 0 58 34 0 0 69 0 0 52 90 0 21 0 0 0 0 94
0 60 0 0 0 0 0 39 0 0 0 0 0 0 0 0 0 78 0 0 44 0 0 0 0 58 0 0 98 15 0 0 63 0 0 0 0 0 0 0 0 94 0 0 0 0 97 8 0 0
0 0 0 0 15 0 67 0 79 0 0 0 26 0 0 0 0 60 0 0 0 0 0 81 0 34 0 0 40 0 49 0 0 0 94 61 0 0 0 0 13 0 71 0 0 0 11 0 0 0
0 98 0 43 0 0 0 0 0 0 9 81 99 20 81 39 0 0 0 26 7 0 0 0 0 0 89 0 0 0 0 0 0 0 0 0 0 0 34 0 0 0 18 0 0 96 0 0 30 0
0 39 0 0 0 0 0 0 59 0 0 0 0 10 0 0 0 31 0 0 3 64 72 70 12 94 0 0 39 0 91 27 0 0 0 15 0 0 22 0 22 29 0 2 52 0 9 83 56 0
0 83 0 0 0 0 0 0 0 55 0 0 0 89 0 0 0 14 0 0 0 0 59 0 0 0 0 0 0 39 0 0 0 0 0 0 0 23 0 0 0 0 8 0 0 0 73 0 0 0
0 0 24 0 0 0 84 0 0 0 0 37 0 53 0 0 0 0 0 30 12 0 9 0 0 94 0 0 65 0 0 0 0 0 0 0 0 0 0 0 72 0 0 94 0 0 0 40 89 11
89 0 0 0 0 0 5 0 0 0 0 0 60 0 0 31 0 0 92 21 0 0 0 51 0 0 0 76 0 78 54 0 98 0 49 0 0 43 0 43 0 0 28 40 0 0 0 0 0 0
0 0 0 0 76 0 0 77 0 0 0 0 0 0 0 0 0 0 43 0 0 2 0 11 0 0 0 0 75 0 0 0 26 9 0 0 0 0 0 78 0 65 0 0 0 0 0 0 0 0
0 0 0 0 11 0 97 58 0 1 16 0 60 0 52 0 0 16 0 0 0 0 51 61 0 3 0 68 8 0 0 0 0 0 0 0 0 0 0 0 0 0 0 80 0 0 0 0 29 0
58 88 0 0 70 0 0 0 24 0 69 0 55 0 0 0 0 0 0 0 78 38 67 70 0 0 0 0 0 54 0 83 21 73 80 0 0 0 0 2 0 40 80 0 99 0 0 94 0 51
