0 0 0 0 80 0 0 0 97 65 78 0 39 33 0 0 0 0 76 0 0 0 29 0 75 0 8 2 0 0 0 0 0 52 72 0 31 0 79 83 16 0 0 0 81 0 81 0 0 93
0 61 0 0 0 0 0 0 0 0 0 0 21 0 0 0 0 65 0 0 0 87 0 27 16 0 0 69 0 0 0 65 0 0 0 0 0 0 0 0 0 0 0 53 0 0 0 0 53 0
71 0 77 0 0 0 0 64 0 0 0 1 0 0 86 0 0 0 0 0 0 0 0 0 0 0 0 0 38 0 76 0 0 0 0 0 0 65 54 0 97 0 0 0 0 0 12 88 0 0
0 0 0 0 0 43 0 0 0 0 86 0 0 0 0 10 65 0 87 28 0 0 0 0 0 5 0 0 0 0 0 0 6 0 0 0 0 0 0 0 0 0 0 4 0 53 0 73 29 0
67 0 0 0 0 0 50 25 0 0 0 0 0 82 61 97 63 52 89 65 60 0 0 5 0 0 0 0 0 0 0 0 63 0 0 0 0 73 0 0 0 27 0 90 0 0 0 0 50 36
0 55 0 0 0 0 69 99 0 66 86 0 5 0 71 46 0 0 0 0 0 0 0 0 53 0 0 0 56 0 50 0 0 37 0 24 0 0 0 94 0 0 91 0 25 0 33 0 0 0
36 0 0 0 0 0 0 0 0 77 0 0 0 0 2 0 64 26 0 0 28 0 10 1 59 47 0 0 0 0 0 0 95 0 0 0 0 0 0 0 0 0 41 42 7 0 89 0 0 0
26 0 74 80 38 0 0 82 0 0 0 0 0 90 0 0 0 34 42 11 54 0 0 0 0 0 8 0 0 0 0 0 0 0 0 73 0 0 84 0 0 0 64 58 0 0 0 0 38 0
0 96 0 0 2 0 32 55 0 0 0 0 0 0 69 0 0 95 0 0 38 70 68 0 0 0 0 0 0 0 74 0 0 0 74 0 51 0 0 0 26 0 0 25 0 0 41 0 0 0
0 0 0 9 0 21 59 0 0 0 0 67 0 0 0 96 0 37 83 0 15 0 0 0 0 0 57 0 0 65 49 0 0 0 15 0 83 0 0 71 0 0 0 73 0 28 0 0 0 0
0 15 0 0 0 0 0 42 0 85 5 35 0 72 0 0 46 33 22 15 0 63 0 0 0 0 0 0 81 0 0 0 0 0 2 63 63 0 0 34 0 0 0 0 0 0 0 0 0 0
0 18 1 98 22 0 0 0 0 0 0 41 73 2 27 98 3 0 73 0 0 0 0 69 0 0 0 51 0 0 73 0 0 67 0 0 0 0 0 0 0 0 71 0 94 55 0 66 82 68
0 0 0 50 32 57 68 0 0 0 0 37 0 0 0 0 0 70 0 0 0 53 0 96 0 70 68 20 0 0 0 0 49 0 93 0 0 79 0 0 0 0 0 0 0 0 40 20 0 0
0 0 16 70 92 67 0 32 9 0 0 0 63 30 18 84 12 0 28 0 58 0 48 8 80 32 0 0 0 49 11 0 0 0 0 78 0 0 0 0 0 16 95 0 0 0 88 0 0 75
0 0 90 0 60 0 0 0 0 0 0 47 0 41 0 0 0 0 45 0 0 80 0 0 97 0 75 0 0 58 34 0 0 0 0 0 0 0 0 0 50 0 0 10 0 6 0 0 63 0
81 0 0 0 0 0 37 0 62 72 31 0 0 0 45 63 0 40 0 0 0 0 70 90 0 60 20 49 50 0 0 0 0 0 0 76 51 49 0 0 0 22 0 0 0 0 0 93 0 25
0 0 0 11 0 0 0 80 0 0 0 21 0 0 49 0 0 21 0 0 95 94 85 0 0 10 66 0 0 68 8 0 0 0 0 0 0 38 77 8 0 59 45 0 0 0 0 0 41 0
91 87 95 0 33 0 0 0 0 0 0 0 0 0 0 0 0 46 81 6 0 83 60 0 0 0 0 0 0 0 17 65 0 80 0 0 0 67 0 0 0 23 0 11 0 0 0 0 28 40
0 0 43 0 57 0 0 0 0 42 0 0 0 73 0 0 0 0 38 0 0 0 0 6 0 0 0 0 0 49 27 53 37 0 0 0 63 0 0 63 0 0 0 0 73 0 14 0 0 0
0 0 0 0 6 0 36 39 0 0 0 0 0 74 0 0 0 91 9 0 0 0 0 0 15 53 0 0 0 50 0 84 75 60 0 0 0 0 60 0 75 0 0 10 93 0 0 58 0 0
