41 0 0 0 0 0 0 0 38 0
68 99 91 0 0 93 0 0 0 0
0 0 92 0 0 0 2 76 50 0
29 6 0 48 20 81 0 0 0 0
0 0 0 0 14 0 0 0 0 0
0 27 0 0 51 0 0 0 20 0
21 89 0 39 1 24 0 92 51 87
50 35 0 43 0 0 0 0 0 0
91 61 67 74 0 86 0 0 20 70
0 0 0 71 0 0 0 59 0 0
13 0 0 86 99 0 0 0 0 83
0 0 0 0 0 0 0 44 0 0
72 0 0 0 0 93 59 72 0 0
26 0 0 0 0 0 99 97 66 70
0 15 0 22 0 43 0 0 37 73
8 0 0 0 0 0 62 0 0 0
0 0 60 0 58 0 0 0 0 0
0 0 37 0 0 0 0 0 0 0
0 0 0 0 16 0 0 0 0 0
0 77 0 39 0 0 0 0 0 53
0 0 0 0 24 0 99 0 24 0
51 63 0 24 0 0 6 14 0 0
0 0 0 29 0 0 0 0 0 0
94 99 0 0 0 0 78 0 29 83
0 0 0 0 62 0 79 0 0 0
0 0 0 80 0 0 0 48 0 0
0 57 0 11 0 0 0 0 77 0
0 9 0 92 0 0 30 0 0 0
0 37 0 0 0 0 83 0 0 3
32 67 0 10 50 0 0 0 0 0
