2 0 0 0 0 0 38 0 0 0 0 0 15 0 0 0 47 0 0 0
0 0 0 0 33 59 0 0 17 74 0 0 0 0 0 69 0 65 0 0
0 0 0 59 0 0 0 0 0 56 0 0 0 73 0 50 29 95 0 0
0 0 0 0 0 60 48 0 0 0 0 0 61 35 0 0 12 0 0 0
0 0 68 0 0 0 51 0 0 0 0 0 0 0 61 0 0 0 0 0
65 0 0 84 0 97 0 0 60 0 49 0 0 0 0 96 76 40 0 0
0 0 58 0 43 0 0 0 0 0 0 6 0 0 10 0 0 0 0 0
0 0 55 0 0 0 0 2 0 0 0 0 0 0 0 0 24 0 0 0
2 65 84 0 0 0 0 0 84 0 15 0 79 0 10 1 0 43 0 0
0 0 0 0 0 3 6 0 0 0 0 0 0 0 0 0 71 0 47 0
2 0 62 0 88 0 61 45 0 0 0 0 0 0 0 14 0 0 0 0
0 68 21 0 0 0 0 0 0 0 0 23 0 0 0 0 0 0 8 16
0 0 0 33 47 0 0 0 0 0 0 0 64 0 0 0 2 0 0 0
0 0 44 0 0 0 0 0 21 0 0 0 0 0 0 0 0 0 0 45
99 0 0 0 0 45 0 88 0 0 0 0 0 0 0 0 0 0 0 0
0 87 81 0 0 0 0 0 0 68 0 75 0 0 0 0 0 0 0 77
0 0 0 0 0 0 0 0 0 65 56 10 0 23 0 0 82 0 0 43
70 0 0 0 0 0 0 0 0 0 0 0 0 0 91 0 0 0 0 0
93 0 79 0 0 0 0 0 0 0 77 0 0 0 0 0 0 0 0 96
0 44 0 0 0 0 32 0 0 0 0 51 57 0 0 0 0 0 0 0
93 0 0 0 0 0 0 46 0 0 0 31 0 33 0 0 0 0 0 0
0 19 0 0 19 96 0 0 0 0 23 0 0 76 57 0 0 0 0 0
0 0 38 0 0 31 12 9 0 0 0 0 62 47 48 0 0 43 47 0
0 0 0 0 32 0 0 0 0 0 0 0 0 0 6 0 0 33 0 0
65 0 61 0 0 0 0 0 78 0 0 24 0 0 0 0 8 0 0 93
0 0 0 0 0 0 0 57 0 0 51 0 0 0 0 13 0 49 96 0
0 0 0 0 0 81 0 0 30 0 0 0 0 0 0 0 9 0 0 0
0 0 0 90 0 74 72 67 0 34 14 0 77 62 0 0 0 0 0 0
0 0 0 0 0 0 0 0 0 0 73 0 0 0 93 26 33 0 30 19
0 0 97 0 0 0 0 0 99 0 2 0 0 40 0 0 0 59 53 0
