0 0 0 0 0 0 0 0 0 0 41 0 0 0 0 0 5 6 86 0 0 76 86 0 0 0 0 0 21 0 5 97 0 0 83 1 0 0 8 0
0 93 0 90 0 53 0 0 0 77 0 0 0 0 0 0 0 0 19 0 0 0 0 26 0 0 48 63 0 0 14 82 39 0 0 0 0 0 15 61
12 53 0 0 0 0 0 83 0 78 0 0 0 0 0 0 0 13 0 22 33 0 0 61 0 0 0 0 49 35 0 0 0 0 0 0 98 88 96 0
53 21 0 0 0 14 0 0 0 0 0 0 0 0 0 0 0 0 49 0 30 32 76 68 0 0 0 0 0 0 0 0 0 52 90 0 53 0 64 0
0 60 0 0 0 39 0 0 0 0 0 0 0 58 0 0 0 0 0 0 0 0 79 50 84 17 87 0 36 0 84 0 20 0 0 0 0 0 0 36
2 96 0 57 93 27 66 0 0 0 0 76 0 0 0 0 0 0 0 35 0 90 0 30 47 0 0 0 0 0 0 0 0 0 11 0 0 0 83 0
0 0 0 0 66 0 0 13 0 0 0 0 27 99 29 98 0 0 0 0 0 82 0 0 0 0 5 29 0 0 0 34 84 73 13 84 99 0 0 0
4 0 0 0 0 0 0 23 0 85 0 91 0 0 13 0 0 0 0 0 0 0 0 0 0 0 0 0 7 0 12 14 30 0 0 24 9 20 0 0
0 0 0 79 0 0 18 17 0 0 73 58 47 0 0 0 0 3 0 0 43 0 11 0 0 0 86 75 70 69 0 0 0 0 38 99 0 24 47 83
0 0 0 0 0 0 82 14 68 0 7 0 0 24 0 61 65 0 53 0 72 0 0 0 0 0 0 0 96 0 0 0 13 0 0 15 0 64 93 8
28 0 0 44 0 45 0 0 95 0 0 0 0 0 95 0 80 59 19 0 0 45 41 0 78 81 0 0 40 0 92 0 0 0 0 0 83 0 0 85
0 0 0 0 0 0 0 18 0 0 0 0 0 1 0 72 58 10 42 0 0 0 0 0 0 0 48 0 15 20 0 20 0 68 0 0 99 20 33 0
19 0 26 0 0 0 0 56 0 0 45 0 0 14 0 27 47 0 62 26 0 54 0 66 59 0 0 0 0 0 65 0 0 0 0 0 0 0 0 20
0 0 0 47 0 0 0 2 0 36 0 4 0 19 0 0 0 56 39 75 18 24 55 0 0 43 0 96 0 0 0 96 63 0 0 0 0 0 0 0
0 0 0 66 0 85 65 1 0 0 36 2 0 0 0 0 0 69 0 72 87 0 0 0 66 0 0 0 0 0 41 0 0 0 25 0 0 0 0 50
99 54 0 0 2 0 0 0 99 0 0 0 0 84 20 0 12 20 5 0 0 0 0 0 0 23 0 0 0 0 0 0 0 0 0 0 0 0 33 0
0 0 0 52 0 8 0 0 0 0 0 0 80 0 0 59 9 11 0 18 38 0 0 0 0 52 0 0 0 66 0 0 0 0 0 28 40 74 76 0
0 0 0 0 0 0 56 0 0 60 0 0 0 49 0 0 0 76 50 51 0 0 80 0 0 0 19 0 39 0 71 0 0 0 0 0 0 0 0 0
0 2 0 0 0 0 0 64 0 66 0 0 32 0 0 0 0 6 60 0 0 1 0 0 0 0 0 68 0 43 0 0 0 91 0 0 0 0 0 0
0 0 0 0 0 41 0 96 0 0 0 0 16 18 0 21 59 0 22 49 0 0 19 0 0 0 0 0 0 99 0 0 0 61 49 0 91 0 0 0
