0 27 32 0 61 37 0 0 0 0 0 0 61 0 0 0 0 93 0 6
0 94 95 0 0 99 0 0 13 0 0 29 49 0 0 0 89 0 0 7
0 0 0 41 0 0 0 48 0 0 33 20 0 14 0 0 0 64 48 47
0 87 92 75 0 0 97 16 0 0 89 0 0 0 0 0 0 9 68 0
63 88 0 91 0 0 0 0 0 0 7 0 97 0 0 0 93 0 0 0
0 0 52 58 0 0 0 37 53 0 0 0 0 0 0 0 0 0 88 0
0 0 0 28 0 0 0 0 0 64 60 0 54 0 0 45 0 0 0 51
22 0 0 67 0 0 0 7 0 99 0 0 0 40 38 0 0 75 0 0
0 0 0 0 95 30 66 0 0 8 0 75 0 28 0 0 0 0 0 0
0 35 0 9 0 0 59 0 0 13 0 91 0 0 0 0 0 0 0 86
0 81 0 62 0 99 0 44 95 18 0 0 0 0 0 0 0 0 22 83
0 0 12 0 47 0 0 0 0 0 63 0 0 0 2 0 45 87 14 0
0 0 0 5 0 20 0 18 63 78 81 0 53 48 43 0 0 68 0 0
0 0 0 0 0 0 0 0 0 0 3 0 0 0 4 0 0 0 99 0
0 0 0 26 0 0 0 0 0 0 0 0 0 45 0 0 0 20 64 0
81 0 58 0 29 0 0 0 0 0 72 95 0 0 0 94 88 27 0 0
30 0 25 0 14 0 0 0 0 0 0 0 97 19 0 0 0 0 0 3
0 0 0 0 85 0 0 11 94 0 0 0 2 0 6 0 0 27 49 24
0 0 0 0 0 0 0 0 0 0 0 81 0 45 0 0 62 0 23 0
0 0 52 0 3 0 3 52 0 1 0 13 0 0 0 0 1 0 0 49
