14 0 0 41 0 0 0 0 0 0 0 45 0 0 0 0 0 57 0 0 0 27 0 0 36 0 0 9 0 0 0 0 0 0 0 0 36 0 0 0 0 0 0 0 0 49 0 0 39 18
0 0 0 32 0 0 0 0 0 99 0 0 0 40 0 67 38 0 0 0 0 80 0 0 0 73 0 21 60 0 73 0 0 0 0 0 15 0 0 0 0 0 0 0 45 18 0 66 0 53
0 0 5 0 86 0 0 34 0 0 0 0 0 0 0 0 0 42 0 0 0 0 0 7 0 0 0 0 0 0 0 0 60 0 0 0 62 0 0 29 4 0 0 0 0 0 0 56 40 9
0 0 75 31 0 0 0 14 0 96 0 2 82 0 77 0 0 0 0 0 0 0 0 25 78 0 0 58 0 0 81 0 0 0 31 0 0 0 0 87 0 0 0 0 0 0 0 0 0 0
0 0 0 57 9 0 0 0 0 29 0 0 0 72 25 0 0 0 0 0 0 0 63 0 0 0 0 0 0 23 84 51 0 27 0 0 0 0 0 0 26 0 0 0 23 87 0 0 0 0
0 0 0 57 0 16 0 0 0 0 54 0 84 15 0 0 99 0 0 0 0 0 22 0 0 0 0 0 0 0 0 55 60 0 7 0 0 46 0 0 0 0 0 0 0 0 45 0 0 0
0 0 0 0 0 0 0 0 28 0 0 68 0 0 0 0 71 0 0 0 0 0 0 0 0 0 0 18 0 0 76 0 0 0 0 0 0 0 0 0 0 45 5 28 0 0 0 0 0 0
0 0 0 80 0 0 0 0 0 0 0 0 0 68 0 0 67 0 86 0 75 0 0 84 69 0 0 0 0 0 0 0 0 0 0 0 0 68 0 38 0 0 0 0 0 51 0 0 21 0
37 56 0 0 0 0 0 37 0 0 52 0 0 0 0 0 0 23 0 0 0 0 86 81 0 0 74 0 0 61 24 0 0 0 0 0 13 0 32 0 0 0 0 89 7 0 0 58 0 0
0 0 36 0 0 0 0 0 0 0 0 0 0 0 44 0 0 0 0 0 0 0 0 0 70 0 15 0 0 0 58 0 62 0 0 0 0 0 46 39 0 73 0 0 0 0 0 0 0 69
