13 0 0 66 0 0 0 0 0 0
0 27 0 35 0 0 0 59 85 0
80 43 0 73 0 54 14 0 0 0
0 0 0 0 14 0 0 0 0 0
0 0 0 0 0 11 0 27 78 0
91 0 0 9 0 0 87 13 0 72
98 0 49 0 0 31 0 0 0 50
0 6 64 0 14 0 67 66 0 0
0 12 0 70 0 82 0 0 11 40
0 0 0 0 75 61 0 26 46 0
54 0 0 0 0 0 0 0 22 0
0 0 0 43 11 59 0 0 0 0
0 0 0 0 0 0 72 0 55 78
0 80 15 86 0 0 0 4 52 0
0 21 0 0 0 0 0 0 0 0
0 84 0 0 0 0 0 0 0 0
35 0 0 0 0 0 0 0 57 0
0 0 0 0 73 0 0 0 0 90
0 0 0 27 73 0 0 34 6 0
0 0 99 91 23 0 0 0 77 0
47 0 0 75 45 74 22 0 0 79
48 0 47 93 95 0 0 93 93 0
0 0 81 0 0 0 33 0 0 0
0 0 0 0 0 0 0 18 56 0
0 0 48 0 58 5 24 91 71 0
0 82 0 0 0 0 0 88 0 98
0 86 0 47 0 0 0 0 0 0
0 0 0 0 0 0 0 0 0 0
0 0 3 82 56 0 0 48 0 0
15 0 0 0 0 0 0 0 0 43
