0 0 0 27 94 0 0 75 0 0 0 0 0 12 0 0 0 0 0 0 0 27 0 39 0 0 26 0 0 0 70 0 0 0 0 1 0 0 0 0
0 0 0 0 0 44 52 97 0 0 0 0 76 45 0 0 60 0 0 0 0 73 0 0 0 0 0 0 0 0 0 0 0 62 0 0 0 60 0 0
30 0 42 0 7 0 0 77 0 66 0 0 0 0 0 0 0 0 0 0 0 0 0 0 0 63 0 0 0 0 0 0 9 0 0 41 0 23 0 33
0 0 0 0 49 0 0 0 0 0 65 0 0 0 0 56 0 15 0 0 0 0 0 0 0 0 0 0 48 0 0 0 0 0 0 0 0 46 0 0
0 49 0 91 0 0 0 60 0 0 0 45 0 0 75 0 0 0 54 0 0 0 98 0 0 0 0 29 0 0 0 0 0 0 0 0 0 0 0 0
0 0 0 0 77 0 0 0 0 0 0 0 41 82 96 0 0 0 0 0 0 0 0 0 37 0 0 85 0 65 0 0 0 0 0 0 0 0 0 0
0 0 0 0 42 0 88 0 30 0 0 0 0 0 0 0 0 0 0 0 0 0 0 0 14 0 0 0 69 0 0 0 0 0 93 0 0 0 68 57
0 93 0 0 75 13 28 0 0 0 0 0 0 0 0 24 0 0 0 0 0 0 0 0 77 66 0 0 0 24 0 0 0 0 0 0 0 0 0 0
0 0 68 93 0 0 0 0 0 38 0 0 58 2 0 0 0 0 0 0 32 0 0 0 0 0 0 0 0 0 9 0 0 0 0 48 0 0 0 0
0 0 49 0 0 0 66 0 0 0 0 85 0 0 0 0 0 0 0 0 0 0 0 0 0 0 0 0 0 0 0 7 83 0 0 0 0 0 38 11
