65 94 0 0 70 0 0 0 0 14 68 32 0 0 0 25 23 28 64 0 71 0 0 0 0 0 0 0 0 0 0 37 53 0 69 0 37 76 0 0 0 0 39 0 0 0 0 0 0 87
0 0 0 0 0 0 0 1 88 0 84 0 0 0 26 0 13 82 0 0 0 0 19 0 0 0 0 0 0 0 37 6 0 66 0 0 0 2 0 42 89 44 31 0 0 0 66 0 0 55
32 0 0 0 0 0 79 24 37 0 0 16 88 0 44 60 5 10 0 71 0 97 59 0 8 0 33 62 0 0 0 0 0 57 20 0 69 62 37 57 0 0 0 60 0 0 4 86 0 0
0 0 0 4 0 0 0 31 0 0 0 0 0 0 0 0 0 32 34 94 0 0 0 0 85 0 0 0 65 55 0 1 0 0 37 0 72 0 41 0 81 65 59 0 0 0 0 0 20 46
0 6 0 0 0 0 0 0 0 0 0 40 0 0 0 57 78 0 72 43 0 0 0 0 43 15 78 0 65 0 0 19 0 71 81 0 57 0 0 45 0 90 28 99 0 0 0 0 0 0
47 0 79 0 0 0 0 0 0 33 0 0 60 0 22 0 0 0 0 0 0 0 46 0 0 0 0 0 0 0 63 0 0 0 58 0 0 48 0 0 43 0 0 88 0 8 85 0 0 0
65 0 0 0 0 46 0 0 0 0 26 0 0 86 13 16 0 0 0 0 0 57 24 0 0 0 0 16 0 97 0 0 95 60 0 0 0 0 0 10 0 45 0 51 0 7 58 78 0 27
0 12 95 94 0 0 73 31 0 0 0 0 57 86 25 0 0 98 0 0 92 0 0 0 0 0 0 0 13 0 0 80 0 0 99 58 7 0 72 0 0 0 54 7 57 32 0 42 0 0
0 34 0 0 0 0 0 0 0 0 0 0 0 81 0 52 0 0 0 0 0 23 0 92 0 27 14 0 0 62 0 18 0 0 0 67 0 0 0 0 0 26 18 0 0 0 0 0 0 0
0 84 73 0 0 68 53 0 0 21 18 0 0 0 0 99 0 0 0 0 0 36 0 35 0 97 82 0 93 0 0 0 9 63 0 0 0 0 0 26 0 0 0 42 62 0 0 0 0 0
0 77 7 0 84 0 0 0 0 0 2 0 0 0 0 0 0 0 0 0 94 0 0 38 0 0 0 0 21 4 37 64 0 6 73 16 0 10 0 0 0 0 13 99 69 0 4 0 0 22
65 0 0 70 0 19 0 0 0 0 0 0 0 0 0 72 1 0 0 0 34 0 54 0 0 0 17 0 96 0 0 0 16 0 0 0 0 0 32 0 57 0 50 0 0 0 0 0 84 0
0 0 0 0 16 53 0 93 12 0 23 0 0 17 0 0 77 0 0 87 0 34 0 0 0 0 0 70 0 87 0 0 0 0 81 0 98 0 0 0 0 0 0 0 0 0 0 0 0 0
8 0 8 0 64 31 0 0 0 12 64 0 0 0 62 0 89 64 73 0 0 0 0 0 0 0 0 79 0 0 0 0 0 0 0 0 0 0 0 0 0 38 0 57 58 33 75 0 0 0
0 0 0 0 0 0 0 0 0 0 0 0 0 0 0 0 95 0 40 0 30 0 0 0 0 48 0 0 10 0 52 0 87 73 0 85 0 48 0 0 0 0 0 0 0 0 0 79 0 59
0 0 0 0 0 0 0 0 0 0 0 0 0 0 0 38 0 83 83 0 0 0 93 18 0 35 0 5 66 0 0 0 47 99 0 59 4 0 36 0 0 0 70 90 0 0 68 33 25 91
0 82 0 0 0 40 0 0 0 0 0 0 17 31 72 0 0 0 0 0 0 49 8 6 24 0 0 0 37 0 0 0 0 32 0 3 0 4 0 21 80 0 62 0 80 0 0 0 0 0
39 72 0 60 0 57 0 0 0 0 0 56 0 0 0 22 47 0 83 0 0 0 0 0 0 0 16 0 0 0 0 0 0 0 0 0 0 66 19 72 0 0 0 50 0 70 16 0 0 0
0 16 0 0 0 0 0 0 0 0 0 0 40 0 20 0 0 86 84 0 36 0 0 2 0 0 0 0 0 0 0 2 0 0 0 0 0 83 27 0 0 0 0 0 0 0 0 0 0 0
26 0 0 0 32 0 5 0 0 74 17 15 0 0 30 0 0 30 0 54 1 8 0 0 0 0 0 77 0 0 91 0 24 0 0 0 0 0 18 0 0 0 73 0 0 10 73 0 0 0
