0 0 28 0 0 0 0 94 0 0 0 0 0 47 0 15 0 0 0 0 85 0 44 0 0 51 0 84 0 91 0 30 0 0 97 7 0 0 0 0 16 21 0 0 0 50 0 8 81 0
51 0 0 13 0 0 0 83 0 0 0 88 0 55 0 56 21 0 99 0 0 0 0 0 0 0 0 45 26 0 0 0 0 0 0 0 0 93 35 0 36 0 51 0 0 15 49 0 25 3
10 0 0 92 0 27 0 0 0 0 0 90 0 0 0 0 10 0 0 0 97 39 0 0 0 0 71 0 0 23 0 39 0 0 80 0 0 0 0 19 0 0 0 0 96 0 0 0 0 56
72 0 0 0 0 27 0 0 0 0 61 0 0 0 0 0 0 0 20 0 0 0 48 14 0 0 57 75 85 0 49 0 0 0 0 0 19 0 0 70 66 51 0 0 0 0 0 0 0 0
19 97 10 0 63 0 0 0 0 47 0 92 0 0 7 0 19 0 0 0 0 0 44 0 0 0 0 0 0 0 0 11 0 0 51 0 0 0 38 0 29 28 0 0 0 0 0 67 0 0
0 0 0 0 0 0 0 0 0 0 0 28 51 0 24 0 61 0 22 85 59 0 36 0 0 0 0 0 34 40 0 0 0 0 47 95 2 36 0 69 5 0 0 66 0 0 86 0 0 0
63 0 0 0 0 0 0 0 0 0 0 0 0 0 0 0 2 0 0 0 0 0 70 0 0 0 0 0 4 0 0 0 0 66 0 0 0 0 24 59 92 0 28 16 0 0 0 14 0 0
0 0 0 0 37 30 53 0 0 0 0 0 77 0 9 36 0 73 0 0 0 93 72 59 0 18 7 0 0 0 27 43 0 0 51 0 55 0 0 56 0 3 0 0 0 0 0 33 14 0
6 99 0 0 0 83 20 0 0 0 0 0 9 11 29 0 0 61 0 29 0 0 99 26 56 81 0 0 0 0 0 0 0 0 0 0 0 38 0 0 39 0 0 0 0 0 57 35 0 3
63 0 0 0 70 12 23 0 16 0 0 0 0 94 89 62 0 83 0 71 52 0 0 0 0 44 0 0 0 0 0 68 0 0 0 0 0 0 0 1 0 0 82 0 6 0 0 39 0 4
