36 0 0 0 0 0 0 30 0 0
50 25 0 0 0 0 0 0 0 58
0 0 0 0 0 0 75 0 31 52
0 0 0 0 0 0 0 0 0 0
0 0 0 0 0 0 0 32 12 0
0 0 0 0 0 0 0 0 0 17
0 0 0 57 0 0 0 0 0 0
0 0 0 0 0 0 0 0 0 0
4 34 72 0 0 0 16 0 0 86
0 0 0 0 0 0 30 0 0 0
0 0 0 0 0 0 0 99 0 0
89 0 0 0 0 0 0 0 0 56
0 0 0 0 0 0 0 0 0 0
0 0 0 0 30 0 0 0 0 58
66 0 0 0 87 0 0 0 0 0
0 0 0 0 0 40 0 0 0 0
0 3 0 0 92 55 29 0 0 0
0 0 9 0 0 0 0 95 0 0
0 92 0 0 0 0 0 0 86 64
0 0 52 0 0 0 0 20 43 0
0 0 0 0 0 0 17 0 5 85
0 0 0 0 0 24 0 0 0 2
0 0 0 0 0 0 0 0 0 0
0 0 78 0 0 0 0 47 0 0
0 0 14 0 0 0 56 0 0 82
0 0 0 0 3 0 0 95 12 0
0 0 0 8 0 0 0 0 0 0
5 0 0 0 0 0 0 0 0 0
0 0 72 0 0 0 0 0 0 0
0 38 0 0 63 0 0 0 1 63
