0 81 0 0 0 50 0 0 0 95 39 1 52 0 0 0 40 0 36 0 50 0 68 0 0 45 98 17 11 0 0 80 0 0 0 0 41 55 0 0
0 0 41 59 64 7 0 0 0 24 0 0 0 0 0 29 0 0 0 15 0 0 0 0 0 0 57 0 0 0 0 0 0 10 60 0 0 0 0 70
0 0 0 0 45 0 0 0 63 0 0 0 0 67 9 0 0 0 0 38 0 80 0 0 0 0 76 0 0 88 0 0 0 0 0 0 0 19 0 0
8 96 68 0 48 36 0 0 0 44 36 7 0 0 0 25 0 78 0 0 0 52 0 0 0 0 0 0 0 40 41 0 0 0 40 0 0 7 0 0
0 95 0 0 0 15 0 0 0 0 0 0 41 0 0 0 0 0 4 99 0 0 0 85 0 21 0 0 0 72 40 38 0 60 75 0 0 0 0 0
0 0 0 53 0 76 0 0 0 0 0 65 0 78 0 0 74 0 0 0 0 0 0 0 0 0 0 45 0 0 87 0 43 0 32 0 0 0 0 15
0 97 83 0 82 0 0 0 0 0 0 0 0 36 0 72 0 86 0 0 92 75 0 0 0 89 79 0 73 0 59 0 0 96 0 0 0 0 0 34
0 9 0 44 72 0 27 60 0 0 95 47 0 0 0 0 0 0 0 0 0 42 0 59 0 0 0 0 0 41 0 0 0 79 54 0 0 0 63 0
43 0 0 0 9 2 11 12 68 0 0 0 0 0 0 83 0 0 23 11 0 0 5 0 0 0 0 0 0 0 76 0 27 0 0 23 0 25 0 0
0 0 0 51 0 0 0 0 0 0 0 0 0 0 70 85 0 72 0 0 0 33 0 87 82 0 0 16 0 42 0 0 0 6 0 9 0 0 0 0
14 0 0 0 0 47 0 74 29 0 0 0 20 0 0 92 0 0 18 0 0 0 0 0 0 0 0 0 0 61 0 34 40 0 0 0 0 0 0 82
34 0 0 0 46 85 0 0 0 22 0 0 0 53 30 0 0 0 0 5 57 0 0 0 0 76 0 40 0 0 28 0 0 2 0 66 12 0 0 99
0 79 0 0 66 15 0 0 0 0 0 0 0 0 0 0 69 13 0 0 0 0 0 0 61 0 0 0 0 0 0 0 0 0 0 0 0 0 91 6
83 0 12 0 0 35 0 0 0 80 49 0 0 0 0 0 67 0 0 78 26 1 21 5 0 70 50 0 0 0 0 0 21 31 0 68 0 0 0 0
18 15 0 0 34 0 0 28 0 0 0 0 68 98 0 0 69 0 78 0 0 96 73 0 0 0 0 0 0 0 24 0 0 0 0 0 86 0 14 0
0 0 0 0 0 75 61 0 0 0 0 10 0 61 0 0 49 0 0 0 5 0 29 0 0 30 90 18 0 0 0 0 27 11 0 0 0 71 49 0
11 0 36 0 58 0 0 0 0 0 0 0 0 41 10 0 0 91 0 0 0 0 45 0 0 0 0 0 0 74 60 0 0 58 0 0 0 43 0 0
0 0 0 0 0 71 0 0 0 32 57 0 85 0 89 0 0 94 0 0 0 0 50 0 0 22 49 0 0 0 0 0 63 0 76 0 0 0 0 0
27 93 0 0 0 36 40 0 0 86 0 23 21 0 0 0 7 4 52 0 43 54 75 0 0 0 0 0 98 0 31 0 0 0 0 0 0 0 0 98
41 0 0 0 72 38 0 79 0 0 0 0 0 0 0 0 0 0 0 27 0 20 79 8 65 0 0 23 7 8 0 0 53 0 0 0 86 30 0 11
0 0 0 33 89 0 16 0 32 0 81 52 0 12 0 0 0 62 0 71 55 0 0 63 85 77 67 0 37 0 0 5 0 0 0 53 17 0 0 0
99 0 56 29 78 14 0 0 0 0 13 72 66 0 0 63 94 16 75 89 0 0 97 0 0 2 73 52 0 0 72 80 0 0 0 0 0 0 0 34
0 0 77 0 0 0 98 0 0 0 0 0 0 0 0 71 89 0 49 0 0 0 0 88 0 0 0 52 0 0 94 0 42 88 0 4 0 0 17 0
0 0 0 0 0 0 0 0 0 48 24 0 82 0 0 0 90 0 0 58 0 0 0 59 0 0 0 82 31 48 0 0 0 0 87 30 57 0 0 0
0 0 0 0 0 0 39 37 0 0 0 0 32 31 0 18 0 0 0 0 0 0 0 0 0 38 72 0 0 52 10 57 0 80 0 57 0 0 48 0
0 0 0 31 0 13 72 0 94 0 23 0 0 0 0 0 0 0 45 0 0 31 0 0 94 0 0 69 0 0 18 0 20 61 61 0 0 0 0 0
81 0 38 52 0 0 36 18 58 0 68 0 0 31 8 0 0 0 79 50 17 0 0 17 51 57 0 0 57 0 0 77 0 0 73 0 97 0 0 0
5 0 0 0 0 0 0 1 0 0 0 0 45 0 0 1 0 74 0 0 0 0 0 0 22 40 32 0 0 18 0 64 0 0 0 0 0 35 0 0
0 0 0 0 0 0 0 0 0 0 0 0 12 95 90 0 0 56 0 0 26 0 0 0 59 15 99 79 0 0 79 0 0 26 90 0 35 67 76 31
0 0 0 0 0 0 57 0 0 0 26 0 0 0 0 39 0 0 0 0 21 0 0 0 97 0 28 94 35 31 0 0 0 0 33 0 91 0 56 39
50 0 0 61 0 0 0 43 0 36 0 0 67 0 46 0 0 0 0 79 35 0 92 0 10 0 11 0 0 0 0 95 0 77 26 0 0 30 82 0
39 0 0 0 0 40 0 0 0 0 0 0 0 0 24 22 0 0 0 0 0 0 0 0 80 36 0 5 0 90 0 0 30 0 0 0 44 0 75 0
0 0 59 0 0 80 30 42 52 0 0 0 0 0 80 0 0 61 22 66 0 0 0 2 0 51 0 0 61 0 94 0 0 0 0 0 17 13 0 0
72 0 0 10 0 85 0 0 0 0 0 0 48 0 1 0 0 58 0 0 21 0 8 0 0 84 0 0 0 0 0 0 0 26 0 0 0 35 93 88
0 0 43 0 33 0 39 0 0 72 83 0 0 0 72 9 0 0 4 0 57 0 0 0 0 30 16 0 40 0 0 0 0 0 38 0 0 38 30 0
56 0 1 88 0 54 0 0 0 92 0 39 97 61 55 0 0 0 0 0 0 0 94 69 0 0 0 0 0 0 0 0 91 62 75 0 0 0 0 81
0 0 33 0 0 0 0 0 0 0 0 0 0 0 0 0 0 0 0 0 0 0 0 0 0 0 0 91 42 0 0 0 0 90 0 0 0 0 0 91
0 0 0 32 0 0 60 0 0 0 34 0 58 29 0 0 23 0 0 0 0 0 94 58 0 0 0 0 0 0 0 0 0 91 60 58 0 0 94 0
0 75 0 0 0 0 0 0 0 0 42 0 0 0 0 71 0 25 0 36 21 0 0 0 41 0 0 0 0 42 0 54 0 0 0 0 96 0 76 0
29 0 33 87 72 0 0 17 72 0 0 54 0 0 0 19 0 0 0 0 0 0 60 44 0 0 0 0 17 47 6 0 0 0 0 0 0 0 0 7
93 0 75 0 0 0 0 0 0 0 0 0 0 0 0 0 0 0 5 67 0 0 0 0 0 2 0 92 0 0 0 5 0 0 4 0 0 0 84 0
0 92 0 0 91 76 0 0 13 0 0 52 0 0 0 0 0 92 0 93 85 89 0 10 0 52 1 54 0 0 44 29 0 29 0 0 0 25 0 0
23 0 77 28 0 0 0 50 0 58 0 16 28 14 0 18 0 0 0 37 63 0 91 0 46 0 0 0 0 0 0 93 0 99 0 0 0 0 84 0
0 0 0 0 0 0 43 0 0 0 0 96 0 45 0 0 0 57 0 23 0 0 0 0 0 0 0 0 13 98 0 0 0 92 99 63 0 0 0 0
0 88 55 0 0 0 44 32 0 11 58 0 0 0 0 0 0 0 0 0 0 0 61 0 0 77 79 0 0 0 0 0 0 0 0 93 2 0 6 0
0 0 0 96 0 0 0 0 39 0 82 0 0 0 50 0 35 68 32 0 0 0 19 0 76 6 0 0 0 44 18 66 0 0 0 0 19 0 0 0
0 0 57 49 90 0 0 0 0 0 71 0 93 44 0 37 0 0 0 0 79 0 0 4 0 82 0 49 26 0 0 6 0 78 0 68 0 49 0 0
0 0 26 0 0 85 0 0 0 0 0 0 0 0 0 0 61 0 69 0 0 0 16 39 92 0 0 66 0 77 63 0 81 0 0 0 0 63 0 0
0 0 53 0 0 0 0 0 21 0 9 0 0 0 78 0 0 5 0 0 0 23 0 0 0 0 85 0 0 0 0 1 0 51 0 0 0 0 81 0
18 0 0 0 0 19 0 55 0 73 0 23 0 0 82 95 0 0 17 0 17 0 0 0 0 0 0 0 6 0 0 0 0 0 38 0 0 97 0 0
