0 89 62 0 7 0 0 18 0 0 0 0 96 0 0 0 0 0 0 58 0 0 0 0 94 0 0 0 0 0 0 0 24 0 0 0 0 71 0 0
0 0 59 26 0 0 0 0 0 0 0 0 77 0 0 0 0 88 0 0 0 0 0 0 0 0 0 96 0 61 41 0 52 0 0 1 0 0 0 0
0 0 70 0 47 0 0 0 0 49 0 0 0 0 0 0 58 0 0 22 0 71 0 98 0 0 0 0 0 0 0 41 91 35 0 0 0 0 0 0
62 0 0 12 39 0 0 0 0 47 0 0 95 0 0 0 0 29 0 0 26 0 0 0 0 0 0 0 0 0 0 0 0 66 0 31 7 92 0 0
0 0 0 0 44 72 0 94 0 0 0 0 33 14 0 0 0 0 33 0 0 0 0 66 0 0 0 0 13 0 0 0 2 0 0 0 0 0 29 0
31 0 0 0 61 21 0 39 0 13 0 0 0 39 0 0 0 35 0 0 0 0 55 0 0 31 0 82 28 0 0 0 0 0 0 25 0 0 0 76
58 78 0 0 0 0 67 0 0 0 0 0 0 0 46 0 9 0 0 0 21 0 0 0 0 0 0 0 0 0 0 3 0 0 0 0 0 0 0 77
0 0 0 88 0 0 0 0 0 0 0 0 0 0 3 0 0 26 48 0 0 0 0 0 0 0 0 0 86 0 18 59 53 61 0 70 0 0 0 0
0 39 0 49 0 0 0 0 0 0 0 0 0 0 0 0 0 50 0 0 0 70 76 0 0 77 0 0 0 0 77 0 0 0 0 0 0 0 0 0
0 65 0 0 41 0 0 26 0 0 0 0 0 29 0 0 91 0 41 91 21 0 0 0 3 0 89 0 0 0 0 0 56 0 0 0 56 0 0 0
