69 0 0 52 0 0 0 63 0 0
61 0 0 0 0 0 0 0 0 0
0 0 39 66 0 0 0 0 92 29
0 0 12 84 89 0 0 70 0 43
0 0 0 27 22 0 0 0 78 0
58 0 72 0 0 0 0 0 0 0
0 61 0 0 0 0 0 0 99 0
0 0 60 51 0 0 0 0 0 78
43 0 0 0 0 0 0 0 0 0
0 0 55 0 0 0 0 0 0 0
0 0 0 0 0 0 0 0 0 0
0 0 0 0 0 0 90 0 0 13
0 0 0 0 0 0 24 0 0 27
0 0 0 68 57 0 0 2 0 0
0 42 27 0 0 0 0 0 99 0
0 59 38 0 0 0 0 0 0 58
0 0 0 0 0 50 60 0 0 0
0 98 47 0 0 59 0 0 0 0
0 0 0 0 0 0 72 0 83 0
0 0 0 0 0 0 0 84 33 0
0 0 0 0 0 76 0 0 0 0
0 0 0 57 0 0 0 0 25 0
0 0 19 0 0 0 0 0 62 0
0 0 12 0 75 0 0 41 82 0
0 30 0 0 39 0 0 0 0 50
0 0 0 79 0 0 5 0 0 0
76 0 0 0 0 0 31 0 5 0
0 0 0 0 0 0 7 0 0 0
0 0 82 0 0 55 22 79 0 9
0 0 0 35 0 17 0 0 0 81
0 0 0 0 76 51 0 16 0 0
0 0 0 0 30 88 0 75 18 0
0 0 0 0 0 94 11 81 0 0
0 0 0 0 76 0 0 0 0 36
0 99 14 0 0 0 0 0 97 0
0 38 0 0 0 66 0 57 42 0
0 0 0 0 0 0 45 0 0 0
10 97 0 0 0 62 0 0 0 85
0 0 0 0 0 57 0 0 0 43
0 0 0 31 0 0 0 0 0 0
