0 14 0 0 0 0 0 14 0 43
0 0 0 0 0 0 0 0 62 35
0 0 30 0 39 0 30 0 0 76
55 0 71 43 0 0 0 53 30 60
0 0 0 0 0 0 77 0 0 0
0 40 0 93 0 0 0 0 79 0
0 82 0 0 87 0 58 57 0 74
9 0 0 63 0 0 23 9 87 47
0 0 0 0 0 47 0 72 0 38
0 0 0 2 11 0 0 51 0 0
0 0 53 0 0 0 0 0 0 0
75 0 0 58 0 0 0 0 22 97
30 66 0 36 14 0 0 0 16 0
0 16 0 0 0 0 63 0 3 0
44 0 0 0 24 86 56 0 44 73
0 0 0 0 0 0 52 0 29 0
51 0 62 0 0 0 0 16 0 0
0 0 0 0 0 0 0 0 4 0
56 27 21 76 0 0 0 0 0 59
0 0 0 0 0 0 55 0 0 54
45 62 9 86 0 0 0 0 0 0
0 0 0 3 23 0 0 0 0 0
0 41 0 0 0 0 0 58 56 0
0 0 0 16 62 0 0 83 2 0
0 87 0 0 0 0 0 0 0 0
0 30 0 67 77 82 1 0 0 0
0 36 4 46 0 0 67 19 69 39
22 53 10 94 38 0 0 0 0 5
0 0 0 0 92 0 0 15 0 0
36 65 0 0 0 0 0 0 0 0
17 0 45 41 0 0 0 15 0 0
72 89 49 0 0 0 54 0 0 0
7 0 0 65 0 0 0 0 50 0
47 18 0 0 0 0 0 95 0 0
77 96 0 52 0 80 0 0 0 0
0 0 0 0 0 0 0 0 47 0
0 0 0 0 0 0 0 88 0 80
8 0 0 0 38 0 0 0 0 38
0 78 0 0 35 42 0 0 0 0
0 0 25 0 0 93 59 0 0 0
