0 0 0 0 0 65 0 98 0 0 0 0 0 2 10 9 0 22 0 3 31 0 0 0 89 66 0 34 0 0
0 0 0 0 49 33 0 30 0 0 0 45 0 0 0 3 0 12 0 0 56 82 55 0 0 0 0 0 7 91
0 0 0 0 0 0 0 0 0 24 0 0 0 0 0 0 0 0 38 0 0 0 0 0 0 71 0 0 0 0
0 0 0 0 80 0 0 34 0 66 0 8 0 0 0 0 0 0 17 86 0 0 0 8 0 0 0 23 0 46
0 0 0 0 13 35 5 75 0 0 0 0 0 41 0 0 40 33 72 0 0 0 0 0 0 0 92 0 0 83
0 0 0 0 0 0 0 0 0 0 0 0 0 0 0 0 0 91 78 0 0 0 0 0 67 0 0 0 0 0
0 0 0 43 53 0 0 0 29 0 0 0 0 0 0 0 0 0 0 58 0 0 0 0 0 0 0 25 0 19
0 0 47 0 0 21 0 0 0 0 0 0 0 0 0 0 0 0 0 0 0 47 0 0 0 0 0 0 37 0
96 79 83 46 0 78 0 0 0 0 0 1 0 0 0 0 0 0 0 18 39 0 60 0 0 0 0 0 0 0
0 48 0 9 0 0 0 0 0 0 32 0 0 0 10 0 0 0 0 12 0 0 28 18 0 17 0 0 0 0
