52 0 0 7 0 0 0 0 63 0 0 0 0 65 0 69 66 0 0 0 53 0 0 52 0 74 3 0 41 0 6 76 0 52 15 67 0 0 48 28 8 0 0 0 0 59 0 71 68 2
0 0 79 0 30 32 53 0 0 0 77 82 5 0 89 9 0 72 0 73 0 0 21 0 0 0 0 0 0 0 0 0 0 0 12 0 13 0 0 0 0 25 0 57 24 0 0 0 0 0
0 27 0 0 77 0 0 0 0 66 0 84 0 44 0 0 0 0 22 96 0 0 0 0 28 0 0 0 68 0 0 0 45 0 0 69 0 50 54 0 0 56 0 0 0 0 0 0 70 65
0 0 0 0 72 57 0 0 36 0 0 0 0 0 58 0 0 0 0 0 86 0 88 30 0 0 45 0 58 0 0 72 62 0 0 0 0 0 0 0 25 0 0 0 26 0 54 0 0 0
0 0 16 0 0 43 85 0 0 51 62 0 73 0 1 30 0 19 0 0 0 0 0 95 0 0 0 76 0 0 0 0 0 0 82 0 0 80 2 0 0 83 60 31 0 0 0 0 69 0
0 0 0 0 0 96 35 0 52 6 0 0 0 0 0 0 0 11 0 0 0 0 81 0 0 0 0 50 0 0 0 0 0 86 0 0 6 0 0 99 0 81 69 0 0 0 0 0 0 0
0 0 51 0 0 0 0 0 84 71 0 0 0 0 0 0 0 0 85 77 0 79 0 0 0 0 83 0 86 0 98 0 73 0 0 0 0 0 0 59 0 46 0 0 0 29 0 0 0 53
0 0 0 0 12 0 0 0 36 0 0 0 0 0 0 3 0 0 75 0 0 0 0 0 0 0 0 0 41 24 0 0 0 31 0 0 70 0 0 0 0 0 0 0 0 6 0 0 0 0
0 0 0 54 0 0 31 0 96 0 0 55 0 0 0 38 71 8 0 0 0 0 31 32 0 0 0 0 0 97 0 0 0 0 83 4 0 0 0 0 0 0 0 0 0 0 0 0 71 16
64 0 5 0 0 0 0 0 0 19 0 0 74 98 0 0 0 0 0 0 0 0 0 46 0 0 6 0 0 85 0 12 92 0 0 31 0 0 0 0 0 0 0 87 0 0 0 0 66 0
0 0 24 25 0 0 0 0 0 67 39 0 0 32 62 94 0 0 0 0 44 16 0 95 0 0 0 0 0 0 39 0 56 0 0 0 0 0 0 13 0 74 0 0 0 0 0 0 0 17
43 0 82 0 0 0 0 0 66 0 33 0 0 0 66 45 39 0 0 0 0 79 0 79 3 17 21 26 0 0 80 0 0 59 0 0 52 0 74 0 41 0 0 30 0 0 88 13 7 0
0 0 97 0 44 15 0 60 0 0 77 0 9 0 95 19 0 0 0 0 97 0 0 79 0 0 54 0 0 36 59 55 55 0 0 0 0 0 0 0 55 0 0 0 0 60 56 45 0 0
56 56 0 17 0 50 0 16 0 0 0 0 0 0 32 0 0 84 0 99 0 0 0 0 0 0 0 0 0 43 0 41 0 0 0 0 0 0 0 0 6 87 0 0 0 53 68 0 0 0
20 60 0 0 57 33 57 0 0 0 12 79 0 70 0 0 56 0 0 0 0 0 0 0 0 0 0 0 49 28 0 0 48 0 0 0 0 0 66 0 0 0 0 0 0 0 0 0 87 0
0 96 78 0 0 0 0 0 0 56 0 0 49 37 0 0 0 0 0 0 0 0 0 0 0 0 0 0 63 0 0 22 0 79 36 0 0 0 0 65 0 43 0 0 0 9 0 0 0 32
0 0 59 16 0 54 0 81 0 0 0 0 0 0 0 0 90 65 0 67 62 0 0 0 0 0 1 0 72 79 80 46 0 73 0 0 0 0 0 0 96 0 0 0 39 0 58 17 31 0
0 29 86 0 0 0 0 38 0 0 53 43 3 25 0 0 58 18 55 0 0 28 0 0 0 74 0 0 0 55 0 25 0 66 0 0 0 56 0 0 0 21 0 0 0 60 0 0 0 0
0 53 23 0 0 0 0 0 0 0 0 0 0 0 0 0 72 0 0 66 0 0 0 31 0 21 0 0 0 0 5 0 0 58 10 11 58 0 0 0 0 34 0 21 25 0 0 0 0 54
0 0 23 34 0 0 0 28 86 52 77 17 96 54 0 0 0 23 0 62 0 29 0 0 0 58 0 0 68 17 2 11 0 0 11 0 36 36 0 0 0 0 0 96 0 0 0 0 19 0
45 0 18 0 0 0 71 0 0 48 0 0 0 0 62 2 52 0 0 0 35 0 0 0 59 0 61 0 0 0 0 80 52 0 0 0 0 36 0 0 6 41 66 0 89 0 0 0 0 0
23 0 72 0 77 0 0 25 26 91 0 47 0 0 0 84 0 0 92 95 0 71 0 0 84 81 78 0 3 39 0 0 17 0 32 0 99 0 0 15 11 0 0 85 37 89 13 0 0 0
82 64 0 0 0 0 0 0 0 0 0 23 0 0 0 0 0 0 0 0 12 0 24 54 32 50 0 0 0 0 0 91 0 72 0 0 0 42 87 0 0 0 38 0 0 21 67 0 0 0
0 79 20 5 0 0 0 0 90 0 91 0 0 0 0 42 0 0 17 0 0 0 67 47 0 26 0 0 0 0 0 0 97 0 0 0 58 0 0 80 0 78 0 0 25 0 0 0 11 0
0 97 0 0 0 86 53 0 0 0 30 0 0 0 0 0 0 0 0 18 0 0 0 40 0 0 0 92 0 55 0 0 0 0 76 0 51 0 0 0 0 0 95 58 0 53 0 71 0 66
0 0 80 32 0 91 0 0 73 0 0 0 58 23 0 0 0 0 0 67 60 0 0 0 55 0 0 0 22 0 0 0 80 0 0 0 0 0 0 72 0 96 0 0 0 0 0 0 0 0
0 87 25 3 0 0 0 0 65 28 69 17 99 63 0 0 0 0 26 0 71 23 9 0 0 0 84 0 4 0 0 42 79 19 34 0 93 84 0 0 0 0 7 51 0 0 0 0 0 0
0 0 0 0 0 53 0 87 0 0 0 64 0 81 0 44 1 0 0 26 71 0 0 0 0 52 13 51 0 25 0 0 57 0 88 0 58 0 0 4 0 0 0 39 0 0 0 0 0 52
0 72 0 0 40 0 42 42 0 0 25 0 0 0 0 0 0 88 0 0 0 0 0 0 0 21 29 0 0 0 87 0 39 40 87 0 42 0 0 0 0 0 0 86 19 0 71 0 0 0
64 0 0 0 0 0 31 32 0 0 85 83 0 0 0 67 0 0 0 0 45 62 0 0 0 0 0 0 0 35 0 0 78 0 0 0 0 93 0 0 7 0 60 0 0 0 0 0 3 0
0 0 0 0 0 50 0 0 0 8 12 35 0 24 0 0 0 8 57 0 0 16 0 60 0 77 0 0 0 0 9 0 0 0 56 0 7 54 0 0 0 29 0 0 0 46 0 0 0 30
0 0 95 0 88 0 0 63 0 0 0 0 0 0 0 0 0 0 0 10 0 0 42 48 73 0 0 0 0 50 81 99 0 0 0 0 95 0 73 0 0 0 96 0 0 0 0 0 79 0
0 0 27 96 0 0 0 41 0 66 66 58 0 60 0 0 0 0 86 52 0 0 0 0 0 0 0 68 0 0 6 0 0 0 16 0 62 75 0 0 81 12 0 0 50 66 67 0 0 0
0 53 0 0 0 0 0 91 0 0 0 0 17 0 0 14 38 0 0 96 0 35 0 0 27 0 0 0 80 0 25 0 0 46 0 0 0 0 0 99 31 0 3 0 8 53 0 0 0 43
0 95 29 0 0 0 0 0 88 70 0 0 0 0 0 20 96 0 0 30 0 0 46 14 0 0 0 0 0 0 0 0 0 0 0 0 0 0 0 29 0 0 0 0 85 0 0 0 0 0
0 0 0 0 8 0 44 0 0 0 10 43 0 4 0 0 0 0 64 28 87 40 0 0 0 45 12 0 0 81 0 0 21 38 0 0 0 0 0 0 0 32 35 7 0 86 0 40 96 0
0 0 0 0 0 0 0 31 47 75 0 0 0 0 18 3 0 34 0 0 42 0 66 0 0 43 0 0 56 90 8 0 88 49 0 0 87 0 0 72 0 0 0 0 0 0 82 0 59 4
67 16 0 81 0 0 0 0 0 0 0 0 0 0 36 0 0 0 0 0 0 0 0 0 0 34 26 0 0 0 61 84 92 66 8 83 0 0 0 85 0 0 0 0 51 0 68 80 98 30
0 23 95 6 0 0 0 0 0 2 0 80 47 0 0 0 0 43 97 0 0 0 0 44 97 0 40 0 0 0 0 55 0 98 0 97 0 42 0 0 0 0 60 0 82 2 0 0 70 1
0 13 30 12 0 0 21 0 0 0 0 0 0 0 0 0 0 0 0 0 92 81 0 0 0 0 51 0 98 38 0 0 31 0 0 3 0 0 0 0 97 0 0 0 0 0 95 0 0 0
