42 69 46 0 69 0 75 91 0 92 0 8 0 45 0 0 0 0 0 0 84 9 0 0 30 89 0 0 9 0 56 0 0 0 80 35 73 78 0 0
32 91 0 0 0 0 0 0 0 0 0 41 0 0 0 0 0 0 81 0 0 0 0 0 14 0 0 0 0 40 0 26 35 53 0 62 93 88 0 0
0 0 0 0 0 68 0 0 0 0 0 0 0 46 38 96 49 0 9 0 43 43 0 0 0 11 0 0 87 0 0 0 92 58 0 48 45 18 29 0
0 0 38 27 25 0 0 0 23 47 43 0 0 91 0 17 0 0 0 68 0 0 21 42 0 33 0 0 0 0 0 0 0 0 0 28 0 30 0 0
0 0 0 0 13 0 0 0 0 0 32 0 0 68 15 0 80 0 70 35 0 0 0 0 0 14 0 0 42 0 0 54 0 0 0 0 30 64 0 0
0 0 98 33 6 0 0 0 0 0 0 0 0 0 91 99 0 0 0 0 0 48 0 0 0 0 0 0 0 0 0 0 0 0 91 0 0 0 2 17
0 0 0 0 0 0 0 45 0 32 0 36 0 0 0 82 54 0 84 0 47 97 0 32 0 0 10 0 21 55 0 0 72 0 33 35 98 0 0 0
13 0 0 0 0 0 0 0 51 0 51 36 0 0 64 0 0 0 0 73 0 0 0 85 0 0 18 0 96 0 0 45 0 0 0 0 0 0 0 0
0 0 0 0 0 0 0 0 4 0 48 0 97 25 0 0 0 0 49 0 0 79 0 51 11 0 0 92 0 31 0 43 53 0 0 0 0 0 0 22
0 0 0 0 60 0 0 0 11 0 0 0 0 0 72 0 0 0 0 0 0 0 0 0 85 96 0 38 0 0 40 0 0 0 80 0 0 0 0 0
0 0 0 37 0 0 62 98 0 0 59 0 0 0 0 0 0 0 76 27 72 2 99 0 0 96 0 0 0 48 62 0 0 48 0 0 6 0 0 0
0 34 0 0 0 0 0 0 0 0 80 0 0 0 93 0 0 22 2 0 0 9 0 0 55 59 0 0 23 0 95 0 0 0 27 15 0 64 43 81
76 69 0 0 47 0 0 0 0 0 0 73 0 0 82 0 94 0 0 0 0 12 87 0 97 50 0 0 28 0 87 0 35 0 0 85 0 10 0 45
24 75 72 0 83 0 0 0 87 88 0 24 0 99 0 0 2 0 0 0 0 0 0 0 0 0 0 0 74 0 0 0 0 0 0 0 0 0 60 0
0 0 0 14 0 0 0 0 0 95 0 93 0 65 0 4 0 45 0 0 0 0 0 14 60 0 0 0 0 0 0 0 0 0 0 0 0 14 74 0
0 26 84 24 0 0 0 38 0 0 73 0 0 0 0 0 0 0 21 0 5 0 0 0 74 99 8 0 0 0 8 0 0 72 67 49 0 0 0 7
0 82 0 0 0 22 0 85 53 0 0 0 0 0 0 0 63 0 0 0 0 0 65 0 0 0 15 0 0 0 0 71 75 7 4 96 0 0 0 0
78 0 0 0 46 0 0 0 91 74 0 0 2 0 0 0 7 0 0 0 66 0 0 28 0 16 0 0 0 0 0 44 0 0 0 0 51 0 0 0
0 67 0 0 0 18 0 30 84 0 0 89 0 0 0 0 0 98 0 22 52 0 0 8 0 0 0 95 63 55 92 0 90 31 0 87 0 0 0 0
83 59 79 0 33 0 0 0 0 22 57 0 0 32 0 0 0 93 0 58 0 82 99 0 60 0 0 0 0 0 70 0 0 0 0 0 38 0 24 42
0 39 0 0 0 0 88 82 0 50 0 0 0 97 0 70 0 0 0 0 0 0 0 64 44 0 0 60 67 0 43 0 95 0 0 0 0 6 0 48
0 0 0 0 39 50 0 0 23 0 0 11 49 0 76 0 7 0 0 0 0 0 0 0 0 0 75 3 0 78 0 0 31 0 54 0 0 66 58 4
56 65 0 2 96 81 0 0 0 0 0 0 74 0 0 0 0 0 0 0 0 54 1 93 0 0 0 69 84 0 0 0 97 0 0 6 0 0 0 0
0 0 0 0 97 0 38 0 0 0 30 15 47 0 0 0 0 0 0 0 0 42 2 0 88 0 0 0 0 41 43 0 0 0 0 0 0 0 0 0
4 0 88 22 0 79 0 0 0 0 0 0 0 0 0 0 0 0 0 4 0 14 8 39 0 0 21 19 0 0 0 44 0 0 98 0 0 95 0 97
85 0 0 0 0 42 0 49 0 26 78 0 0 0 0 0 0 90 0 66 0 0 88 0 0 0 0 0 83 0 0 0 0 0 0 28 0 0 31 9
0 0 0 0 46 0 0 0 0 66 0 0 54 0 0 2 0 0 0 67 0 0 0 0 0 0 0 91 81 0 0 34 65 35 0 0 0 0 22 0
0 0 0 0 0 96 0 55 0 0 0 38 0 32 0 0 32 0 0 0 95 0 68 48 0 0 0 0 0 0 52 0 0 0 0 0 47 0 0 61
0 0 0 19 49 0 0 90 29 0 0 42 0 0 19 0 0 0 0 0 0 0 0 0 0 0 83 0 0 0 8 38 0 63 0 51 0 67 23 60
51 10 5 0 0 0 0 0 0 91 65 0 0 0 12 0 9 33 85 0 0 29 58 49 58 0 0 0 0 0 0 0 0 0 62 0 0 55 0 0
