0 98 0 0 0 0 26 61 74 0 0 0 0 26 6 0 0 40 0 0 0 0 0 59 0 0 0 0 89 0
0 0 0 0 0 0 0 0 0 0 0 0 64 0 66 69 28 0 0 16 21 0 0 0 0 0 0 0 0 25
0 0 0 0 16 0 0 0 0 0 0 0 0 0 0 0 89 0 0 0 0 15 0 0 0 23 61 0 0 0
0 0 0 0 30 0 0 0 0 0 0 0 24 0 59 0 0 0 9 87 0 0 35 0 0 0 0 0 0 50
82 0 0 0 0 0 0 0 0 91 0 5 0 0 0 0 25 0 40 0 79 23 0 0 41 0 40 0 0 0
0 0 0 0 65 16 0 0 0 0 0 0 0 0 0 0 0 0 0 49 0 0 0 31 0 0 0 24 0 0
94 0 0 0 0 0 0 0 0 0 45 0 0 0 0 50 71 0 0 0 0 79 0 0 0 0 0 0 0 0
0 0 0 0 3 0 22 0 0 0 28 0 0 0 0 0 0 0 0 19 41 0 0 92 0 0 0 0 0 0
0 0 0 0 0 0 0 0 0 18 0 22 57 61 0 27 46 0 83 0 0 0 19 0 98 0 0 0 0 68
4 0 0 0 36 0 0 0 0 0 0 0 0 0 0 0 0 99 85 0 0 28 0 0 93 26 0 0 0 0
13 0 0 0 0 0 0 0 0 0 0 0 0 0 0 0 0 12 0 0 0 0 0 0 0 0 0 18 0 56
0 50 0 0 94 0 0 65 0 0 59 0 0 0 0 0 46 59 0 0 0 85 0 0 0 0 0 58 0 0
0 0 0 0 0 0 0 42 84 0 0 0 0 79 0 0 35 56 41 0 0 0 69 76 0 0 66 0 60 0
0 0 0 80 38 83 0 96 0 0 0 5 0 0 0 0 0 0 0 0 51 0 6 83 0 0 0 0 0 76
0 0 9 0 0 0 83 0 74 2 0 0 0 18 0 0 90 0 0 0 0 0 0 0 0 0 0 0 0 0
0 33 0 0 98 0 0 0 30 90 33 0 0 0 0 0 0 0 0 0 0 0 91 28 68 0 0 0 96 64
0 0 29 0 0 47 0 0 0 0 0 0 0 0 46 0 0 85 69 0 0 0 0 0 27 0 0 0 33 0
68 0 0 93 0 0 0 17 45 0 0 0 42 0 0 0 1 0 0 35 0 86 0 0 0 0 0 0 0 0
30 0 4 0 0 0 88 0 0 0 0 0 0 9 60 70 0 0 0 0 0 0 0 0 72 0 0 55 0 38
59 11 20 60 0 0 38 0 0 0 0 0 25 35 0 90 0 17 0 76 0 0 3 0 12 0 0 8 0 0
0 71 0 10 0 0 0 0 0 0 0 4 0 0 53 0 0 0 0 3 0 0 0 0 14 0 0 0 0 0
0 0 0 78 0 0 0 0 0 0 0 0 0 0 0 0 0 0 0 0 0 69 38 0 0 0 24 18 0 0
0 0 0 0 0 0 0 14 0 46 80 57 0 0 23 92 0 0 0 0 99 36 0 0 6 0 0 44 0 0
0 0 0 41 0 56 0 0 76 0 0 0 0 0 0 18 0 0 0 0 0 0 0 0 93 0 0 0 74 0
0 0 0 0 0 58 0 0 0 0 87 69 0 0 0 0 0 81 0 0 0 0 0 0 73 41 0 0 0 94
0 0 0 0 0 7 0 0 0 0 0 0 0 0 1 0 54 86 0 0 0 0 45 0 0 0 47 0 63 74
0 0 0 0 8 0 0 0 0 0 88 0 0 0 87 0 0 0 6 0 0 0 0 25 0 0 0 13 51 4
0 0 0 0 0 0 0 5 0 0 0 0 0 0 0 8 0 0 0 0 0 0 0 0 0 86 0 0 0 0
33 0 0 0 1 0 0 0 0 0 0 0 39 0 0 0 0 0 39 0 0 0 0 0 0 35 0 0 0 0
0 0 39 83 33 0 0 51 0 0 0 0 0 41 0 58 0 46 0 5 0 0 0 0 0 34 0 0 33 22
