30 80 0 0 0 0 0 0 0 0 0 0 0 0 0 0 0 0 0 0 0 20 0 0 0 0 40 0 0 69
0 0 0 0 0 0 0 81 28 0 0 0 14 0 0 97 0 0 0 0 0 0 77 29 0 0 0 0 75 35
0 0 0 0 0 0 0 0 30 38 0 40 0 0 0 0 0 0 83 32 0 12 0 0 0 0 19 0 0 0
0 0 0 0 0 0 0 0 0 62 0 0 0 0 0 99 0 0 0 0 0 0 0 28 0 0 81 0 0 0
12 0 0 0 0 0 0 78 0 0 0 0 5 0 7 0 0 0 0 0 0 0 0 0 0 11 0 37 0 0
0 0 0 0 0 0 1 0 0 28 47 0 0 0 0 30 76 0 0 0 0 0 0 0 0 0 0 0 0 0
0 0 33 0 0 0 19 0 0 0 0 43 0 34 0 25 0 0 36 12 0 0 0 0 0 0 0 0 0 0
0 0 0 0 0 0 0 14 0 0 0 0 0 0 0 0 2 0 0 60 0 0 0 0 0 0 0 20 33 0
0 0 0 0 0 0 91 0 0 0 31 20 0 0 0 0 10 65 0 0 0 0 0 0 0 0 18 0 0 0
12 0 99 0 0 0 0 0 0 0 0 0 69 96 0 36 72 0 0 0 0 0 0 77 0 0 0 0 0 0
0 0 0 0 0 40 0 0 0 0 0 0 0 0 0 0 0 0 6 0 0 0 0 0 0 0 0 0 0 60
0 24 0 0 0 0 0 3 64 0 5 0 1 0 0 0 0 0 0 0 87 0 66 0 0 0 0 32 0 0
0 0 0 80 0 0 0 32 0 0 0 0 0 0 0 0 0 11 0 0 0 12 0 7 0 0 0 0 0 31
0 0 0 0 0 0 0 0 0 24 0 0 0 68 78 0 0 0 57 0 0 11 0 0 0 0 0 0 19 0
10 0 0 0 95 0 88 9 0 0 0 0 0 0 15 82 0 0 0 0 28 6 45 1 29 0 0 0 0 0
0 84 0 88 0 0 0 0 0 0 0 0 0 59 0 0 0 89 0 0 0 0 0 0 0 0 0 0 0 99
0 0 0 0 48 0 0 0 0 0 0 98 95 0 95 0 67 0 72 0 0 0 0 0 58 0 0 0 0 0
0 10 0 0 0 0 12 0 79 0 0 0 0 0 0 0 0 48 0 0 0 10 0 0 0 42 0 0 0 0
0 0 0 0 40 0 0 0 0 0 0 0 0 0 0 0 0 26 0 0 0 0 58 0 0 0 2 51 0 0
0 30 23 0 0 90 0 0 0 0 0 0 0 0 0 51 0 19 0 77 0 0 0 0 0 0 0 0 0 0
0 0 37 7 0 0 0 0 0 0 0 0 0 0 20 61 0 0 0 0 0 0 0 0 0 0 0 58 0 0
0 26 0 15 0 98 0 19 0 0 4 0 0 68 49 0 0 0 95 0 0 0 0 0 0 0 0 0 0 0
0 53 75 0 89 0 0 93 0 0 0 0 0 0 0 0 0 0 0 0 0 66 0 88 0 0 0 59 0 0
0 0 0 0 0 0 0 43 14 0 0 0 0 0 0 0 0 0 0 0 99 0 0 0 0 60 0 34 0 0
0 0 0 0 0 0 0 0 0 0 0 0 0 64 0 0 0 0 41 0 0 92 0 50 0 0 0 0 0 0
0 0 0 0 0 0 83 36 58 0 0 0 92 0 0 40 77 0 0 0 0 0 0 74 0 0 0 0 0 0
66 0 0 0 0 0 0 0 0 0 0 0 0 19 0 0 0 86 0 0 78 0 0 84 0 0 43 0 0 0
0 0 0 0 0 0 0 50 0 48 0 0 2 0 0 0 0 0 44 39 0 0 0 0 0 96 0 73 0 0
0 0 0 0 0 0 92 0 0 0 0 0 0 0 0 0 0 0 72 0 0 0 0 0 0 0 0 35 0 0
0 0 0 0 0 0 0 0 55 0 0 50 0 0 0 77 7 34 0 0 0 0 95 0 0 0 0 0 0 70
0 0 0 0 0 0 0 0 0 0 0 0 0 0 0 0 0 0 49 0 0 0 0 64 0 0 0 0 0 0
0 20 82 0 12 0 0 0 4 0 53 0 0 38 0 0 0 0 0 0 0 0 0 0 46 83 0 0 0 0
0 0 25 97 39 0 0 0 0 0 0 0 0 0 0 0 0 0 0 0 0 0 0 0 0 0 0 0 0 0
0 0 0 0 0 0 0 0 0 0 40 0 39 0 99 0 0 68 0 0 93 0 0 0 0 0 0 0 24 0
0 0 98 0 0 0 0 0 0 0 0 48 43 0 0 0 0 81 0 0 0 0 0 0 0 0 0 0 0 0
0 62 0 67 0 0 0 0 0 0 0 95 0 0 0 0 0 0 0 0 0 0 0 0 0 0 0 23 0 0
15 0 0 0 0 0 0 0 0 0 83 0 0 20 0 0 25 0 0 0 0 0 0 0 0 0 0 0 0 0
0 42 0 0 0 0 0 0 0 0 32 17 0 0 0 0 29 0 22 0 0 0 0 0 0 0 0 0 0 0
0 0 0 0 0 0 0 0 0 0 0 11 0 0 19 0 12 44 0 0 0 0 0 0 63 0 0 0 0 0
0 33 3 0 31 0 0 0 0 0 0 0 0 0 0 61 0 59 0 0 0 0 0 0 0 42 0 0 0 61
78 0 49 0 0 0 0 0 0 44 0 93 0 0 0 0 0 34 0 10 22 0 78 0 0 0 0 65 0 0
0 0 0 25 0 16 0 0 0 0 81 0 0 75 0 0 0 0 0 47 82 0 0 0 0 35 0 0 0 0
0 0 0 0 31 0 76 0 0 89 81 0 54 0 0 81 0 0 0 0 0 0 0 21 0 0 0 0 0 0
0 0 0 0 0 0 0 0 0 0 0 93 65 0 0 0 0 0 0 0 0 0 0 0 91 0 0 86 0 0
44 0 0 0 0 0 0 0 0 0 52 0 0 68 0 0 0 3 0 0 0 0 56 78 0 0 0 0 3 0
0 5 0 0 0 0 0 0 0 0 0 0 0 0 0 0 0 23 0 0 0 31 0 37 64 59 2 0 0 0
67 0 0 51 0 0 0 7 0 0 0 0 0 0 0 0 82 0 0 0 68 0 7 0 0 0 97 32 0 0
0 0 59 0 0 1 0 0 0 0 0 0 0 0 0 0 0 4 0 0 0 0 0 0 0 0 0 0 0 0
0 0 0 0 0 90 0 0 0 95 0 0 0 58 0 45 0 95 0 68 29 30 0 93 35 0 0 0 0 0
0 0 0 0 11 0 0 0 0 0 0 0 0 95 0 0 0 0 0 0 0 0 72 0 0 80 0 0 0 0
