0 0 0 0 0 0 0 40 0 80 0 0 0 0 34 0 0 0 0 1
33 0 0 94 0 0 0 53 0 0 0 0 99 0 41 0 0 0 42 33
0 0 6 0 3 0 0 18 23 43 99 0 0 47 30 65 0 0 0 0
78 45 0 0 0 0 80 40 0 0 65 0 0 0 0 0 0 0 0 0
73 0 0 78 0 0 74 0 0 0 0 0 0 0 62 0 50 70 20 0
0 0 0 90 45 0 0 32 0 0 0 0 0 0 84 0 0 0 92 20
85 0 87 33 0 0 70 0 89 0 65 95 99 0 0 83 0 0 55 27
0 16 0 0 0 31 0 0 0 0 0 0 0 20 0 0 0 0 67 64
0 0 70 93 0 0 0 0 16 0 88 0 0 0 0 92 0 0 66 0
0 0 40 12 0 0 0 93 0 74 0 0 0 38 0 32 0 21 0 0
73 48 0 0 0 0 0 70 0 0 0 19 0 0 0 0 8 0 0 49
0 0 44 0 0 21 9 0 19 73 0 18 0 0 29 1 0 0 84 0
0 86 0 0 0 0 26 0 0 0 0 0 0 0 0 50 0 0 0 0
0 72 79 0 0 28 19 0 0 0 0 0 66 0 0 0 34 0 0 0
0 0 0 56 26 0 0 9 0 0 85 0 0 32 0 0 42 63 0 21
18 0 0 11 0 27 0 0 0 1 0 0 0 0 0 73 85 0 0 72
0 77 30 0 91 94 0 0 0 84 0 0 0 1 0 0 0 0 37 6
0 0 0 83 55 0 85 46 0 0 0 0 0 0 0 0 18 0 88 0
0 0 0 0 0 0 0 0 0 28 0 75 0 0 54 89 0 41 47 0
0 0 0 0 53 89 0 0 35 0 0 0 0 35 90 0 0 0 0 0
0 0 0 0 95 0 0 0 94 11 83 0 0 0 0 56 20 0 44 0
76 70 0 31 0 0 0 77 0 0 0 0 0 0 0 0 0 31 52 0
0 30 0 0 8 0 0 0 20 0 0 0 0 0 0 0 0 28 95 0
0 20 0 80 69 95 50 37 0 0 0 0 0 0 0 72 0 0 0 50
0 0 0 43 0 18 0 0 0 0 30 0 76 0 93 50 0 0 87 0
14 0 0 0 38 7 54 0 0 28 72 69 0 36 0 95 25 0 0 0
0 0 0 0 0 0 0 81 0 0 0 0 0 0 89 55 0 76 0 0
66 99 0 89 15 16 0 0 0 0 0 0 44 0 0 0 0 0 0 0
3 79 0 0 0 65 51 59 0 0 0 0 0 0 33 87 0 0 75 0
0 0 0 0 27 0 0 5 0 50 94 0 0 0 0 59 0 0 54 0
