0 0 0 85 0 0 0 0 7 0 0 0 0 0 0 0 0 0 0 43 0 0 0 0 0 0 0 0 0 65 0 77 0 0 0 0 0 73 0 22 0 19 9 0 0 0 0 0 0 0
0 63 0 0 0 39 0 0 45 0 19 99 94 0 0 0 0 0 0 0 0 0 0 0 93 0 23 0 0 0 0 13 0 55 0 0 0 0 0 0 0 5 0 0 0 0 0 0 17 0
0 0 0 43 30 75 0 72 0 0 0 0 0 48 0 0 0 0 0 0 0 0 0 0 0 0 31 47 0 70 0 35 0 89 0 96 0 0 0 0 19 0 0 74 0 59 0 0 22 0
0 0 0 26 0 0 0 44 5 38 65 0 78 0 0 36 0 0 0 0 0 0 0 64 0 0 57 0 0 45 55 0 27 43 0 0 0 31 80 0 0 70 0 0 34 0 0 0 0 0
0 0 0 0 0 0 0 95 0 0 0 0 0 0 73 0 50 0 0 0 0 0 43 75 0 0 0 0 0 61 0 52 0 0 0 0 0 0 26 0 0 0 0 0 0 0 0 0 0 0
0 0 0 0 0 0 57 0 43 14 0 0 0 0 0 0 0 13 0 84 0 0 0 0 0 0 0 0 0 0 0 0 0 0 79 0 59 0 0 0 0 0 5 15 0 0 0 0 0 0
0 39 0 0 96 77 0 0 0 0 0 73 0 81 0 0 0 0 0 0 50 0 0 7 0 0 89 0 0 0 0 4 0 63 31 0 0 20 0 0 0 0 46 0 0 0 69 0 0 84
0 0 56 23 0 48 0 99 0 7 0 0 0 0 0 0 0 0 0 0 0 65 81 89 0 0 0 0 0 0 15 0 0 0 0 0 0 0 0 1 0 0 15 0 0 0 0 0 0 0
0 0 0 0 0 0 0 0 0 0 0 0 0 0 0 0 0 0 0 0 98 0 72 4 0 0 0 0 0 0 0 0 0 0 0 0 0 0 81 48 0 0 0 6 0 0 0 0 0 0
0 0 82 0 0 90 0 0 0 0 0 0 0 0 0 15 0 0 0 81 0 72 13 96 0 0 38 58 0 0 0 0 0 0 0 0 72 0 0 0 0 0 0 78 26 0 88 0 0 0
65 0 0 0 0 0 44 0 0 78 0 0 0 0 0 0 0 57 0 0 0 0 41 0 56 0 0 0 0 0 99 70 71 0 0 46 0 65 0 0 0 0 0 0 21 0 11 29 0 34
33 0 0 0 0 0 0 0 0 0 0 49 2 0 50 0 0 89 0 0 53 0 0 27 0 14 0 0 0 0 0 0 0 0 0 0 0 0 0 0 44 26 0 0 0 0 95 0 0 0
0 37 0 59 0 0 0 0 0 0 0 0 0 54 0 0 0 0 0 0 0 30 55 40 68 0 0 0 0 0 63 0 49 6 0 0 76 0 0 0 0 0 55 0 0 58 0 0 0 0
0 0 0 0 0 0 7 0 47 17 0 0 0 0 85 71 0 0 0 0 41 0 0 0 0 0 0 0 17 0 0 0 0 98 0 0 0 0 0 0 0 0 0 0 40 66 83 0 0 0
0 95 0 0 0 77 0 0 0 0 0 0 0 89 48 47 0 0 44 0 0 48 0 19 0 0 25 37 87 0 0 0 37 0 0 0 99 0 0 80 0 67 0 50 0 0 0 91 0 0
16 0 0 70 16 0 70 0 0 63 0 0 0 0 0 0 0 93 0 0 0 56 0 0 0 5 0 0 0 0 51 0 0 0 0 0 0 0 0 30 0 0 0 0 0 95 80 63 0 0
88 0 0 0 0 0 0 0 0 0 0 0 0 82 0 0 0 0 41 0 0 0 0 62 0 49 0 0 0 41 0 0 24 0 0 27 0 0 0 0 66 32 0 0 35 0 0 0 95 72
0 0 0 89 0 0 0 0 0 0 11 0 0 0 0 99 0 0 0 0 0 82 0 0 0 92 0 0 0 0 0 0 0 0 0 0 0 92 25 0 0 0 0 0 0 32 0 31 0 0
67 0 36 0 0 0 0 0 0 62 0 98 49 0 0 0 0 93 0 0 0 0 0 0 82 0 7 0 64 50 0 0 40 86 0 6 0 0 0 0 0 0 0 0 0 0 2 39 73 0
0 0 0 0 31 99 0 0 58 51 0 0 6 0 0 0 43 38 0 0 0 61 0 0 0 53 0 95 0 0 0 0 16 0 0 0 0 0 0 0 0 0 0 0 0 0 9 0 36 0
