21 0 0 0 85 0 0 67 59 0 0 0 63 0 0 58 0 0 0 70
0 0 0 0 0 0 0 0 0 0 7 0 0 0 0 0 0 49 0 0
0 0 50 0 0 0 1 0 0 0 0 0 30 71 0 0 0 0 23 50
0 0 0 0 0 43 0 0 1 0 54 62 0 0 0 0 79 0 34 22
0 50 0 0 0 93 24 0 0 0 0 0 0 0 0 13 0 66 0 82
4 37 0 50 26 0 97 0 0 87 0 0 0 26 70 96 0 0 0 0
85 0 76 0 0 6 0 0 0 31 0 0 0 0 60 0 0 0 0 0
92 35 0 0 19 0 0 0 0 0 50 0 41 0 39 0 0 0 49 0
0 38 0 0 96 0 0 7 84 0 5 0 69 0 0 0 0 0 0 0
0 0 16 0 85 0 0 0 0 0 0 76 95 0 0 0 0 92 36 0
0 0 39 84 0 33 0 0 0 69 99 0 49 0 31 0 0 0 73 0
0 12 0 0 40 0 50 37 30 0 0 0 0 0 12 0 0 27 0 0
18 95 0 0 41 8 0 0 0 46 65 0 0 0 0 0 59 0 0 0
0 0 0 0 0 61 0 16 0 0 0 0 0 41 45 0 0 82 0 0
0 0 0 45 0 0 0 63 0 0 0 0 0 0 0 0 33 0 0 0
15 29 0 0 0 24 97 0 0 0 0 0 2 0 0 0 0 0 59 50
27 63 27 0 16 0 0 7 58 0 0 91 0 97 65 33 0 0 0 0
6 73 8 0 72 51 0 55 0 55 0 0 0 85 47 35 55 0 63 13
0 0 0 49 72 76 0 0 0 0 0 6 30 0 0 0 0 0 0 0
0 0 97 0 0 0 52 0 0 0 77 0 47 0 0 0 40 87 0 0
0 0 0 0 0 92 0 0 79 0 0 47 0 0 0 0 0 0 0 87
0 98 0 0 11 78 68 0 4 20 0 0 0 0 0 85 0 0 0 0
9 0 0 0 0 34 0 52 18 76 35 0 0 0 98 8 0 91 0 31
0 0 0 0 0 66 54 0 0 0 78 8 0 6 17 9 0 0 0 0
54 0 0 0 0 0 0 0 0 0 0 0 27 0 0 0 0 81 21 0
0 78 0 77 0 0 0 0 0 0 15 0 0 0 0 0 22 44 0 0
80 0 0 0 0 0 0 69 0 99 0 0 0 0 0 61 0 0 0 15
0 0 0 26 0 42 86 73 0 7 50 13 23 31 0 62 0 95 0 0
0 0 0 39 0 17 0 22 0 35 0 3 16 43 0 0 0 0 0 87
0 0 0 0 0 0 0 23 0 0 8 95 56 0 43 0 0 0 0 0
0 0 62 0 0 0 83 0 0 0 22 0 0 0 92 0 0 0 25 98
22 0 71 0 0 0 0 0 90 0 0 0 1 0 0 0 0 0 0 0
54 44 66 0 0 0 0 35 75 50 0 56 0 11 51 3 0 38 0 64
82 61 0 0 0 51 57 0 13 0 0 0 55 0 52 91 0 0 0 0
61 0 0 87 0 0 0 0 0 0 0 34 0 0 39 0 0 11 29 41
80 0 0 0 18 0 0 0 78 74 0 0 0 0 42 0 0 81 0 89
81 0 0 56 0 0 0 0 0 0 0 0 0 0 0 0 0 0 0 90
0 10 19 0 0 0 72 0 0 0 46 0 0 0 0 23 0 0 0 0
0 0 0 6 0 0 30 7 65 0 0 64 0 0 0 34 0 14 0 0
0 0 0 0 0 0 78 0 0 49 11 0 85 0 0 0 83 0 19 0
