68 93 89 0 78 0 0 85 0 12 0 0 0 11 22 0 0 35 0 80
1 0 0 0 77 0 0 30 0 0 0 22 21 0 35 29 58 0 0 0
0 79 36 0 0 70 0 0 66 0 86 0 0 0 0 41 0 0 41 0
19 0 75 0 87 0 0 0 0 68 25 0 0 0 0 17 0 11 0 0
26 90 0 0 66 0 0 0 35 0 0 0 0 0 0 0 0 0 0 47
20 11 25 16 10 28 0 22 0 0 77 0 0 0 0 0 0 33 0 0
0 0 99 0 0 0 0 30 35 0 0 0 41 0 0 60 0 0 0 0
0 33 0 0 0 98 75 62 0 0 0 0 0 45 0 0 0 0 0 0
71 0 0 82 0 0 75 98 0 0 0 0 0 0 0 0 0 0 0 47
0 0 0 0 0 9 17 96 0 0 0 0 0 0 0 0 0 0 0 0
0 0 50 0 42 0 0 0 16 0 0 0 0 0 0 38 0 0 0 0
59 58 0 0 0 0 26 0 0 0 53 0 0 84 0 0 0 0 81 0
46 0 41 0 0 5 0 33 0 0 0 0 0 0 0 76 0 0 0 0
0 0 89 0 79 98 0 25 64 35 0 0 0 37 0 67 0 0 40 71
0 54 0 0 3 42 0 0 0 0 18 85 0 3 0 11 0 0 0 0
0 84 1 0 0 0 51 0 0 0 0 0 0 0 0 0 0 0 0 7
0 0 0 0 11 0 0 0 71 91 85 33 0 86 80 74 3 0 84 0
17 0 0 92 2 36 39 0 0 0 0 78 0 0 0 89 80 0 0 23
0 92 0 0 0 0 0 69 44 0 51 67 0 0 0 0 0 94 65 38
0 23 17 0 0 49 28 0 0 0 0 0 55 0 0 0 0 0 22 0
83 0 0 35 0 0 0 0 82 0 62 37 0 0 36 78 0 0 0 0
0 0 0 0 94 65 0 0 44 0 99 0 0 0 0 0 0 87 0 0
71 0 0 0 0 31 38 0 91 0 0 0 0 0 0 0 0 0 0 0
0 0 0 0 0 11 99 0 20 0 17 18 41 0 0 0 54 0 0 0
0 0 0 0 0 0 0 0 0 0 0 0 0 85 0 26 0 90 0 0
0 0 0 86 0 0 0 0 0 0 58 62 8 0 0 67 0 0 68 0
0 83 0 0 34 0 0 0 0 57 0 0 9 0 84 39 0 0 0 0
0 50 27 0 67 0 0 52 0 0 0 0 36 0 0 0 0 0 27 0
0 0 0 50 86 0 0 95 0 0 78 0 80 62 49 0 0 0 0 91
0 64 0 99 0 54 0 70 0 0 80 0 0 0 73 0 0 23 0 0
0 90 0 0 58 19 0 0 35 0 0 0 85 80 0 0 0 0 0 0
0 0 96 0 15 77 0 44 0 0 0 66 30 64 0 0 0 0 0 0
0 0 0 0 46 0 62 0 0 0 88 0 0 0 83 0 0 0 0 0
92 0 0 0 0 0 0 0 3 23 89 0 0 0 0 61 0 0 59 18
36 0 76 44 0 88 0 0 41 53 0 0 0 0 2 0 49 0 0 0
90 17 0 0 13 0 0 84 2 28 0 0 70 0 38 28 0 0 0 0
0 0 0 35 0 0 50 0 0 0 0 0 0 51 0 59 0 0 0 33
0 0 0 0 0 66 0 0 96 0 0 88 58 16 0 95 0 0 0 16
48 0 31 0 0 0 0 0 0 0 0 48 0 0 25 0 0 96 0 0
72 0 90 16 62 0 24 90 8 0 0 0 77 0 12 0 0 0 0 14
0 0 0 0 0 0 0 8 0 0 0 0 0 0 0 0 0 0 0 67
0 14 46 0 87 0 73 0 0 85 31 0 0 0 0 0 1 0 98 0
0 0 53 0 11 95 0 0 0 81 0 0 0 0 85 0 35 0 0 0
82 20 0 0 0 0 0 0 0 0 6 0 6 0 74 0 70 0 74 0
26 93 0 0 25 0 0 0 0 65 0 0 30 0 0 70 0 60 0 0
83 0 96 0 0 14 76 44 0 0 0 49 0 0 49 6 60 68 0 31
0 0 34 67 0 66 15 0 0 0 33 0 28 0 0 0 0 84 87 18
80 0 0 49 41 0 19 79 0 0 0 0 27 0 0 0 0 59 0 0
80 99 64 33 68 0 0 0 0 8 0 0 71 0 0 0 0 0 0 0
0 0 0 84 16 20 0 0 0 91 0 0 99 0 0 0 69 0 0 0
