0 14 0 0 31 0 0 0 11 89 30 0 0 0 39 40 45 0 0 22
0 0 0 0 0 0 95 0 0 0 0 0 0 0 0 0 0 0 0 65
89 44 0 0 0 24 0 0 0 0 0 0 72 0 0 0 0 0 0 0
70 4 47 0 26 43 0 0 0 0 0 5 6 0 0 0 99 0 0 22
89 0 90 0 0 0 0 64 63 71 0 45 0 0 0 0 63 46 0 0
29 78 65 0 0 60 93 14 0 49 0 0 57 0 21 0 0 0 0 0
0 94 0 0 0 0 0 17 0 35 89 0 0 0 0 14 0 44 0 0
0 0 10 0 97 0 0 0 0 0 27 0 0 0 78 0 48 0 0 0
95 26 2 0 0 17 0 0 18 0 0 0 0 0 0 31 60 0 64 67
0 11 0 0 0 0 0 0 0 0 0 75 95 30 0 0 0 17 0 0
0 27 0 0 61 0 0 0 0 0 0 0 48 0 0 0 39 0 0 0
0 0 3 0 14 0 56 12 0 0 75 0 99 0 76 0 4 0 0 0
59 0 0 40 0 83 0 0 13 17 0 0 0 0 0 0 0 10 0 0
0 0 0 0 39 0 65 0 0 0 0 0 20 55 0 4 0 63 43 41
0 44 78 0 0 0 15 0 89 12 76 0 1 0 0 0 0 31 83 0
20 0 0 0 0 6 73 79 0 0 0 0 9 8 0 0 96 0 0 0
0 69 0 0 29 96 26 0 0 0 0 0 0 0 0 72 16 0 0 0
0 0 46 37 0 83 64 0 26 0 0 0 39 0 99 0 51 0 64 0
0 0 0 31 28 19 42 0 42 0 0 39 32 29 0 0 7 0 0 0
0 0 0 0 0 0 0 0 48 0 0 28 0 0 67 0 0 55 0 0
50 0 0 0 0 0 0 0 0 0 0 0 0 0 0 0 24 91 0 0
41 0 94 0 0 0 33 0 0 0 78 60 0 14 0 27 0 36 0 95
97 0 0 0 0 0 30 86 11 47 0 0 40 76 66 0 0 0 0 0
0 0 0 0 98 0 0 16 0 0 48 0 0 22 86 0 0 4 90 42
88 0 0 0 66 84 72 93 0 0 24 0 9 0 0 21 0 0 0 28
95 0 15 64 0 0 0 0 85 92 0 90 0 45 0 13 0 0 11 0
0 0 21 0 0 0 0 0 0 0 63 0 1 9 43 0 38 0 0 0
98 0 0 0 0 0 0 0 0 16 0 33 0 0 0 23 0 0 37 21
0 78 0 0 0 0 0 57 0 0 0 7 6 0 0 0 0 0 57 0
0 0 0 34 0 93 60 28 0 0 0 0 92 0 0 42 0 0 0 78
0 0 0 0 0 12 50 0 0 0 0 31 0 0 0 30 0 0 0 0
43 0 0 0 0 0 0 0 0 0 0 0 0 63 84 35 55 59 0 0
8 41 0 97 0 0 54 0 0 0 0 0 0 0 0 0 0 0 31 0
83 0 8 0 63 0 25 0 0 0 0 0 70 0 23 0 0 0 0 76
0 0 77 67 0 0 0 0 0 0 89 0 75 0 0 59 62 0 0 32
0 0 83 23 0 0 0 49 78 70 0 0 0 0 0 53 0 0 0 0
0 7 0 46 0 0 0 39 0 0 0 0 0 0 0 0 0 0 31 0
0 0 0 0 21 0 0 0 0 0 1 89 0 92 0 0 0 47 99 60
0 0 0 95 99 99 0 0 0 0 57 0 0 47 0 0 0 73 0 0
78 74 0 0 0 0 80 98 0 0 0 0 0 61 0 0 0 46 0 5
