0 19 28 0 0 0 75 0 27 0 0 43 0 0 0 0 0 0 0 0
0 38 0 78 30 75 0 99 0 0 31 0 0 61 0 27 0 0 0 0
0 22 0 0 0 0 5 0 16 83 0 14 0 55 0 85 19 0 0 95
0 0 10 0 0 96 0 0 0 87 0 2 0 0 0 0 1 44 79 0
34 0 0 0 0 0 0 80 17 0 0 4 0 60 0 45 0 0 86 0
0 32 0 41 0 0 27 0 0 0 0 42 0 0 0 82 0 71 60 0
68 0 0 0 0 0 67 65 0 99 0 18 16 0 0 0 38 0 0 0
94 0 0 0 90 25 0 27 0 37 0 42 0 0 0 12 0 0 0 0
0 0 0 89 54 0 20 0 0 0 15 24 60 49 0 0 99 0 0 0
0 90 64 0 0 0 0 0 0 0 52 57 0 0 78 56 0 0 0 81
0 0 0 0 0 1 0 51 0 0 53 0 0 0 0 0 0 0 0 37
56 0 0 0 0 0 0 0 52 34 0 13 0 0 0 28 0 0 4 0
0 1 0 0 24 0 68 0 14 0 80 61 70 0 0 0 0 85 0 0
0 59 4 0 0 0 0 0 86 0 0 0 0 0 0 0 0 0 0 11
54 12 71 14 1 46 0 32 55 79 67 0 0 26 0 0 0 0 87 0
0 0 0 0 0 45 32 0 0 0 0 0 83 0 0 0 0 0 39 0
0 0 0 0 8 62 0 0 0 0 0 72 0 59 79 0 0 0 0 0
0 0 1 0 0 77 0 34 39 90 98 0 6 0 87 0 0 0 57 33
0 0 0 0 0 42 0 0 80 12 0 97 0 49 64 0 0 0 0 47
0 0 0 0 90 0 0 0 0 0 0 0 70 31 39 59 0 22 0 0
64 75 39 0 0 52 68 11 0 5 61 0 0 0 0 0 0 66 0 0
0 0 0 0 0 81 0 35 0 43 0 21 0 0 0 66 0 0 0 77
14 0 0 0 9 0 0 0 0 0 15 57 0 0 37 0 0 0 98 0
0 0 74 0 98 0 0 0 0 52 75 0 0 0 0 0 0 0 0 0
0 0 47 99 35 0 0 0 0 0 0 47 0 0 83 0 0 0 35 5
0 0 0 83 0 0 0 0 0 92 95 0 0 15 61 51 0 0 0 4
98 0 0 0 0 0 0 21 0 0 0 0 8 0 15 0 0 0 0 0
40 16 71 0 0 0 0 23 0 0 0 86 0 27 0 17 39 0 0 86
0 97 13 0 0 0 64 0 0 0 0 86 0 67 35 82 0 0 0 0
0 79 10 0 93 0 93 25 0 0 0 2 0 73 69 0 0 0 59 0
0 0 88 0 41 0 0 0 31 0 12 0 56 0 0 0 0 0 82 0
0 0 0 0 0 0 80 0 0 0 0 0 0 0 0 0 0 0 2 75
0 0 0 0 87 0 0 0 16 48 0 0 0 0 0 0 0 0 0 0
0 73 0 0 67 48 0 0 6 0 0 0 0 0 0 0 38 0 0 0
0 0 0 75 0 0 88 76 0 6 57 29 18 0 56 0 0 0 88 0
0 0 48 0 0 0 0 94 71 0 0 0 0 0 0 0 0 0 84 39
71 69 87 0 0 13 82 68 0 0 0 0 0 0 0 0 0 37 0 0
0 0 82 0 0 0 0 0 0 0 0 0 24 6 40 97 49 0 0 0
5 72 0 0 0 0 0 0 70 86 0 0 18 0 0 46 0 0 0 0
65 0 5 0 0 33 0 0 0 0 0 5 0 61 87 0 33 0 0 80
