0 97 28 8 0 0 25 0 0 0 0 0 0 0 0 22 77 0 0 0 42 33 41 50 0 44 5 0 18 0 0 0 81 0 0 0 32 0 0 0
0 0 0 0 0 0 27 50 0 0 0 0 0 38 24 0 0 78 0 63 0 24 0 0 0 61 0 0 37 0 0 0 14 0 0 0 0 0 0 0
0 0 10 31 0 83 0 90 0 0 0 0 0 23 0 0 0 74 51 43 47 0 0 0 13 0 42 5 0 0 0 0 0 0 97 0 0 0 0 0
0 0 0 35 64 0 0 0 0 0 0 0 0 0 0 0 91 15 0 18 91 0 0 37 46 4 0 0 0 0 0 0 0 30 0 0 0 0 6 0
0 10 0 73 0 0 51 64 46 0 0 9 15 73 0 0 0 0 0 0 11 0 0 94 88 0 0 0 0 0 0 0 0 0 43 0 0 0 0 64
0 0 0 0 0 0 33 0 12 0 0 6 0 0 0 0 98 0 0 0 0 0 0 3 0 0 0 0 0 83 29 0 0 0 0 0 41 59 0 0
0 0 0 90 19 37 53 37 0 0 0 0 40 32 0 68 0 0 47 0 78 0 0 0 0 0 53 95 0 0 68 58 0 0 59 21 68 0 0 0
0 85 0 0 0 0 0 0 0 0 43 92 51 0 0 0 0 0 0 0 0 0 31 5 46 0 0 22 0 29 0 0 12 0 0 0 0 68 63 0
0 0 39 0 0 0 0 0 29 0 13 0 0 39 7 0 25 52 0 0 0 97 0 0 0 0 0 18 0 81 0 6 0 95 32 63 0 38 0 13
0 0 0 0 0 0 57 0 58 55 0 0 12 60 92 59 0 0 0 52 0 0 0 39 0 18 0 19 42 99 0 0 44 0 0 75 0 0 0 99
