0 0 0 0 0 0 0 0 0 0 0 0 93 76 0 0 54 0 21 0 47 0 0 0 0 0 0 0 0 0
0 0 0 0 0 39 0 43 0 0 0 0 99 0 20 63 0 0 0 51 0 84 0 40 0 0 0 0 0 0
69 30 79 0 85 0 0 0 0 15 96 0 0 0 86 0 80 82 30 0 0 0 0 0 0 0 0 0 12 0
0 0 0 0 31 25 0 57 0 0 0 0 0 0 0 0 0 0 0 39 64 0 0 0 0 0 0 0 0 25
92 0 50 0 36 0 0 0 0 31 0 0 0 0 0 0 0 0 0 0 0 31 0 0 0 0 0 0 0 0
0 0 0 0 0 0 0 52 0 0 85 22 0 0 0 74 0 13 0 0 74 42 0 0 0 0 0 0 0 0
0 0 42 0 0 0 0 0 22 55 0 0 0 0 59 0 17 0 9 73 0 0 0 74 0 36 0 0 0 0
0 0 0 87 0 0 0 0 0 0 48 0 0 0 0 0 28 0 63 80 0 21 0 20 32 15 0 90 37 0
0 0 0 0 0 0 0 0 0 0 0 0 26 0 0 0 0 0 0 24 0 0 0 97 0 0 0 0 0 0
72 0 0 0 0 0 0 13 28 0 0 50 0 91 0 0 0 30 0 0 0 0 0 0 0 0 21 0 0 0
47 0 0 0 0 81 0 0 0 0 0 0 0 0 0 0 0 0 6 0 0 0 75 0 0 0 0 0 0 72
0 0 0 64 0 0 0 0 0 0 0 0 0 0 0 67 97 0 0 15 0 78 0 0 0 0 62 0 0 0
0 0 0 0 88 23 0 0 96 1 0 0 0 0 0 0 1 2 0 0 0 0 0 11 79 0 0 0 0 0
0 0 0 73 0 0 66 0 0 0 55 0 0 0 0 0 33 0 0 0 0 0 92 0 0 60 0 0 0 0
0 0 0 13 0 0 76 0 69 0 0 0 0 66 4 0 84 0 0 0 48 0 68 0 60 0 84 80 0 0
0 0 0 0 0 0 0 0 0 0 0 0 0 0 31 0 0 0 0 0 0 0 21 0 0 0 0 0 0 0
0 0 0 0 0 74 37 0 0 4 0 71 85 0 0 70 22 0 0 0 76 0 0 0 0 0 0 60 0 0
0 0 0 5 0 51 92 0 0 0 65 0 2 46 0 43 39 0 57 63 0 82 0 0 0 93 0 0 0 0
85 0 0 84 23 0 96 0 0 5 27 0 0 0 95 0 0 49 0 0 0 0 0 0 0 50 0 0 0 0
0 0 0 0 0 0 0 0 0 70 0 53 0 32 41 0 5 84 0 38 0 40 0 0 0 0 0 0 0 35
0 18 10 0 0 0 27 0 36 0 0 0 0 0 0 0 0 30 35 24 91 0 0 0 0 0 0 0 33 0
0 0 0 91 0 0 0 71 0 0 0 0 87 54 0 51 0 0 0 11 66 0 48 0 0 0 63 0 0 0
0 0 0 0 9 0 0 0 0 0 0 0 0 0 0 0 0 0 0 0 26 0 0 0 0 0 56 0 0 0
0 70 8 0 57 0 0 0 10 0 0 18 0 0 0 0 0 0 62 0 0 0 0 0 0 0 0 85 47 0
0 1 74 76 0 0 18 0 0 68 0 0 0 42 0 78 0 21 0 44 0 0 0 0 9 0 0 95 32 0
0 0 0 0 94 0 5 0 0 22 0 0 69 65 0 0 0 0 7 0 85 84 0 10 0 0 0 0 0 0
0 0 0 0 90 0 54 59 0 0 0 0 0 0 0 5 0 0 0 0 0 0 0 0 0 0 0 47 34 0
99 4 0 0 0 0 0 0 0 0 0 0 0 0 34 0 27 0 0 19 0 0 0 0 43 0 0 0 0 0
0 0 0 0 0 0 0 0 0 86 0 0 0 19 70 0 0 0 18 74 0 63 0 0 0 0 0 40 0 0
0 0 72 59 0 0 76 4 0 0 66 0 0 0 0 0 0 0 0 0 10 0 0 0 0 0 0 80 0 0
