0 62 51 55 10 0 0 0 1 0 30 87 0 0 0 0 0 0 26 0 21 63 0 0 0 0 0 0 0 0 27 0 0 8 0 87 15 0 0 0
0 0 0 0 31 0 15 0 0 29 0 0 0 14 0 0 0 23 0 0 0 0 0 0 0 43 2 0 0 0 96 0 0 0 0 0 32 2 0 0
68 0 0 0 69 0 0 67 0 0 0 0 0 0 0 0 0 0 0 0 89 61 0 0 0 0 76 0 69 75 0 0 0 0 0 0 0 0 0 0
0 0 0 0 0 0 0 0 49 0 0 0 0 0 0 88 0 62 0 0 0 78 0 0 49 0 0 0 0 0 0 0 3 44 0 0 0 0 62 0
0 0 0 0 35 0 0 26 0 0 0 0 32 0 32 41 0 41 2 49 0 0 0 3 0 50 7 0 0 0 0 0 87 0 71 0 0 0 90 0
30 0 37 0 5 0 0 0 0 22 0 0 0 43 8 0 0 0 84 0 0 0 0 0 61 6 0 0 0 0 0 0 60 0 11 53 0 91 0 0
0 55 92 0 0 0 0 0 0 0 80 0 0 79 0 0 0 0 0 85 56 0 0 0 0 65 0 53 0 0 38 0 55 0 39 12 0 0 0 0
67 0 0 0 28 0 0 0 17 0 0 0 0 0 77 0 0 36 0 0 89 0 0 0 0 74 0 0 80 0 0 0 0 49 56 0 0 0 0 3
28 0 0 65 77 0 0 0 0 36 0 0 0 0 38 0 0 0 55 0 32 74 0 97 0 0 0 78 0 84 92 0 0 86 0 0 21 0 0 0
0 0 28 0 0 0 5 0 0 0 0 0 69 30 61 0 97 0 0 0 45 0 32 0 0 0 0 95 0 0 26 0 0 87 0 67 11 0 0 0
4 0 0 0 0 0 0 0 0 0 47 0 0 0 6 0 0 0 0 0 0 30 0 0 0 55 0 83 14 92 20 0 0 43 0 58 18 52 8 0
0 0 0 0 44 74 25 0 0 0 50 4 0 0 0 0 28 84 0 0 10 57 0 0 93 0 0 0 0 67 0 0 16 0 0 3 0 0 14 0
0 3 0 0 0 0 94 0 0 38 51 0 0 0 26 64 16 1 44 0 0 0 0 0 0 0 0 70 0 71 0 0 70 0 0 54 0 0 0 0
86 80 0 26 69 44 6 0 0 20 0 0 38 20 0 0 0 19 0 76 84 0 0 0 0 0 0 0 0 0 0 17 0 0 0 0 0 0 26 0
34 0 0 0 0 50 82 91 0 0 0 0 0 0 62 0 0 0 40 0 34 0 0 0 0 0 0 16 41 0 90 41 0 0 0 0 77 73 0 80
0 0 0 0 0 15 48 0 94 0 0 0 70 0 0 0 0 0 57 0 0 0 0 5 0 0 60 0 89 0 0 10 0 0 61 26 0 0 4 47
0 0 0 87 40 0 0 0 0 0 0 60 0 0 0 0 86 0 0 0 0 67 58 0 0 0 87 62 0 0 6 77 0 0 5 0 0 0 21 0
63 0 0 0 47 0 0 33 68 0 5 61 0 0 0 13 0 53 0 0 0 0 83 37 0 0 0 0 40 0 39 0 0 0 0 0 0 0 0 0
0 3 0 0 0 89 0 3 36 0 60 0 0 0 0 0 0 0 0 0 0 74 0 0 0 54 0 0 0 0 0 14 0 48 0 94 0 0 0 0
0 15 0 0 0 38 0 0 8 95 0 0 97 0 96 33 92 66 15 0 0 0 0 0 56 0 0 0 0 0 20 86 75 0 8 0 0 0 0 96
1 38 0 0 70 74 0 0 81 0 0 67 66 44 0 0 0 0 10 0 0 0 24 36 0 0 0 0 62 0 0 0 66 33 18 0 0 53 0 0
0 0 0 87 0 0 13 0 0 42 0 76 0 0 0 0 0 9 0 26 87 0 47 0 91 0 0 0 0 0 0 86 0 0 0 0 0 34 40 79
0 56 26 72 0 0 0 37 70 35 59 0 0 0 0 54 29 0 0 52 0 0 0 40 0 78 24 0 0 0 0 0 0 0 66 26 21 86 0 0
37 0 32 0 80 57 41 8 0 0 0 0 0 0 94 0 70 0 0 0 0 56 0 0 19 0 0 0 0 0 0 0 0 38 59 31 57 0 0 0
0 18 10 0 0 0 0 7 0 0 0 66 0 0 0 0 0 0 0 0 0 39 0 10 0 0 0 0 0 0 0 92 0 0 0 0 0 0 0 0
0 0 0 0 0 0 0 0 0 0 0 0 29 61 0 0 15 0 43 0 0 85 0 28 0 0 0 0 0 78 0 0 0 0 94 27 0 0 0 23
90 31 75 0 0 0 35 27 0 79 0 0 0 81 0 6 0 0 17 0 0 0 26 0 0 0 35 72 0 0 0 0 72 0 0 0 15 38 29 66
28 18 0 39 94 38 0 0 52 0 0 0 0 0 27 95 58 0 0 2 64 0 0 0 20 0 0 0 0 0 22 5 96 0 60 3 0 0 0 35
0 44 55 0 74 52 0 0 0 0 66 0 0 0 0 0 62 0 0 0 69 85 0 0 0 0 0 0 0 0 0 0 0 0 33 11 0 6 88 0
80 0 0 0 0 36 19 0 0 0 85 0 0 0 65 34 16 76 0 47 43 27 0 0 53 66 45 43 0 66 0 0 0 48 0 65 0 17 0 0
80 0 1 0 52 0 0 0 0 0 40 29 66 38 75 85 0 0 0 10 0 0 78 0 0 0 81 0 61 0 0 0 0 0 73 0 0 0 0 85
89 0 0 0 0 20 0 0 0 0 6 70 0 0 98 0 0 38 0 76 0 0 42 0 76 0 0 0 0 0 14 0 0 0 0 0 33 71 17 68
0 0 0 0 0 0 62 79 0 0 0 0 0 12 8 0 81 59 0 0 0 0 0 83 0 81 10 0 0 0 0 0 0 0 0 0 62 0 87 57
0 0 0 59 0 0 0 0 0 38 84 15 0 0 0 64 0 0 0 0 0 0 0 0 0 0 0 0 0 50 0 0 0 0 0 0 0 0 0 0
21 39 0 0 32 94 0 0 0 0 0 95 97 36 0 0 0 40 0 0 0 0 35 0 0 0 37 43 38 0 0 76 0 87 0 0 31 81 0 90
26 0 0 27 0 49 79 0 79 0 49 4 0 45 70 62 0 0 0 0 35 0 0 29 0 0 0 0 0 26 93 0 0 0 0 0 0 0 0 0
0 0 0 36 0 0 0 68 0 0 0 16 0 0 0 0 0 0 0 0 0 0 0 0 62 0 77 82 0 0 0 86 35 0 0 9 0 14 0 0
0 0 0 93 48 80 1 0 0 0 0 0 91 0 70 23 0 0 0 84 57 0 0 0 3 0 0 55 0 23 14 0 0 0 0 0 0 0 12 43
61 21 0 27 0 0 73 0 0 0 0 27 0 0 0 0 0 0 0 0 0 54 45 0 0 0 0 0 86 13 0 0 53 0 0 9 0 0 0 67
0 0 0 8 0 0 0 0 67 0 0 53 93 0 0 0 49 0 0 64 0 0 0 0 0 0 0 20 93 96 30 60 0 73 0 0 30 53 29 55
51 0 0 24 0 33 0 19 48 0 0 85 0 0 0 7 62 0 65 3 0 11 0 0 0 0 0 0 0 0 17 94 62 26 0 0 18 0 0 0
0 0 0 0 0 0 0 0 80 0 63 54 0 0 0 0 0 0 0 10 16 0 0 34 71 82 0 0 56 0 27 34 0 0 49 0 7 0 0 58
0 29 76 0 0 88 49 0 0 61 0 83 0 77 0 0 0 0 42 0 79 42 0 64 0 0 21 21 0 0 0 0 0 0 0 96 0 0 61 65
0 4 0 0 95 0 0 0 0 0 0 83 0 0 41 27 0 0 0 0 0 91 69 0 0 53 21 0 13 0 0 27 0 28 0 0 87 0 0 66
0 0 0 17 0 0 0 0 86 33 0 49 0 0 0 0 0 73 0 0 0 92 0 0 0 0 0 0 0 97 0 0 84 78 13 0 0 0 53 57
84 0 0 81 6 0 0 0 0 0 0 0 97 0 0 93 21 0 0 42 37 0 0 0 51 0 0 0 25 60 16 60 0 26 83 0 12 0 0 0
0 0 0 19 0 2 0 0 93 0 80 0 0 85 0 33 0 0 0 0 0 0 0 5 14 0 0 7 0 39 0 0 0 0 0 0 42 0 0 15
0 0 21 0 0 0 0 59 0 0 8 0 39 0 78 92 0 0 0 0 0 0 0 0 0 0 0 0 90 0 32 2 0 2 17 0 98 0 0 0
0 58 0 0 0 31 0 0 0 0 0 0 0 0 0 0 0 0 88 38 22 0 0 0 0 0 2 3 0 0 0 0 0 0 0 1 0 0 0 0
54 0 64 0 0 0 0 0 0 63 0 23 19 0 0 0 20 0 0 33 56 75 0 78 0 19 0 0 37 67 73 0 0 0 42 0 0 15 0 66
