0 0 0 0 0 0 61 68 0 0 0 75 0 49 0 0 0 0 0 89 0 0 0 0 41 0 0 0 0 0
62 0 94 0 81 0 0 0 0 25 0 0 0 9 0 0 0 0 0 77 0 0 0 0 0 61 0 0 33 64
0 0 0 0 0 83 0 48 0 0 0 0 0 0 0 26 0 0 0 52 0 0 0 0 0 0 0 0 0 64
0 0 0 0 0 0 53 0 0 11 0 0 0 0 0 0 0 0 0 0 0 86 0 0 0 17 0 0 0 68
0 0 0 0 0 0 88 0 0 0 0 87 89 14 0 0 0 0 0 0 0 47 0 0 89 0 0 0 0 0
0 0 0 0 0 0 0 36 0 0 0 5 0 0 0 0 89 0 82 0 0 0 11 0 0 0 0 0 0 0
58 0 0 0 0 0 0 0 0 0 49 98 0 0 0 0 0 0 0 0 0 0 0 0 0 0 0 0 14 0
0 0 91 9 0 0 0 0 0 0 0 24 0 0 0 0 26 0 0 0 0 0 0 29 0 0 0 0 0 0
0 0 0 0 51 0 0 84 0 0 0 0 0 0 0 18 0 88 94 0 0 0 41 0 0 0 0 0 1 0
97 0 0 0 36 0 0 0 0 0 0 0 0 0 0 29 0 80 0 0 0 0 77 0 0 0 0 0 0 0
0 10 0 0 0 63 0 2 0 0 0 86 0 33 0 98 0 0 0 0 0 0 80 0 0 0 0 0 0 0
0 0 0 58 18 24 0 0 0 0 0 0 0 49 0 0 0 38 44 0 0 0 0 0 0 0 0 97 0 43
0 0 0 0 0 0 0 0 0 0 0 0 0 0 11 0 0 0 0 0 0 0 0 0 0 0 0 0 14 55
19 0 0 0 0 0 0 0 0 0 0 0 0 0 0 0 21 0 0 0 0 0 0 0 0 0 0 0 0 0
0 0 0 0 0 0 0 68 0 0 0 12 0 0 62 0 0 0 0 0 0 0 58 0 0 0 78 0 0 64
98 7 0 0 75 28 61 60 0 0 66 0 0 0 0 73 62 63 0 0 0 0 0 0 50 0 0 0 0 80
51 0 0 0 0 0 0 0 0 0 0 28 96 0 0 75 0 0 0 0 90 85 0 0 0 0 0 0 0 0
0 0 67 0 0 0 0 0 0 0 0 27 0 0 0 0 0 0 58 0 0 0 0 0 0 0 0 28 0 13
0 0 0 0 0 0 0 53 0 0 71 32 50 0 0 0 0 0 0 0 0 0 0 29 0 91 0 0 0 0
0 0 0 0 0 0 53 47 50 47 0 0 0 19 0 2 0 0 19 0 14 0 0 0 0 0 0 0 0 0
