29 0 35 57 0 0 0 0 0 0
0 0 0 0 40 0 0 0 0 98
84 62 17 0 0 0 0 0 0 0
0 0 53 0 0 0 0 45 0 0
0 0 0 0 0 0 0 0 40 0
0 0 61 26 0 0 0 0 0 87
85 21 0 0 0 0 0 0 0 0
0 0 0 1 0 0 0 0 0 2
0 15 0 0 94 0 86 0 0 0
30 0 0 79 0 0 0 0 0 85
0 0 0 5 0 0 5 0 0 0
0 0 50 0 40 0 0 0 0 50
42 0 0 0 0 0 0 0 1 0
91 0 0 85 0 82 72 64 52 0
52 0 0 0 3 0 95 0 0 0
0 70 0 0 0 71 0 0 0 85
0 0 0 0 35 0 49 0 0 0
55 0 78 0 40 0 0 0 0 0
0 0 0 0 0 0 0 0 0 0
0 61 0 0 0 0 0 0 0 0
0 0 0 0 0 0 0 43 13 0
0 0 0 0 0 0 0 46 6 0
0 89 0 0 0 0 55 0 0 60
0 9 0 0 0 88 51 0 0 0
0 0 0 0 0 93 0 0 0 0
10 0 0 67 31 0 0 0 0 0
59 0 0 0 0 0 0 0 71 61
95 0 0 0 0 0 0 0 40 0
0 50 0 0 0 0 0 85 0 0
1 0 21 40 0 72 0 0 0 5
