56 0 0 0 0 0 0 0 9 0 2 0 0 0 46 0 0 97 0 0 0 0 55 8 0 0 0 0 30 20 0 28 0 97 0 0 0 0 0 0
15 0 0 4 0 35 0 59 0 0 0 0 32 0 62 0 0 0 81 50 21 0 61 0 0 0 0 0 0 0 15 0 65 52 0 74 0 83 0 37
0 94 59 0 0 81 0 46 44 0 0 0 0 0 0 0 0 69 52 0 0 0 0 46 0 0 0 0 0 0 0 0 0 0 59 0 91 43 0 0
13 89 0 0 36 0 30 64 93 36 0 0 0 66 0 0 0 58 0 0 0 0 0 0 0 0 0 0 0 0 91 0 27 0 80 27 0 0 0 7
15 0 0 35 6 0 0 0 0 90 75 0 0 0 36 0 0 0 27 4 0 16 0 0 0 52 0 0 0 38 0 0 0 0 53 0 0 0 0 0
0 35 52 0 17 0 0 0 0 92 0 0 0 0 0 0 66 0 0 0 0 0 16 0 0 98 0 0 0 0 0 10 0 0 27 84 0 0 0 0
0 0 61 43 0 0 0 51 0 0 0 6 32 0 6 0 0 0 0 0 0 0 0 32 0 0 0 0 8 15 0 0 32 0 0 0 0 0 0 26
0 0 0 0 0 47 0 0 0 0 68 0 0 0 0 55 0 0 48 50 11 0 0 0 94 0 88 0 0 0 54 0 84 61 0 0 63 83 0 0
0 0 0 17 0 0 0 0 0 10 0 0 0 30 81 0 0 0 0 0 15 96 45 0 0 0 38 0 72 0 0 0 0 15 0 0 21 32 0 88
96 23 0 97 0 37 0 16 0 0 0 0 0 21 0 0 0 0 0 43 39 0 36 0 95 55 0 0 0 0 0 0 0 0 0 0 17 0 0 0
0 0 0 0 19 0 0 91 0 79 0 0 0 0 49 0 0 0 0 48 0 78 1 82 66 0 0 85 31 46 56 0 89 0 0 0 0 0 0 37
0 0 0 0 0 0 31 0 80 0 0 13 80 65 0 0 0 9 0 0 95 0 0 0 54 0 0 0 0 96 0 35 0 0 69 0 0 0 0 42
15 98 0 0 0 0 75 88 16 95 93 0 0 0 0 0 0 0 0 0 0 85 79 0 0 0 64 0 0 55 71 0 12 0 48 9 79 0 0 11
0 97 0 0 0 0 0 0 96 0 69 26 0 0 0 87 66 0 64 90 79 70 0 24 18 0 89 0 90 0 0 0 0 0 79 78 0 0 0 26
23 51 0 91 0 0 58 0 75 0 0 0 0 0 0 0 0 0 0 0 0 0 0 52 0 35 0 0 0 0 0 0 71 0 0 0 0 0 0 4
0 0 29 0 0 0 0 0 0 0 32 28 0 17 0 48 71 0 0 42 67 92 0 0 71 13 0 0 0 50 44 0 14 0 0 0 59 3 0 15
0 0 0 0 0 3 85 0 0 0 0 0 0 4 0 0 0 78 0 0 56 51 0 0 0 0 91 0 0 0 3 63 0 0 0 0 0 0 24 0
1 0 0 1 25 0 0 29 0 0 0 75 0 13 0 72 0 0 0 0 0 0 0 0 0 0 0 95 73 0 0 0 0 0 62 0 0 16 0 69
0 93 0 0 95 74 99 0 0 0 21 0 23 7 94 0 0 51 95 0 25 0 61 0 0 0 20 0 78 0 0 56 0 0 0 0 0 0 11 0
0 0 1 0 0 0 0 0 0 0 0 0 0 0 0 0 0 0 0 0 16 31 15 82 81 7 11 0 9 0 0 0 95 23 0 0 81 0 0 0
0 42 0 22 0 0 0 91 0 0 0 30 0 12 82 0 89 0 0 0 0 38 59 0 0 58 75 0 0 0 0 33 49 0 0 0 25 20 0 0
82 0 0 0 94 0 0 0 0 60 88 21 0 0 67 0 0 0 0 0 57 0 0 0 35 1 0 77 0 0 0 0 0 0 0 71 0 0 45 0
94 0 32 47 0 0 0 0 0 0 0 21 0 0 0 0 90 0 0 66 0 0 0 0 0 0 0 0 0 0 0 18 0 0 0 0 61 72 97 53
0 0 0 80 0 0 0 0 54 14 0 0 0 0 0 0 0 0 47 62 0 0 39 0 0 0 69 0 75 73 0 69 54 0 0 99 0 0 58 0
0 0 0 0 89 47 0 26 0 89 67 41 32 0 0 0 44 0 0 78 0 0 0 0 0 0 0 82 0 11 0 34 47 15 57 0 0 0 0 0
25 24 0 64 8 0 37 0 21 0 0 29 0 50 79 0 0 20 0 0 0 0 70 0 81 48 0 0 0 0 8 0 19 72 7 0 0 0 35 0
0 61 0 0 0 0 0 0 0 13 3 0 0 64 92 72 0 38 0 0 0 15 44 9 39 0 0 31 0 0 83 0 0 11 0 87 0 0 56 0
0 90 0 0 0 0 0 0 90 0 0 0 0 0 0 0 0 0 0 0 0 32 0 24 0 0 0 0 0 0 0 0 0 77 14 89 76 0 0 0
0 0 0 75 25 38 0 0 0 29 0 0 0 67 0 76 0 0 0 0 0 19 0 9 0 0 56 0 66 0 0 0 0 0 0 0 1 0 32 0
0 12 15 32 0 0 0 50 0 0 0 0 0 0 94 0 0 71 0 0 57 23 0 78 0 15 68 0 0 0 54 0 0 22 0 0 0 59 0 29
