0 0 0 0 0 0 0 53 10 0 0 0 0 0 0 0 0 0 94 0 0 0 0 96 0 0 0 0 0 41 0 0 0 36 0 0 0 14 68 0 0 23 0 0 26 0 0 0 0 0
0 0 0 0 0 0 0 0 0 0 0 0 0 41 0 11 0 79 0 0 69 0 0 0 0 0 0 69 0 0 0 0 0 0 73 0 98 0 0 0 0 0 18 0 0 0 0 0 0 92
0 0 0 0 0 0 0 67 0 43 22 0 0 26 69 0 72 0 0 67 20 0 0 87 0 43 47 0 0 0 22 0 0 0 0 65 13 0 12 96 0 0 0 0 0 0 0 79 0 0
0 0 0 0 0 0 0 0 0 42 11 0 0 0 0 0 24 0 0 67 0 0 5 0 0 0 0 0 0 12 0 0 17 37 93 0 0 0 0 0 65 0 0 0 25 0 77 0 0 0
21 0 0 0 0 0 72 0 0 0 0 0 0 0 0 35 0 0 0 0 0 0 68 0 0 0 0 0 0 0 79 0 90 0 61 98 78 44 0 0 0 0 3 78 31 0 0 0 6 0
0 6 0 0 0 0 0 69 0 0 0 0 0 0 0 78 10 0 28 0 0 0 46 0 0 8 0 0 0 0 50 23 0 0 13 89 77 94 0 0 0 0 0 0 0 37 0 0 51 82
16 0 0 77 0 51 0 0 0 14 0 52 0 74 16 0 0 22 80 0 0 0 0 0 92 46 0 98 0 0 0 56 0 0 84 0 0 3 0 0 13 0 0 0 0 0 0 0 98 79
0 0 0 55 0 94 0 22 0 0 60 0 0 29 0 82 0 0 0 52 0 0 0 0 14 0 0 0 0 28 0 0 0 0 0 68 0 0 57 83 31 0 0 73 0 0 0 0 40 0
0 7 0 0 44 0 0 0 41 0 5 0 0 0 0 65 37 0 0 86 0 0 0 0 0 0 44 22 0 87 0 0 0 0 22 0 54 49 17 83 0 0 0 0 12 0 0 0 0 0
0 45 0 0 5 49 47 49 0 0 0 0 0 0 0 0 0 0 5 0 0 0 0 0 0 0 0 56 0 0 0 23 0 91 0 9 0 0 0 75 0 0 0 0 0 0 0 0 0 0
12 70 0 0 0 0 0 0 0 0 0 0 0 0 0 0 0 0 0 37 45 0 95 0 0 0 0 0 0 0 0 0 87 0 0 41 0 0 0 0 0 33 0 0 0 27 0 0 0 0
0 0 0 0 0 53 94 0 0 0 34 0 3 90 0 0 0 0 0 0 87 0 0 0 0 0 0 0 0 0 0 0 0 0 0 0 64 0 27 0 57 59 0 0 0 24 0 0 0 0
71 93 0 62 0 0 0 0 0 0 0 92 0 43 0 0 0 0 0 87 0 0 0 98 0 0 0 0 20 0 0 0 0 0 0 0 0 73 0 0 0 0 0 0 0 0 0 0 0 0
0 16 0 0 0 0 0 0 0 45 0 0 0 0 0 79 0 0 60 47 0 0 0 0 0 38 0 68 74 24 0 0 57 0 0 0 60 0 46 0 0 0 57 62 0 0 0 0 0 28
0 0 0 71 0 0 0 0 0 0 77 0 43 0 0 0 0 0 0 0 0 0 0 0 0 0 0 33 0 0 26 0 0 0 37 0 0 0 0 50 0 5 98 0 0 0 0 0 0 0
56 28 0 0 0 0 0 95 0 0 0 0 0 0 0 97 0 0 0 0 0 59 0 0 0 0 14 72 0 21 0 0 49 0 0 0 0 0 47 0 0 0 0 0 0 0 0 64 0 76
0 0 0 63 0 0 0 0 31 87 0 61 0 0 0 0 0 0 0 0 0 0 0 0 0 0 46 0 0 0 0 0 0 86 0 0 5 0 0 0 0 89 0 0 59 0 0 0 0 0
72 0 32 0 72 0 90 0 0 85 0 0 23 0 0 0 0 80 0 0 0 1 0 0 0 0 40 0 0 0 70 91 59 0 18 0 0 0 0 0 0 25 80 0 0 0 64 0 0 0
0 98 37 0 0 0 0 0 0 0 0 75 84 0 64 0 0 0 0 0 0 0 58 0 0 86 0 0 0 0 0 0 0 77 13 0 0 0 0 93 17 0 0 21 0 0 0 0 0 0
0 71 0 0 0 0 65 0 0 0 0 0 8 0 0 0 0 0 0 0 0 0 18 0 0 0 0 96 0 0 0 0 0 52 0 68 0 99 99 14 22 0 0 48 53 0 0 68 0 0
75 0 18 0 46 0 0 0 0 0 0 0 73 0 0 0 88 68 0 0 50 35 0 21 0 0 0 0 24 81 0 0 0 0 0 0 58 27 0 0 0 0 0 0 0 0 0 0 0 0
0 0 0 0 7 0 0 0 0 0 0 0 27 0 0 0 0 0 0 0 0 0 0 0 0 0 0 17 0 0 0 0 0 0 0 0 0 0 0 0 0 0 0 0 0 42 0 0 0 0
64 0 0 0 0 0 0 89 0 0 66 0 34 0 74 38 21 0 0 0 0 0 0 0 0 0 0 0 97 0 1 0 0 0 0 22 0 11 0 0 90 0 0 0 6 0 0 0 0 77
0 79 0 34 0 48 66 0 0 0 0 0 91 0 0 0 0 79 5 0 0 0 0 73 0 0 0 0 0 42 0 0 0 0 32 0 0 0 64 94 0 0 0 0 0 0 88 0 0 87
0 0 0 0 0 49 0 0 0 0 0 0 0 29 0 0 0 0 0 0 0 0 0 0 0 0 0 0 0 0 53 0 0 0 0 0 0 0 0 0 0 92 70 64 0 0 29 44 33 0
0 0 9 0 44 0 99 0 0 0 0 0 0 0 0 59 0 0 0 45 30 0 94 0 0 0 0 15 0 0 0 0 0 0 0 0 0 0 22 78 54 0 0 0 0 69 0 0 0 0
0 0 31 0 0 85 0 0 0 0 0 45 70 0 48 0 0 0 0 0 0 75 0 56 0 0 0 0 0 0 37 0 14 0 0 0 0 0 0 99 0 51 0 0 0 59 0 0 50 1
0 0 0 0 0 1 0 71 0 0 0 0 0 0 0 0 0 0 0 0 23 0 0 0 0 0 93 0 0 0 0 12 1 81 0 0 0 0 51 0 0 0 0 92 0 0 0 0 0 0
2 26 0 0 0 0 0 67 0 0 10 0 0 0 8 0 47 41 0 0 0 0 19 0 0 0 22 46 0 0 0 0 0 0 0 43 0 0 0 0 0 0 0 25 29 58 0 0 0 0
0 0 0 77 46 0 0 0 1 0 0 0 0 19 21 0 0 75 0 61 0 0 0 0 0 99 0 0 0 71 0 69 0 0 0 0 0 0 0 0 0 0 0 0 0 0 11 0 0 0
0 0 0 0 0 43 0 79 0 24 12 0 90 0 22 98 0 0 40 0 0 0 0 0 0 0 0 0 0 70 0 0 0 0 0 0 0 0 0 0 0 0 61 0 0 0 0 35 0 84
0 0 0 71 69 0 0 0 0 0 0 0 0 0 0 0 0 0 0 4 0 84 55 61 0 0 0 0 0 0 0 38 3 0 11 0 35 0 0 93 0 39 0 0 0 0 0 0 0 0
0 0 0 0 0 0 89 0 0 28 52 0 0 0 0 0 0 0 0 0 70 0 0 52 0 0 26 65 47 0 0 54 0 69 0 0 0 0 0 0 0 0 0 0 0 99 28 0 54 76
15 0 0 0 51 0 78 0 0 0 0 23 34 0 68 0 0 14 0 0 0 0 0 0 0 24 0 0 0 0 0 0 0 0 0 0 0 0 0 0 0 0 0 0 0 0 77 11 44 34
12 0 0 0 0 0 0 0 0 21 91 0 33 0 0 79 0 0 0 50 0 0 0 0 0 0 0 0 0 0 0 0 0 0 0 0 0 0 11 0 0 0 67 0 0 0 53 0 0 0
11 0 0 0 0 0 0 0 0 90 0 78 0 9 0 33 0 0 0 0 0 0 0 0 0 0 0 50 0 0 0 0 25 0 0 0 67 0 0 36 44 30 0 0 0 0 90 38 0 0
0 0 0 0 8 0 92 40 0 0 0 0 0 57 45 45 0 0 0 0 0 0 30 0 27 0 0 16 17 57 0 0 0 0 0 80 0 0 0 65 0 73 0 70 0 12 0 0 0 0
0 4 20 0 0 0 0 0 88 52 71 0 0 0 0 0 0 62 65 0 0 0 0 0 0 0 0 0 0 0 0 0 0 18 0 0 0 0 80 0 0 0 0 0 1 0 0 0 0 53
0 0 0 0 0 30 0 0 52 0 29 0 0 43 89 0 0 0 0 0 0 0 10 0 0 0 0 31 70 49 0 0 0 0 52 0 55 20 0 50 0 4 7 0 0 0 0 0 0 46
79 0 0 0 0 0 0 0 0 17 0 35 0 0 0 0 0 0 0 0 9 0 0 67 0 0 21 0 19 0 49 0 0 0 0 0 0 0 0 0 0 0 0 0 0 0 0 95 0 0
5 0 0 4 0 0 0 0 28 0 0 65 0 0 28 0 0 0 90 0 0 0 0 0 0 23 0 0 0 0 0 0 67 0 0 18 0 9 0 0 31 0 0 3 0 0 94 0 0 0
0 0 0 0 0 67 0 94 61 0 31 0 0 0 0 0 68 0 0 53 0 56 0 0 0 0 38 0 79 0 0 0 0 0 0 75 0 0 22 0 0 11 0 0 0 0 0 52 0 38
0 0 0 0 0 0 0 81 69 0 51 0 0 0 97 0 0 0 0 0 0 0 48 24 0 0 0 0 0 0 0 0 26 0 17 97 0 0 0 0 0 0 35 36 93 0 0 0 32 0
0 22 0 0 0 0 47 0 0 0 0 0 0 0 0 0 0 30 0 0 0 0 0 1 62 98 0 0 0 0 0 0 0 0 0 0 0 0 0 0 0 0 1 0 0 0 76 0 0 0
94 0 0 5 0 0 50 0 0 27 14 0 0 0 0 51 0 0 0 0 0 0 0 0 0 0 0 25 94 0 0 0 61 0 0 0 0 0 51 48 0 0 0 75 0 93 36 0 17 0
0 0 58 0 11 0 77 66 0 0 0 0 0 7 0 0 0 24 0 0 0 0 42 0 0 0 0 0 0 0 0 0 53 69 0 2 81 0 0 0 0 0 0 0 0 0 0 0 0 0
0 0 0 34 0 0 0 74 0 0 0 0 92 0 0 0 16 0 5 76 38 0 0 0 0 0 0 0 0 0 0 20 85 0 0 0 5 0 15 0 0 0 72 0 0 94 0 14 0 0
0 0 0 0 90 0 22 84 0 0 0 87 0 0 33 0 60 0 0 0 20 0 0 0 0 0 36 0 0 78 0 0 0 83 0 0 0 0 0 0 0 0 90 0 97 0 0 0 6 0
94 0 90 0 0 8 0 0 0 0 0 0 0 90 0 0 0 0 0 0 0 0 54 0 0 61 0 0 0 0 44 0 0 0 0 0 0 32 89 0 47 0 0 0 0 0 18 0 0 0
67 0 58 0 0 0 0 0 38 0 0 0 0 0 0 0 0 0 0 94 0 0 0 70 0 60 0 0 0 0 0 0 0 0 0 0 88 0 0 16 31 72 0 0 0 0 0 0 0 77
