0 0 0 64 0 0 41 0 0 0 0 49 3 0 0 0 16 0 1 0
0 0 0 0 0 0 0 0 0 57 0 64 0 0 0 85 0 48 0 0
13 0 0 37 0 0 0 16 0 0 0 91 0 0 61 58 87 0 20 0
99 65 26 47 0 0 96 50 0 0 0 0 0 0 0 0 0 56 0 0
0 86 81 0 0 0 0 9 18 0 0 0 0 0 0 0 0 0 36 0
0 0 0 0 0 4 0 0 0 0 0 81 0 0 0 50 0 0 0 33
0 0 25 0 0 0 91 0 0 0 0 73 0 0 0 0 0 0 73 0
39 0 0 25 0 0 0 51 19 67 0 0 90 4 0 36 63 86 0 0
61 0 64 61 0 60 98 0 37 0 56 85 0 0 10 0 27 47 0 0
93 18 34 0 0 0 0 0 0 99 5 17 0 0 52 98 28 65 0 0
45 0 0 0 0 82 0 0 0 0 0 0 59 3 0 34 53 26 67 0
0 0 0 0 0 0 0 0 0 0 0 0 19 0 0 75 0 0 0 37
70 47 0 63 0 0 0 0 0 22 73 0 0 25 0 0 77 0 99 0
0 0 24 28 0 66 43 0 0 0 0 0 0 0 0 0 84 56 0 0
4 0 0 0 0 0 0 70 72 0 0 0 0 0 0 55 0 0 0 0
0 0 17 0 0 0 0 0 0 0 68 0 0 0 0 0 25 0 40 81
0 0 88 0 3 34 0 0 0 0 0 92 0 0 0 31 0 0 0 0
0 0 0 0 0 58 0 93 14 0 0 0 62 3 16 18 0 97 10 0
33 0 0 65 0 42 24 0 0 9 32 0 0 91 0 16 17 0 0 0
96 0 95 0 0 0 0 0 0 21 0 69 0 13 0 0 0 0 10 56
0 95 0 0 0 0 0 40 17 0 0 58 44 0 14 4 0 70 0 57
63 0 0 0 0 0 0 0 24 0 95 9 0 46 0 0 0 0 0 0
0 23 0 0 0 0 0 0 0 72 0 26 0 0 14 0 0 8 0 0
0 52 71 19 0 30 57 0 87 98 18 71 27 0 0 35 0 35 0 0
77 84 0 98 65 0 0 0 74 23 0 11 0 0 0 0 0 0 90 0
57 0 0 0 0 0 0 0 0 9 0 0 0 0 0 0 0 0 21 75
0 61 0 0 97 0 18 0 0 30 67 0 0 0 0 0 55 0 0 76
71 0 0 0 83 0 0 0 58 23 0 0 0 54 0 61 0 0 0 0
0 64 0 0 0 0 0 0 51 12 0 0 0 0 0 0 0 0 0 0
0 20 64 55 0 0 0 0 66 0 45 0 0 0 0 0 0 0 0 74
0 66 0 74 51 0 0 0 19 0 0 22 64 96 0 0 0 0 0 0
0 0 0 0 22 0 0 0 0 0 0 64 0 0 0 0 50 73 0 0
0 93 0 0 34 0 0 0 75 0 0 0 0 47 34 0 0 0 0 0
13 0 83 0 0 0 0 0 70 0 0 0 0 0 0 0 16 0 50 0
0 0 66 11 78 38 0 0 72 0 0 64 21 0 0 51 0 60 0 0
0 9 0 0 38 0 50 0 0 0 0 0 75 0 0 0 78 0 63 0
0 0 7 8 0 76 0 0 0 87 0 40 0 75 0 0 12 0 75 68
0 80 16 50 20 0 0 0 0 70 12 72 70 42 0 0 0 0 0 0
0 0 16 0 0 0 0 0 0 0 0 0 0 53 89 0 0 0 2 0
0 0 0 0 9 27 0 0 0 0 0 0 35 6 0 0 24 87 0 0
