0 0 0 0 0 0 0 0 0 0 92 0 0 0 0 0 0 75 0 95
0 0 0 0 0 0 0 1 33 0 52 0 0 0 0 0 0 0 75 0
0 0 0 0 0 0 69 0 0 0 0 0 66 23 0 0 0 0 0 43
77 0 0 0 0 0 0 0 0 0 1 0 0 0 71 71 0 0 0 0
0 0 0 1 0 24 0 0 0 0 0 0 0 0 0 0 0 0 0 0
0 0 0 92 0 0 0 0 0 0 0 0 0 54 0 0 0 0 0 0
0 0 0 0 0 87 14 70 0 0 0 0 0 0 0 0 0 0 0 32
96 0 88 0 0 83 0 0 0 0 0 0 98 38 0 0 0 0 63 0
0 0 0 0 0 45 0 0 22 50 0 0 0 0 0 38 0 0 0 0
18 0 53 32 84 0 2 0 68 0 0 0 0 9 0 0 0 0 57 0
56 0 0 0 49 0 0 0 0 81 0 0 0 40 0 0 0 0 0 0
0 14 0 38 75 0 0 0 0 0 0 75 0 0 0 52 0 0 0 0
0 0 43 0 0 0 0 24 0 2 0 0 0 0 0 53 0 0 0 0
0 58 0 0 0 97 9 0 0 0 42 0 0 0 0 0 0 0 0 0
0 0 0 0 0 0 2 0 0 0 51 0 0 0 18 0 0 0 0 0
0 0 0 0 86 0 0 13 0 0 0 0 0 6 0 49 0 47 11 0
0 0 0 0 0 3 0 0 12 0 22 0 0 0 0 50 0 0 0 0
0 98 0 0 76 0 0 0 91 0 0 0 0 0 0 0 0 0 0 0
0 0 0 0 0 0 0 0 0 0 0 2 0 0 0 0 0 0 4 0
0 0 0 0 0 0 0 0 65 0 0 0 0 50 0 52 0 0 0 2
