45 0 8 0 49 58 0 74 0 82
0 0 0 82 0 0 0 11 29 0
0 0 95 31 0 0 0 0 79 0
0 0 22 44 0 0 0 0 0 22
49 0 0 0 0 0 0 0 3 0
58 0 0 0 0 0 12 95 0 29
0 0 66 93 0 0 45 0 49 42
0 0 0 0 0 0 0 68 66 0
18 0 0 0 0 0 0 0 0 0
78 0 76 0 0 0 73 96 0 0
0 53 33 0 39 38 0 79 0 0
0 0 0 0 0 0 16 0 27 0
0 79 0 78 0 0 0 0 0 0
80 28 0 0 0 0 0 0 0 0
0 90 0 0 82 0 0 0 0 51
33 0 0 0 0 76 0 0 50 32
80 0 0 65 49 0 24 0 0 21
18 31 0 0 0 0 0 52 34 0
73 15 0 0 0 22 0 0 73 0
0 0 0 96 0 0 0 0 0 0
0 66 0 0 71 0 0 98 0 95
79 0 0 64 0 0 0 0 0 83
0 0 0 0 0 0 0 63 36 0
87 0 0 58 32 0 10 0 19 36
0 90 0 0 0 0 30 54 35 0
0 72 0 0 3 57 0 0 0 0
0 0 0 0 0 0 32 0 0 0
0 0 55 79 0 0 0 0 40 0
0 0 0 0 0 0 89 41 0 11
32 0 55 72 67 0 25 77 0 0
48 0 0 0 0 0 0 80 0 0
0 16 0 0 2 0 0 0 0 0
85 0 0 68 0 0 0 0 0 58
90 46 3 0 0 0 85 0 37 6
18 62 94 0 0 0 0 0 6 0
62 96 17 0 0 0 0 0 0 49
26 0 0 0 0 59 0 0 0 0
0 0 0 43 74 48 0 0 62 0
0 0 0 80 0 0 27 0 0 0
41 0 0 0 58 0 0 0 15 0
0 16 0 0 0 0 0 0 0 0
0 56 36 81 0 0 30 0 37 0
68 0 86 61 0 0 0 0 0 85
0 51 0 0 0 0 0 0 0 0
0 0 5 0 0 0 23 0 81 0
5 0 88 0 0 73 36 0 0 67
0 0 0 0 0 78 26 73 7 0
0 85 0 0 0 54 84 0 0 0
0 0 4 84 68 0 86 0 0 0
0 0 0 83 0 0 35 0 83 0
