0 99 34 0 0 43 0 0 2 0 0 0 0 44 0 58 0 97 0 0 6 57 8 0 68 0 0 35 0 88 0 0 0 0 0 0 72 0 0 0 89 0 0 0 97 0 0 0 13 0
0 14 4 0 51 0 8 0 0 12 0 0 17 10 0 6 51 0 0 99 90 0 0 0 98 0 0 0 0 0 0 69 0 0 0 0 0 0 0 0 0 0 0 56 84 0 0 0 0 0
0 0 0 82 0 0 0 0 0 0 0 64 18 0 3 74 0 0 0 98 0 0 87 0 14 0 64 0 0 0 0 0 0 0 0 0 0 0 0 0 0 0 0 16 0 0 0 53 0 0
0 87 91 0 0 0 36 0 0 20 16 0 0 0 0 0 38 0 17 0 0 67 23 7 0 68 0 0 39 29 0 7 63 0 0 0 68 0 0 0 0 0 0 0 74 48 0 0 75 0
0 0 61 51 0 53 0 0 0 0 0 0 0 0 0 14 7 0 0 0 11 15 0 0 0 0 0 0 0 0 0 4 0 0 66 0 71 2 46 0 0 0 36 64 0 0 0 57 0 0
2 0 0 68 0 0 0 10 92 32 0 0 0 0 0 0 0 0 18 0 0 59 73 0 63 0 58 43 0 19 57 0 0 0 77 0 0 47 0 0 0 73 86 0 11 0 0 0 0 0
0 0 19 0 0 67 0 73 22 0 11 0 0 0 0 0 0 0 90 22 0 0 89 0 76 0 34 0 0 41 0 0 0 66 0 0 0 0 0 2 0 0 10 79 42 77 39 5 0 49
64 0 75 0 0 0 58 0 0 73 0 0 0 6 0 0 46 0 94 51 0 0 0 0 0 0 0 0 44 0 0 56 29 0 0 0 70 0 0 0 0 27 0 0 0 0 0 0 0 0
0 0 0 72 0 38 33 0 0 0 70 94 69 0 0 78 0 36 0 24 23 99 65 57 0 77 0 86 0 0 0 64 0 49 0 92 0 0 0 0 21 0 64 0 0 0 32 0 0 0
0 0 0 0 39 51 0 22 0 38 0 0 0 0 0 0 0 44 15 68 66 0 0 0 55 0 0 56 0 0 20 0 0 80 0 0 10 0 0 0 88 71 10 29 0 0 0 0 0 0
