31 0 0 82 0 0 10 10 0 0
0 0 0 0 63 0 0 0 0 0
0 0 0 0 82 0 0 0 0 0
0 0 46 0 0 0 0 0 0 0
0 0 0 94 0 35 0 0 0 0
0 0 0 0 0 0 0 0 74 0
0 0 0 0 95 0 0 0 0 68
0 0 0 0 0 97 0 0 0 0
0 60 0 0 0 0 0 50 0 0
0 0 0 0 9 94 0 0 94 0
0 0 0 60 0 0 0 0 0 97
0 0 0 0 0 0 0 0 0 0
0 0 79 0 0 0 0 0 0 14
0 70 0 0 0 0 0 12 0 0
0 0 0 0 0 0 0 53 93 0
92 0 0 0 0 0 0 0 0 0
33 0 0 8 0 0 0 0 36 0
0 0 0 27 0 0 0 34 65 0
60 0 0 0 49 0 39 0 45 0
0 96 0 0 0 0 0 0 0 0
30 71 84 0 0 0 0 0 0 0
0 0 0 0 0 99 0 0 0 0
0 0 29 0 0 0 0 0 0 0
0 0 1 0 0 0 27 24 0 0
0 0 0 9 0 0 0 0 0 0
0 0 0 0 33 0 0 84 0 0
0 0 0 0 92 0 0 0 0 44
2 0 0 66 0 0 0 0 0 0
0 33 0 0 9 0 0 69 0 0
0 0 3 0 28 0 0 0 70 80
