47 0 88 0 0 0 0 0 68 0 87 0 0 0 0 0 60 0 0 0 0 0 0 0 0 0 0 0 91 0
0 32 0 19 0 0 0 0 0 0 0 0 0 0 0 40 0 0 0 42 0 0 38 0 86 0 0 0 70 0
72 0 20 0 83 0 0 0 0 0 42 0 0 0 0 0 52 67 26 0 53 0 7 0 0 68 62 20 0 0
0 0 70 0 29 0 0 87 0 0 0 70 0 0 0 0 0 7 0 0 0 53 0 31 0 98 0 38 0 0
0 1 0 24 0 0 0 0 0 0 37 36 85 0 30 37 0 0 0 0 0 7 0 0 51 79 0 76 86 0
93 0 0 0 0 43 0 0 0 38 0 0 0 0 0 0 0 79 0 37 54 84 0 61 19 0 0 31 0 0
28 0 24 0 0 0 0 0 41 59 0 0 0 0 0 67 49 0 4 0 0 47 0 30 53 0 0 0 57 0
57 0 0 47 0 0 0 0 14 0 0 0 0 10 5 0 0 61 0 0 0 0 0 33 0 0 0 0 21 0
0 0 0 0 0 0 0 0 0 0 52 0 86 0 0 30 60 0 0 0 0 0 0 0 0 0 0 0 0 0
0 0 0 0 0 0 0 73 31 28 46 82 57 0 0 0 0 0 0 0 61 0 0 0 0 0 0 0 0 0
0 0 44 70 0 0 0 0 0 0 0 0 0 0 0 62 0 0 0 41 0 0 59 0 0 0 0 0 0 42
0 0 0 0 0 89 43 0 69 21 0 0 43 0 93 0 29 38 0 74 0 43 0 83 3 0 50 0 0 0
2 0 0 0 54 0 0 0 63 0 0 0 57 0 59 0 28 0 95 0 0 0 0 97 0 0 0 98 37 0
73 0 0 0 0 3 0 83 13 0 9 40 0 0 0 0 0 0 0 17 0 0 0 58 0 19 0 66 85 0
0 0 0 0 53 26 0 0 0 78 0 0 20 59 63 0 0 0 63 0 0 0 0 55 82 90 9 62 0 0
89 0 0 0 0 14 0 0 0 0 0 0 0 73 0 0 96 57 0 73 0 77 0 0 0 0 0 0 4 0
68 0 37 72 0 0 0 0 0 25 0 0 0 0 0 3 0 0 0 88 0 4 0 15 0 67 87 0 0 0
86 0 15 48 7 0 11 0 0 0 0 31 87 0 0 82 0 0 0 7 0 0 0 67 8 0 96 67 0 0
0 69 90 41 0 65 62 54 0 29 76 18 0 80 0 0 42 0 92 13 0 43 0 0 0 0 0 95 0 0
0 0 70 7 0 0 0 0 0 8 78 41 49 0 42 66 28 0 0 0 0 0 0 76 20 0 2 10 0 0
85 59 0 0 20 80 0 0 83 0 0 36 0 0 0 0 0 66 43 0 0 0 0 0 8 10 7 0 0 0
95 0 60 75 83 0 78 0 0 77 45 0 0 0 52 76 0 0 67 0 20 0 0 0 52 31 41 0 83 4
62 0 0 0 0 0 0 0 0 0 99 17 84 5 0 0 0 82 0 87 0 22 0 33 35 0 0 87 58 0
55 0 0 0 0 0 93 0 0 33 0 0 0 0 68 0 0 0 0 0 7 41 49 96 0 0 0 97 0 51
0 0 0 0 0 0 93 0 0 45 62 45 98 0 0 0 0 0 0 0 50 0 0 99 32 0 0 61 0 0
16 0 63 0 79 0 0 39 0 0 0 0 0 66 0 0 0 0 0 0 55 0 0 0 0 0 0 0 0 0
0 0 0 0 0 23 27 0 0 0 64 0 0 0 0 15 0 28 0 0 0 0 83 0 0 0 0 79 0 19
12 0 61 0 0 0 0 0 0 0 0 36 0 0 0 0 0 70 0 0 70 4 88 0 0 27 0 0 0 0
0 61 0 0 0 48 0 0 0 0 0 0 0 0 0 0 38 89 25 0 14 62 0 0 0 0 91 0 14 0
39 31 0 0 0 85 0 0 57 0 0 96 0 0 0 60 0 0 88 0 0 0 0 0 0 66 0 0 93 0
