81 48 0 0 0 0 0 0 0 0 0 0 0 0 0 0 0 0 0 0 0 9 0 0 2 95 0 0 0 0
0 0 0 0 34 0 63 0 0 0 0 0 0 0 0 0 0 0 0 0 0 0 0 0 0 93 0 0 0 0
0 0 0 23 0 0 87 0 0 0 78 0 0 0 0 0 0 26 0 0 0 70 0 0 0 0 59 0 0 67
0 67 0 0 0 41 48 35 0 0 0 0 0 14 0 0 0 0 0 0 89 0 0 0 0 0 0 0 0 0
0 0 0 0 0 0 0 0 0 0 0 0 0 0 61 0 80 0 32 0 42 0 0 0 77 44 0 0 0 0
86 0 0 0 0 0 39 0 95 0 0 0 31 0 69 0 0 0 56 0 0 0 0 0 0 0 98 0 0 0
0 0 0 0 0 0 86 88 0 52 0 0 0 0 0 0 0 0 0 0 0 0 0 0 0 0 0 70 0 0
0 0 0 0 0 46 56 0 0 0 0 0 0 0 0 0 0 2 18 0 0 0 0 21 0 0 0 0 0 0
0 0 0 67 0 0 94 0 0 0 0 0 10 0 92 0 0 0 0 0 90 0 0 0 76 0 0 0 0 47
0 0 0 0 31 0 0 2 0 0 0 0 0 0 0 0 0 0 28 0 0 0 2 0 0 0 0 52 0 0
0 0 0 0 0 96 8 0 0 0 0 0 3 0 0 0 0 0 0 0 0 0 0 0 45 0 0 0 0 0
0 0 0 0 0 0 0 0 0 73 80 0 0 0 0 0 52 0 0 39 0 0 0 0 0 0 0 0 0 0
81 0 10 0 0 1 0 0 0 0 34 61 0 0 0 0 73 0 0 0 0 0 0 0 0 0 0 0 0 0
29 0 0 0 0 0 0 0 26 22 52 0 0 0 61 0 0 78 0 0 50 0 0 0 0 11 0 0 71 0
0 0 0 0 0 0 0 52 0 0 0 0 65 0 0 0 0 18 47 0 0 0 94 0 0 73 0 0 0 0
62 0 0 90 92 0 0 0 0 0 0 0 0 0 10 0 0 0 0 0 0 0 0 0 0 94 43 0 0 78
0 17 0 0 0 0 0 0 41 0 71 0 0 8 0 0 0 68 0 0 0 0 0 56 0 0 0 0 39 0
54 29 0 80 0 0 0 0 0 0 0 73 0 0 0 0 0 0 0 25 0 0 0 0 23 0 0 78 17 0
0 0 0 0 0 0 0 0 0 0 0 0 62 0 0 0 0 0 50 0 0 99 0 73 0 0 70 0 0 0
0 0 0 0 0 0 0 96 0 0 0 0 0 0 0 66 0 0 0 0 0 0 0 0 0 0 0 0 0 0
0 0 62 0 9 0 0 0 84 0 0 0 0 0 91 31 16 0 0 0 0 0 0 0 0 0 0 0 0 78
0 0 0 0 0 0 0 0 61 0 0 0 0 0 0 0 0 30 0 0 0 26 0 77 0 19 0 0 0 0
0 0 95 0 0 0 12 30 0 0 48 45 0 21 88 0 0 35 32 0 0 0 0 0 0 0 0 0 56 0
35 0 0 0 0 0 0 36 0 90 0 0 0 15 80 0 0 0 6 0 0 60 0 0 0 0 0 0 0 0
2 0 0 0 0 0 0 16 0 0 0 0 0 0 0 0 0 0 0 0 89 0 0 0 0 0 30 0 0 0
0 73 0 0 0 0 0 0 0 0 0 0 0 0 0 0 0 9 49 0 5 36 0 67 28 19 0 0 62 17
0 0 0 0 0 15 0 0 0 0 0 0 0 0 44 0 0 0 0 0 4 0 0 0 0 72 0 0 0 0
77 0 0 0 39 0 0 0 0 0 67 0 0 0 0 0 0 82 55 0 0 0 0 0 0 0 8 0 0 0
0 53 92 0 72 0 0 0 0 0 0 0 0 29 93 0 0 0 0 0 0 0 0 0 0 0 0 0 0 59
0 0 0 4 0 0 0 0 0 24 79 0 0 0 0 31 0 0 0 0 0 0 0 10 0 0 0 0 91 0
