0 0 0 0 0 0 0 0 0 0 0 0 6 0 0 52 2 0 0 0
82 0 0 0 0 0 0 0 0 0 51 0 0 0 48 0 0 0 0 0
60 0 0 59 0 0 23 0 0 0 0 10 0 0 0 0 0 0 0 0
0 59 0 0 0 0 48 9 0 0 0 0 0 0 0 0 0 0 74 0
0 17 0 78 0 0 0 76 0 0 0 0 0 0 0 17 0 0 0 52
0 0 0 36 0 98 0 0 0 0 0 0 54 0 0 35 0 49 0 0
0 0 0 0 0 0 17 0 0 0 0 0 0 0 0 10 0 0 0 0
0 0 0 0 0 0 22 0 0 91 0 0 0 0 0 0 0 0 90 0
0 0 0 0 0 0 0 2 0 0 0 0 0 0 0 0 0 0 0 0
74 0 35 76 0 0 6 0 69 0 0 0 0 0 0 84 0 0 0 38
0 0 0 0 0 0 0 0 0 0 0 0 0 0 0 0 0 92 0 0
4 0 0 48 81 0 0 0 3 0 89 0 0 0 0 49 0 0 0 0
85 0 0 0 0 11 0 0 0 0 0 81 0 0 0 28 0 20 0 0
24 73 16 0 0 0 0 0 0 0 0 1 86 0 0 0 0 63 42 0
92 24 0 0 0 15 12 0 0 0 0 0 7 0 0 0 0 29 0 8
0 0 0 0 0 7 0 28 0 0 0 0 0 0 0 0 0 0 1 0
80 0 73 61 77 0 0 20 46 0 0 0 0 0 96 0 78 0 0 0
0 0 0 0 0 15 63 0 0 14 0 0 0 0 0 0 0 25 48 0
0 0 0 93 0 81 0 0 0 0 0 0 0 0 58 0 0 0 0 53
77 81 0 0 0 54 69 0 64 0 0 58 46 0 85 3 0 0 0 0
0 68 0 0 91 0 45 0 16 97 33 94 0 0 57 0 0 0 0 0
0 0 0 0 0 0 0 0 26 0 0 0 42 0 0 12 96 0 0 0
0 0 5 0 0 79 0 0 0 0 0 0 0 0 0 0 58 44 0 24
0 0 0 0 0 0 0 4 82 0 0 48 0 49 0 0 0 0 0 0
0 51 0 0 95 0 0 7 96 0 0 0 0 0 0 0 0 0 0 0
0 0 0 0 0 14 0 0 0 0 0 0 0 0 0 0 0 0 31 0
0 0 0 0 0 0 90 0 0 0 0 0 0 34 14 0 74 0 0 0
0 28 16 54 0 0 0 11 0 25 0 0 0 0 41 0 0 87 0 0
86 46 0 94 0 0 0 91 0 0 0 25 36 60 0 0 0 0 0 0
0 0 0 0 55 0 0 0 35 17 0 0 39 35 0 0 0 58 0 0
0 0 0 94 0 0 75 0 18 75 0 20 92 0 22 57 0 0 0 0
65 0 94 0 0 0 0 0 85 0 0 0 77 0 0 0 0 0 0 66
0 0 0 61 0 0 0 0 0 0 0 0 0 0 0 0 48 0 0 0
26 0 0 67 0 0 0 0 0 0 0 59 0 0 0 0 0 0 0 0
0 60 0 0 0 10 76 22 71 0 0 0 61 0 0 5 68 24 0 0
0 0 84 5 38 0 49 0 82 89 94 0 0 72 0 0 0 0 0 0
0 0 19 0 0 43 12 44 0 0 0 89 0 0 0 0 0 19 0 0
92 0 0 0 0 0 0 0 0 0 0 0 0 0 97 0 0 0 0 0
0 87 0 0 0 0 0 0 0 66 0 0 54 54 0 21 0 0 0 97
37 0 0 0 0 0 0 52 0 0 0 0 0 0 0 12 36 0 0 0
0 0 0 0 0 0 0 34 0 0 0 0 36 56 43 0 0 9 5 70
72 0 0 0 0 0 0 0 0 0 0 0 0 9 48 35 58 0 0 0
0 0 0 0 0 0 0 0 12 0 28 0 0 0 65 6 0 0 0 13
0 0 0 0 0 72 0 0 0 0 0 0 0 0 0 0 0 0 4 42
3 0 8 0 0 0 0 0 0 38 0 0 0 0 0 0 0 0 23 0
0 0 18 0 0 0 0 0 61 0 0 67 0 0 0 0 0 40 0 86
84 0 0 0 14 0 0 0 69 0 0 0 0 92 15 0 0 97 0 0
0 0 0 0 0 0 0 22 0 0 0 0 0 0 47 8 90 41 0 0
0 0 0 0 42 41 0 75 0 31 0 0 0 0 0 0 0 0 0 49
0 0 0 0 81 97 66 0 0 0 0 82 0 0 0 0 63 0 0 0
