0 0 0 0 0 0 0 0 0 0 0 76 14 0 60 0 0 0 0 0 0 0 0 0 0 0 0 0 0 0 0 0 8 0 83 0 0 0 0 0
85 0 0 0 0 0 0 0 0 0 0 14 0 0 0 0 0 0 0 0 0 0 0 0 1 0 0 75 61 0 0 0 63 0 0 0 0 0 0 36
0 0 34 7 0 0 0 0 0 0 0 0 0 0 0 0 69 0 0 0 0 0 91 0 0 26 28 0 0 0 0 0 0 4 0 75 0 0 0 0
0 0 64 0 0 0 59 71 0 0 0 0 0 0 78 85 0 0 0 0 0 0 0 0 0 0 0 0 0 0 0 0 0 0 0 0 0 0 29 0
0 0 7 0 0 0 0 0 0 0 0 0 0 0 53 0 0 0 0 0 0 0 0 66 0 0 0 0 0 0 0 0 0 0 0 0 1 0 0 0
0 0 0 0 34 81 0 0 0 75 0 0 0 0 0 0 0 0 98 88 0 0 0 0 0 0 0 0 0 0 91 0 0 0 0 0 0 0 0 0
94 0 0 0 0 0 0 0 0 0 0 0 0 0 68 0 0 0 19 0 0 95 67 0 89 0 0 0 30 0 0 13 64 0 0 0 0 7 0 0
0 0 0 0 0 0 0 94 0 0 0 0 73 0 0 0 0 0 0 0 0 0 0 11 88 0 0 0 0 0 0 0 0 0 0 0 4 0 15 0
0 25 0 30 0 0 0 0 0 0 0 0 40 0 0 0 0 0 0 0 0 0 0 11 0 0 0 77 0 30 0 0 35 0 0 0 0 74 0 0
0 0 0 0 0 0 0 0 0 0 0 0 0 0 0 0 0 0 19 0 0 82 0 0 44 0 0 0 0 0 0 0 13 83 0 0 0 0 0 0
0 0 0 0 0 0 93 94 0 54 0 0 0 0 0 0 0 0 0 0 0 0 0 0 0 0 0 0 0 17 0 0 0 0 0 0 0 0 0 0
0 11 0 0 0 0 0 0 27 0 0 8 0 0 98 0 53 0 0 0 0 0 0 0 0 0 0 78 0 0 66 50 21 0 0 0 0 0 0 31
22 0 0 0 0 0 0 0 0 0 0 51 0 0 0 0 0 0 0 95 0 0 0 72 0 87 0 0 0 0 0 0 0 25 0 0 0 0 0 0
0 0 0 0 0 0 0 0 0 0 0 0 96 0 19 0 0 0 27 0 0 0 0 76 0 0 0 73 0 25 0 0 29 0 0 0 35 0 0 0
4 0 67 0 0 5 0 0 36 0 0 15 52 0 0 0 0 0 16 0 0 75 0 0 0 0 0 89 0 0 0 0 0 0 0 0 0 0 0 0
0 0 0 34 0 75 0 28 69 54 0 90 0 41 0 0 71 0 0 78 0 0 0 0 0 0 65 0 0 71 0 0 0 0 0 41 0 0 0 0
0 0 0 0 0 0 0 0 0 0 0 0 73 5 0 0 0 82 0 97 0 0 37 0 0 0 0 0 0 0 0 0 0 0 87 0 0 69 0 0
0 91 0 0 36 39 0 0 0 0 0 0 0 0 0 0 0 0 0 0 0 0 0 0 0 14 0 0 75 0 0 0 0 0 0 0 0 0 71 0
0 0 59 0 0 0 0 0 0 0 0 88 0 0 0 45 0 0 55 0 0 37 0 0 80 48 0 0 0 0 0 0 0 20 0 0 0 75 90 30
0 0 0 0 0 0 0 0 7 0 20 0 0 0 0 40 0 0 0 0 74 0 70 41 0 30 0 0 0 0 0 0 0 0 0 0 0 0 0 42
56 0 59 0 0 0 0 0 0 0 0 0 98 96 0 14 89 0 0 0 0 0 0 0 48 0 0 0 0 0 0 0 0 0 0 0 0 0 18 0
0 0 0 0 0 0 0 23 41 0 0 0 0 0 0 15 32 0 0 0 10 0 0 0 0 0 0 0 0 0 0 0 0 0 0 0 0 0 0 0
0 0 0 0 0 82 0 0 0 0 0 0 0 0 0 0 0 0 0 0 97 35 0 0 0 0 0 0 0 99 0 0 0 0 0 15 25 59 0 0
0 0 0 0 0 0 0 0 14 53 0 0 78 67 14 0 0 0 0 40 0 0 0 24 0 0 43 0 0 0 19 0 0 0 25 70 0 89 0 5
0 0 0 0 0 0 0 25 7 96 40 61 0 0 11 0 0 0 0 0 90 0 94 0 0 0 0 0 56 32 0 0 0 20 0 0 0 0 14 0
0 0 0 0 0 0 0 0 0 0 0 0 0 0 1 0 0 49 0 78 0 0 0 0 9 0 0 1 0 0 0 0 0 0 0 50 0 0 6 0
22 0 30 0 5 0 0 0 0 0 0 0 0 0 38 36 0 0 52 42 1 0 50 0 0 0 0 0 0 0 56 76 41 0 0 15 0 0 0 0
0 0 0 0 0 0 0 0 4 0 0 0 0 0 0 0 74 40 0 0 72 0 98 0 78 74 74 0 0 0 0 87 0 0 0 0 0 0 0 0
0 0 0 79 92 99 0 80 0 0 0 0 0 0 0 0 0 51 27 0 0 0 27 84 0 65 32 0 0 60 0 53 0 0 0 3 45 0 0 0
0 0 0 0 0 0 0 84 0 0 0 0 0 0 0 0 51 0 0 0 0 0 0 0 0 0 0 45 0 64 0 0 0 40 20 0 0 0 0 93
0 0 0 35 51 0 0 0 40 89 0 53 0 0 0 69 0 0 79 0 0 0 96 0 0 0 0 83 0 0 0 50 70 0 37 0 0 0 0 0
0 0 0 0 0 0 0 0 0 0 38 0 0 0 0 0 0 0 0 0 41 72 0 0 72 39 23 0 0 78 44 42 37 0 0 0 0 0 0 0
0 0 0 9 0 41 0 0 0 8 0 0 0 15 0 0 0 0 0 0 0 0 0 0 0 0 0 0 0 0 0 0 0 0 0 0 0 28 0 0
0 50 79 38 0 0 0 0 0 0 0 0 0 0 0 0 0 0 0 0 0 0 0 50 0 0 0 0 68 0 0 0 0 0 0 32 0 0 0 29
0 0 0 0 0 55 0 0 0 0 0 0 65 0 0 0 6 0 0 0 0 0 0 0 0 93 0 0 0 0 0 0 0 0 0 0 0 0 0 0
0 0 0 0 0 0 0 0 0 0 0 0 0 0 0 0 0 0 0 64 0 0 0 20 19 0 0 0 49 40 0 0 10 0 45 0 0 0 58 0
0 0 0 0 0 0 0 13 21 0 0 73 97 0 0 0 0 0 0 0 0 15 0 6 97 0 0 0 0 0 31 0 0 0 0 0 0 99 0 0
0 0 0 49 0 44 0 0 0 0 0 20 0 0 0 0 0 0 0 0 55 0 49 33 0 27 0 87 0 0 0 0 0 0 69 0 0 0 0 0
0 0 0 0 0 0 0 0 0 0 0 0 0 0 0 0 0 0 0 9 0 0 0 0 17 0 96 1 0 0 0 0 0 12 0 0 0 0 0 0
2 0 79 0 0 42 0 36 68 27 0 0 0 0 6 0 0 0 0 0 0 20 0 0 0 67 0 0 0 0 0 0 65 0 0 0 0 0 0 0
