54 0 51 0 0 0 0 0 0 0
0 0 0 9 0 81 20 0 81 0
0 0 76 0 0 37 46 0 24 94
21 0 0 0 23 62 25 0 0 0
82 0 88 67 70 63 0 0 0 0
23 0 0 0 73 14 80 21 71 0
44 0 0 53 0 0 4 31 0 0
0 0 0 0 0 0 0 82 2 0
0 0 0 0 35 57 0 0 0 0
0 70 88 0 0 0 0 0 48 77
0 0 0 41 47 42 0 63 0 0
93 0 0 0 0 0 0 0 0 56
0 0 16 0 77 0 0 0 94 0
0 0 98 78 0 0 52 0 0 48
0 0 0 0 0 0 0 98 0 0
0 0 13 0 0 0 0 0 0 0
19 0 32 0 70 0 61 0 0 44
0 22 0 0 0 0 0 0 0 0
0 74 0 93 0 0 0 0 0 0
0 0 12 0 83 0 0 0 58 0
0 0 43 0 38 0 57 69 0 96
0 42 0 0 0 0 87 0 63 0
0 1 0 0 0 71 0 92 0 15
0 35 41 0 0 0 0 92 61 0
0 0 61 0 0 0 0 0 0 0
0 0 99 0 47 0 82 41 0 0
0 0 74 0 0 89 71 0 0 0
87 0 0 67 0 84 39 98 0 0
0 0 0 0 0 0 0 0 0 0
36 0 0 0 0 0 0 0 0 76
0 0 0 0 0 0 0 0 68 0
37 6 0 0 0 15 16 6 0 0
0 20 0 46 0 0 0 51 0 0
0 0 0 68 0 40 0 0 43 21
3 0 66 0 0 0 0 13 39 0
0 64 0 0 0 0 9 0 0 43
31 0 0 0 49 0 0 0 28 72
74 94 0 94 61 14 27 0 0 0
53 29 0 0 40 0 0 0 0 0
0 0 81 0 0 0 90 94 0 7
