17 0 0 0 0 0 0 0 1 0
41 22 0 0 0 0 0 38 0 39
81 0 0 0 0 0 0 0 0 0
0 0 0 0 0 73 0 0 57 0
0 0 0 0 60 0 0 0 0 0
0 0 0 0 0 0 0 0 0 0
18 0 0 0 0 0 24 0 0 0
0 0 0 0 0 0 78 0 0 0
0 0 0 0 87 37 45 26 0 0
0 88 9 0 0 0 25 0 0 0
0 0 0 0 0 4 0 62 0 0
0 83 0 28 0 0 0 68 0 19
0 0 0 25 0 0 0 0 45 71
77 0 0 0 0 18 0 0 84 0
0 0 0 0 0 0 0 0 0 0
14 0 0 0 0 0 0 30 0 0
49 0 0 0 0 0 35 0 0 69
0 0 0 0 86 63 0 0 0 0
0 0 0 0 0 0 0 87 0 0
0 29 0 0 82 0 94 0 0 0
20 0 0 0 0 51 0 0 0 2
0 0 0 0 0 0 0 0 0 0
0 0 0 0 0 98 0 0 41 0
56 0 18 0 0 0 0 0 0 0
0 0 0 0 0 0 0 0 0 0
71 0 65 0 0 0 0 0 0 0
0 0 0 0 95 0 0 0 0 0
0 0 67 0 0 0 0 0 41 0
30 60 0 0 0 0 0 0 0 0
0 0 0 0 58 0 0 0 0 0
0 0 0 80 0 14 0 0 0 30
0 0 0 11 68 0 82 38 5 0
81 0 0 0 0 0 0 0 0 0
0 0 0 0 0 0 0 0 0 0
0 0 0 22 22 0 0 0 0 0
0 0 0 75 0 58 0 0 0 0
0 0 52 48 0 0 0 0 0 0
0 0 77 0 0 0 0 0 0 0
0 44 76 0 96 36 0 82 0 0
0 0 0 0 0 0 0 0 0 0
