0 50 0 0 0 0 0 0 0 0 70 0 33 20 0 0 0 0 0 0
0 42 0 96 0 0 0 0 0 0 82 0 0 0 0 0 0 0 0 0
0 0 0 0 0 0 0 65 0 0 0 0 0 9 0 70 0 0 0 0
0 0 0 0 0 98 72 94 0 50 0 79 0 95 0 0 0 63 63 0
0 0 0 0 82 86 0 0 0 0 0 93 58 0 0 0 63 71 0 0
0 0 0 0 56 0 0 99 0 0 0 0 0 0 0 0 0 16 0 0
0 0 0 0 1 0 4 65 0 91 0 0 0 0 0 0 0 0 0 0
3 51 0 56 0 0 0 0 0 0 0 0 0 0 0 0 0 0 67 0
0 97 0 0 0 0 0 0 0 51 0 0 0 0 26 0 25 0 0 0
0 53 22 45 0 63 0 16 0 0 0 0 0 85 0 0 77 0 0 0
78 0 9 0 14 87 0 0 0 0 61 93 65 0 0 0 50 0 0 0
29 36 0 0 0 0 0 42 0 0 0 0 0 0 0 0 0 0 0 0
0 0 0 0 0 0 0 0 12 95 92 0 86 0 0 0 66 0 0 0
0 0 0 0 0 0 0 64 12 0 9 80 0 0 0 0 0 0 0 75
0 0 0 59 0 0 0 0 0 0 17 0 0 0 0 0 0 0 0 0
0 2 0 0 0 0 0 0 0 0 0 76 81 0 0 0 0 15 0 52
0 0 0 70 0 0 0 0 0 0 0 74 0 0 0 90 0 0 78 0
0 0 0 0 0 0 0 0 74 0 0 0 0 0 0 0 0 0 0 0
30 0 0 79 0 4 17 0 0 0 0 0 0 0 0 0 0 0 0 0
12 0 0 0 30 0 0 0 0 0 0 0 0 0 18 0 64 0 0 0
98 0 0 19 0 0 0 0 0 0 0 0 0 85 0 0 86 0 18 0
0 79 0 0 0 0 96 0 14 0 60 62 0 0 0 0 0 0 0 0
80 30 0 29 0 0 0 0 0 27 48 0 20 0 0 81 0 0 0 0
0 9 0 26 0 0 0 0 0 0 83 0 0 0 0 0 93 95 0 29
0 0 0 0 0 7 0 0 0 22 0 0 0 50 0 89 33 0 72 0
0 0 0 40 0 78 0 33 0 0 72 0 0 0 0 0 0 24 0 0
0 0 0 0 0 0 37 0 0 0 21 0 0 30 0 0 0 0 0 0
0 0 0 30 38 0 0 0 0 8 0 7 0 0 23 0 0 0 0 32
34 0 0 0 0 57 22 0 0 0 0 0 0 10 9 0 59 0 0 21
94 57 74 0 46 0 0 0 0 64 0 0 0 0 75 0 99 0 0 0
0 26 0 0 0 0 14 0 0 0 0 0 0 0 2 0 0 0 31 97
0 0 0 40 0 0 0 0 0 0 0 0 39 0 0 0 0 30 0 87
0 0 0 0 0 0 87 75 0 0 0 0 0 0 98 0 0 0 0 0
0 0 0 0 0 64 0 48 0 0 0 0 5 0 38 0 52 0 0 95
76 0 0 0 0 0 0 32 0 0 0 0 73 45 0 0 68 53 87 40
26 28 0 0 0 0 0 0 95 0 0 0 0 0 0 0 0 48 0 0
0 0 20 0 0 0 30 66 0 0 0 0 0 0 0 75 0 0 0 0
0 4 0 0 0 0 0 45 0 0 44 78 0 0 45 0 0 12 26 0
0 47 0 0 66 0 64 56 98 0 0 0 0 0 50 0 30 0 0 0
0 0 31 0 64 0 0 0 0 0 0 0 0 5 0 0 59 0 0 0
