0 94 0 0 0 94 0 84 0 58 15 71 0 0 20 0 0 0 67 0 51 56 0 0 0 0 0 20 35 36
25 0 0 0 0 0 0 78 0 32 0 0 21 0 0 0 0 0 0 0 0 0 0 0 0 0 0 0 0 0
0 86 0 29 0 29 71 11 0 35 0 0 73 0 26 0 0 0 0 0 0 0 0 0 0 0 55 0 0 0
0 25 77 0 21 36 0 0 0 0 16 0 0 0 0 0 0 0 0 0 0 84 0 22 0 76 0 0 88 0
40 0 0 0 0 0 0 41 0 0 0 50 71 34 42 0 0 4 7 0 0 0 0 63 0 0 0 0 2 51
0 0 0 0 0 0 0 0 0 0 0 0 0 0 0 47 0 44 28 0 0 0 0 0 55 92 0 0 0 20
29 91 0 42 87 0 0 0 0 20 0 0 0 0 0 0 0 0 0 0 95 0 59 48 0 0 61 0 99 0
0 76 0 0 0 18 0 0 15 0 0 0 0 9 0 0 17 0 84 0 0 0 0 85 0 15 86 0 0 0
13 0 0 21 0 34 2 95 0 0 0 0 22 45 0 0 74 0 0 15 95 0 0 0 34 0 0 0 0 83
6 49 70 22 0 0 77 94 10 0 37 0 0 69 72 11 0 0 3 0 0 0 0 0 19 0 0 0 0 0
