0 51 0 0 0 0 38 0 0 10 19 0 0 76 0 0 0 0 0 0 0 0 31 0 0 0 81 0 0 0 0 94 0 92 0 0 0 0 12 0 0 0 0 0 0 0 0 65 0 20
0 0 0 0 0 0 0 98 0 0 0 0 0 0 0 0 60 87 4 0 87 0 91 0 94 0 0 49 0 0 0 0 0 0 0 0 11 0 0 0 0 85 0 30 0 0 0 0 0 0
0 0 20 51 0 8 73 48 0 0 0 0 0 0 0 0 0 0 53 0 0 73 0 0 0 0 0 0 0 0 0 0 0 0 0 0 82 0 0 0 0 33 0 0 0 0 0 0 0 0
9 0 0 0 0 45 0 0 0 0 0 0 0 0 0 0 13 38 0 10 0 37 0 0 0 0 0 0 22 0 36 0 0 0 0 0 0 0 0 63 72 0 0 0 0 0 0 85 0 0
91 0 0 0 3 5 0 0 0 0 0 0 0 0 0 0 0 0 0 86 21 0 6 0 0 0 0 0 0 0 0 0 0 0 0 19 49 0 0 0 97 75 0 0 0 0 51 0 0 0
0 0 0 0 0 0 0 0 56 0 0 84 0 0 0 0 88 0 0 8 0 0 0 0 0 6 0 0 0 31 0 84 0 79 23 0 0 0 0 0 5 0 0 0 50 0 0 14 68 0
0 0 0 0 0 65 0 0 0 0 0 0 0 0 0 0 0 0 0 0 0 83 0 37 0 0 0 98 86 0 2 0 0 0 79 0 0 15 0 0 0 0 0 0 0 0 0 0 0 0
20 0 44 0 0 0 0 0 0 0 0 0 0 0 0 0 0 0 0 92 0 0 95 2 0 0 0 0 0 0 85 0 42 0 56 0 0 0 0 0 0 0 0 0 0 0 0 0 23 0
0 0 0 0 0 0 0 0 0 0 4 0 0 94 0 0 0 0 0 87 0 0 0 0 0 0 0 25 0 0 0 2 92 0 79 15 0 0 0 0 0 0 0 0 0 0 0 0 0 0
0 0 0 0 36 8 0 0 28 73 0 0 32 0 0 0 0 0 0 0 0 0 0 0 0 0 0 0 0 0 0 0 0 0 0 0 0 0 99 0 0 0 0 0 0 0 81 0 0 0
0 0 0 0 0 0 0 0 0 0 0 0 0 0 0 0 0 30 0 0 0 87 0 0 0 65 0 0 0 0 0 0 91 0 0 0 0 0 0 0 35 0 0 0 2 0 69 0 0 0
0 0 0 0 0 0 0 0 19 0 0 0 0 50 0 0 0 0 0 6 0 0 0 92 0 0 0 88 0 0 0 59 0 0 0 84 0 0 82 0 30 75 0 0 0 52 0 91 78 0
0 0 0 0 0 0 0 0 0 0 0 0 0 0 0 0 0 0 0 26 0 0 0 0 0 0 0 76 0 9 0 0 24 0 53 0 0 0 0 0 0 0 0 0 7 28 51 0 0 0
0 0 0 0 0 0 0 70 0 66 81 0 0 0 41 0 0 0 0 0 0 0 0 0 0 0 0 0 0 0 0 0 65 0 0 78 0 0 0 0 0 70 0 0 0 0 76 81 0 0
0 0 0 0 41 0 0 0 0 0 0 0 43 0 0 25 0 0 0 11 0 0 0 0 0 0 0 0 0 0 4 0 0 0 0 89 0 0 0 61 0 0 0 16 36 0 12 0 0 0
0 0 0 0 0 0 0 0 0 0 0 0 0 76 11 46 0 83 0 0 0 79 0 0 0 0 0 13 0 0 0 0 0 0 0 0 0 0 0 53 0 0 0 0 0 0 0 0 0 0
91 0 49 0 0 0 0 0 0 66 0 62 0 0 0 0 0 61 0 0 95 0 78 0 0 0 0 0 25 0 0 0 0 96 36 0 0 0 0 0 40 0 0 3 0 0 0 0 0 0
0 0 92 0 58 0 0 0 0 0 0 17 0 0 0 57 0 0 0 0 0 23 0 0 0 0 0 0 0 77 0 0 20 0 0 0 85 0 12 0 0 0 0 0 57 0 0 0 0 31
0 0 0 11 40 0 0 0 0 0 0 13 0 0 0 0 0 0 23 0 0 0 0 94 8 0 0 0 0 0 0 0 0 0 0 0 2 0 0 0 46 0 0 0 0 0 62 0 0 0
0 82 66 0 0 0 0 11 0 0 45 0 0 0 99 0 0 0 0 0 0 0 0 0 0 0 0 0 96 0 0 59 0 0 0 0 15 82 0 0 0 0 23 0 0 0 0 0 0 0
0 0 0 0 0 0 0 0 0 0 0 40 0 49 0 64 0 54 72 0 0 0 0 0 0 0 0 0 0 0 0 0 0 0 86 0 0 0 0 45 0 0 0 0 0 0 0 0 0 0
0 0 0 0 0 0 0 0 0 0 0 0 0 0 0 85 5 0 0 79 0 0 49 0 0 0 0 0 0 0 0 0 93 88 0 0 0 0 0 57 0 0 0 0 0 0 0 0 0 93
0 0 38 0 0 0 0 0 0 0 0 0 0 0 0 0 39 0 0 0 81 0 0 0 0 0 0 96 0 66 0 25 0 0 17 0 0 1 0 0 0 0 38 0 0 0 0 0 39 0
0 0 0 0 0 20 0 0 0 0 0 0 79 0 0 0 19 0 0 0 66 0 0 0 0 0 0 0 0 0 0 0 0 0 0 87 0 0 75 0 0 0 0 0 0 0 0 0 0 0
0 0 43 52 0 0 0 0 0 0 0 0 0 0 73 43 0 0 0 0 0 0 0 0 0 63 18 0 58 0 0 0 53 76 0 0 0 26 53 0 0 0 9 0 0 0 0 58 0 0
0 0 0 0 0 0 0 84 0 0 0 0 0 0 0 0 0 0 0 0 0 33 10 0 0 0 0 0 1 0 0 0 0 26 0 0 0 39 0 0 75 0 90 55 0 0 0 0 0 40
73 0 0 0 0 0 0 0 0 0 25 0 0 0 0 0 0 0 0 0 0 0 0 0 17 0 82 71 0 0 0 0 0 0 0 0 0 0 83 18 0 0 0 0 0 0 0 74 0 0
0 0 77 0 0 0 0 0 0 0 0 0 0 0 0 0 42 0 0 0 0 54 0 77 0 0 0 0 63 67 0 0 0 23 56 0 0 0 0 96 0 12 0 90 0 0 0 18 0 0
0 0 0 0 5 0 0 0 0 0 0 0 0 92 0 84 0 76 86 0 0 0 0 0 71 28 0 24 0 33 0 0 0 67 0 0 0 68 0 0 21 0 0 0 0 0 0 0 0 0
78 0 0 89 98 0 72 0 0 0 0 0 0 0 0 47 0 3 0 0 0 0 0 0 0 0 0 8 11 0 0 81 60 0 55 0 18 0 0 0 0 0 0 0 0 23 0 0 0 0
0 6 0 25 0 0 0 77 0 0 0 0 64 0 24 0 0 70 0 0 0 0 0 0 66 0 0 0 0 0 0 0 0 0 0 0 0 0 0 66 0 74 0 22 0 0 0 89 99 0
0 0 14 0 7 0 0 35 0 0 0 0 0 0 0 0 0 52 0 0 91 0 0 0 0 0 0 0 0 0 0 0 0 0 0 0 0 34 55 0 0 83 0 0 0 0 0 60 0 0
54 0 0 43 95 0 1 0 0 0 0 0 0 0 24 0 0 0 56 85 89 0 0 94 67 0 0 0 0 0 0 0 0 0 4 95 0 79 0 93 0 21 0 0 0 0 0 0 0 0
0 0 0 0 0 0 9 0 0 0 0 0 0 0 0 0 0 0 0 0 0 0 0 0 0 0 0 0 0 0 0 0 0 0 0 0 0 0 0 0 0 12 0 0 0 0 0 0 0 0
0 0 0 0 0 0 0 0 0 0 0 0 0 0 79 60 0 68 0 0 0 0 0 0 0 67 0 0 19 0 0 0 0 0 59 0 0 0 0 52 0 0 95 0 0 0 0 0 44 20
0 0 0 0 0 0 0 0 0 0 0 70 0 85 0 0 0 94 0 0 84 0 0 0 0 0 0 30 9 0 0 0 0 0 0 0 0 0 0 0 41 0 61 0 0 72 0 0 0 0
0 0 0 0 0 0 0 0 0 0 0 0 0 0 79 0 64 0 0 0 18 0 0 0 0 18 0 0 0 0 0 0 0 0 0 0 0 0 0 0 0 0 0 0 63 0 31 0 15 0
0 0 0 0 0 0 21 0 31 0 0 0 57 0 0 21 0 0 0 0 0 0 0 0 0 0 0 36 0 0 0 0 89 0 0 34 39 87 0 0 0 1 0 0 0 8 0 0 0 0
36 0 0 0 0 0 80 0 0 0 0 0 0 0 0 0 0 0 0 0 37 0 0 0 0 0 9 55 0 80 0 0 0 0 0 0 0 0 46 0 0 79 0 0 0 0 0 0 0 0
0 37 0 23 0 39 79 0 0 45 0 0 0 0 0 5 0 57 0 0 92 0 28 0 43 0 0 20 0 68 0 4 0 0 0 53 0 0 48 0 0 0 0 0 0 0 0 0 17 0
0 0 0 0 0 0 79 0 13 0 8 0 0 0 0 0 0 0 0 0 0 0 0 73 0 0 0 89 0 39 90 0 0 0 0 0 0 0 0 0 0 84 0 0 0 40 0 0 0 45
0 0 0 2 25 0 0 0 0 0 0 0 0 0 0 20 0 0 0 0 27 0 0 0 0 0 0 0 32 0 0 0 0 0 0 0 0 0 0 0 64 0 0 35 0 0 79 0 0 0
0 0 0 32 0 0 0 0 0 59 0 83 0 0 0 18 0 0 0 13 0 0 0 0 0 57 0 71 0 0 0 0 0 96 77 0 0 12 0 0 0 0 0 0 0 0 0 0 0 92
0 0 0 0 0 0 68 0 17 0 0 0 0 0 23 0 0 0 0 0 0 0 54 16 0 0 0 0 0 0 0 0 14 0 61 22 0 0 67 0 0 84 0 0 0 0 63 0 91 0
0 0 0 96 78 0 0 0 28 0 0 0 0 0 0 0 0 0 0 0 8 4 0 0 0 34 21 0 68 0 0 0 0 0 69 0 34 0 44 0 0 0 0 0 97 20 0 36 0 0
34 0 0 0 0 0 0 0 0 0 0 0 0 0 0 0 0 0 0 38 0 0 12 38 0 0 97 0 46 0 0 0 0 0 0 59 0 0 70 0 0 0 31 0 0 0 0 0 0 0
0 0 59 0 0 60 85 0 76 0 0 0 0 0 0 0 0 0 0 0 0 66 0 0 0 0 0 0 0 0 0 0 0 0 67 0 0 0 0 0 80 0 63 65 31 0 0 0 0 0
0 0 0 0 0 0 0 0 0 0 0 0 0 0 0 84 0 47 0 0 0 83 85 0 0 0 0 88 0 0 0 0 0 0 54 0 48 10 0 0 40 0 0 0 52 0 79 0 0 0
0 40 61 0 0 0 0 0 0 56 0 0 0 0 0 0 0 0 0 0 0 30 0 76 0 0 0 0 0 0 0 72 8 0 0 0 0 0 0 0 0 0 0 0 0 0 88 5 0 0
0 0 0 0 0 21 0 0 21 0 0 92 0 0 0 0 0 0 0 0 0 0 0 0 43 0 0 0 0 16 0 0 0 0 0 0 45 0 0 22 0 0 0 0 0 5 57 0 0 0
