0 0 0 0 0 0 0 0 0 79 0 0 0 0 0 0 0 67 0 0
0 0 0 0 0 0 0 0 27 0 0 32 0 0 34 72 0 0 0 64
0 0 0 0 0 0 47 72 60 86 98 87 0 19 0 0 0 0 68 0
0 0 0 0 0 82 67 0 0 0 0 0 0 0 96 43 0 0 0 0
0 0 90 0 0 0 0 58 0 0 3 0 98 0 59 0 0 0 27 0
0 51 0 0 79 0 0 0 0 0 0 15 0 0 0 0 0 0 20 0
37 0 0 0 0 0 0 0 0 0 0 0 10 76 5 0 0 59 0 0
0 18 0 91 0 0 0 0 23 0 0 0 0 0 0 91 0 0 0 0
80 0 0 0 0 0 0 96 40 0 0 0 0 0 0 0 0 0 0 0
0 0 0 0 0 0 0 0 0 0 0 0 0 0 0 0 0 0 0 0
0 0 0 0 12 0 0 0 0 0 0 0 0 0 0 33 0 0 0 0
0 4 0 0 0 0 0 29 0 0 8 28 0 0 0 0 72 0 82 0
0 27 0 0 0 0 88 0 0 17 0 0 0 0 0 0 98 0 0 0
0 83 0 0 0 0 0 0 0 12 0 0 79 0 0 0 0 0 0 0
0 0 0 0 0 0 0 0 0 0 0 0 0 0 0 0 0 0 0 0
69 0 0 0 0 0 0 0 0 96 0 0 0 0 0 0 0 0 0 92
0 38 0 91 0 12 0 0 86 0 0 0 31 66 0 0 0 0 0 0
0 0 0 0 0 0 0 0 0 25 0 0 0 0 13 99 0 0 0 0
0 0 0 0 0 0 0 0 0 0 0 0 0 0 43 0 48 0 0 7
0 95 0 14 0 0 0 17 57 0 0 0 0 0 0 0 0 0 0 0
83 0 0 0 0 64 0 0 11 40 0 0 81 0 0 84 96 0 0 0
66 0 0 0 0 0 0 0 0 88 0 0 0 0 0 0 0 1 0 83
0 0 0 32 0 23 25 39 0 94 0 0 0 0 23 0 0 0 0 7
0 0 41 0 0 0 0 0 0 0 0 0 0 0 0 0 0 0 0 0
0 0 37 30 0 0 0 0 0 0 0 0 0 0 0 0 0 0 0 0
0 43 0 0 0 0 43 0 77 0 0 0 0 69 0 0 68 55 0 21
0 0 43 81 88 0 93 0 0 0 0 0 69 7 0 0 98 0 0 0
22 0 86 0 0 0 77 0 0 56 0 0 0 0 0 33 0 0 0 14
0 0 0 0 0 39 0 0 0 29 0 0 63 0 0 28 0 0 0 0
0 0 0 0 0 0 0 0 3 0 0 25 95 49 0 69 0 0 0 0
0 86 0 24 42 0 0 0 0 0 77 21 0 0 0 0 0 0 0 0
0 0 0 26 0 0 0 0 0 58 0 0 0 0 0 0 0 0 0 0
0 0 0 31 0 0 0 0 78 57 0 0 60 0 0 0 0 0 0 0
0 0 0 0 68 0 71 0 45 0 0 0 0 61 90 0 0 0 0 0
0 0 0 0 0 63 0 0 0 0 0 0 0 0 47 0 0 0 0 0
0 0 0 0 0 35 0 0 0 0 0 0 0 0 0 0 0 0 0 95
0 0 52 85 0 0 6 0 0 0 0 0 0 0 38 0 0 0 0 0
0 0 0 0 0 65 0 0 16 0 0 0 0 17 0 86 0 64 58 0
83 99 0 0 0 0 0 0 0 41 0 0 0 0 0 0 0 0 93 0
0 0 0 90 0 0 0 73 49 0 0 0 7 3 0 0 15 0 0 0
0 0 35 0 0 0 0 0 0 0 0 40 0 0 86 0 0 19 0 0
0 0 0 0 0 0 0 0 0 0 0 0 4 88 34 0 0 0 0 0
0 0 0 0 0 16 0 0 0 0 0 81 0 59 83 0 51 0 43 0
0 0 28 0 0 0 0 0 0 0 0 0 0 0 0 40 0 0 68 0
0 58 0 0 0 0 0 0 0 47 0 0 0 0 0 0 0 0 0 0
0 0 8 0 0 0 0 0 0 0 90 0 0 0 0 89 0 95 0 0
0 0 0 0 0 0 0 0 0 0 9 0 0 0 0 20 16 0 0 26
0 0 0 0 0 10 0 0 0 0 0 0 0 0 0 0 0 0 0 0
0 0 0 87 0 0 0 0 78 0 0 0 0 0 0 16 0 0 0 0
64 0 0 0 0 0 0 0 0 94 0 0 0 0 0 69 0 0 53 0
