0 0 48 0 0 0 0 0 0 58 0 0 6 0 0 0 0 0 0 74 0 0 50 0 0 0 0 0 76 0 0 0 0 0 0 0 72 0 0 0
0 0 0 0 47 0 36 0 23 0 60 0 53 0 0 0 0 61 40 0 0 0 0 57 0 0 0 0 0 65 0 8 1 0 0 0 0 98 52 0
4 0 0 79 0 0 40 0 0 0 0 61 0 57 0 31 6 0 82 0 0 0 0 0 0 63 66 0 0 0 0 0 0 0 0 0 82 0 0 0
0 0 0 0 0 0 82 18 0 99 0 0 76 0 0 0 0 10 0 0 30 0 0 0 0 34 0 0 34 0 0 0 0 54 0 0 0 0 0 0
71 0 0 25 0 0 0 90 0 0 42 0 0 0 0 0 38 15 0 88 0 51 0 0 0 3 26 19 0 68 93 0 0 10 0 0 12 0 0 0
0 55 0 0 77 26 0 95 25 58 0 0 0 57 47 0 0 25 0 0 84 0 85 95 0 0 0 0 0 0 19 0 0 0 30 0 34 77 60 0
32 0 0 0 0 0 0 0 5 79 0 0 0 0 16 0 0 56 0 0 34 0 37 0 0 0 98 0 0 0 45 0 0 0 0 0 0 0 0 0
0 99 0 0 71 33 0 0 0 76 0 0 0 0 0 26 0 18 0 0 0 0 0 0 0 0 0 69 53 0 99 21 4 0 0 0 0 0 0 20
70 0 0 0 0 24 0 0 0 79 67 0 32 3 0 0 0 0 0 51 0 14 0 36 52 0 0 4 0 0 0 68 54 0 92 0 43 0 0 0
0 35 0 0 99 0 0 0 89 0 23 64 12 0 93 11 75 48 0 68 0 60 0 0 0 0 0 0 0 0 0 0 78 0 2 0 0 0 51 53
0 0 0 0 0 0 0 0 70 0 0 4 39 3 0 0 21 0 0 0 0 77 0 33 38 37 0 0 0 52 0 8 0 49 1 79 0 54 0 61
0 0 0 4 0 0 23 25 19 0 89 0 34 87 64 0 0 0 0 83 22 0 0 0 83 0 42 46 0 2 0 0 2 0 0 0 0 0 0 0
0 0 0 0 0 0 0 0 0 0 0 0 27 0 63 41 0 0 0 0 0 43 79 3 0 0 95 0 0 0 0 0 12 0 0 0 0 0 79 0
0 0 46 0 0 18 0 0 0 5 0 0 0 0 98 54 61 0 0 0 0 0 0 0 22 0 2 0 0 0 0 49 0 0 0 0 0 0 0 0
0 0 59 0 0 0 0 0 0 65 64 82 0 77 0 0 59 0 8 52 0 0 0 0 0 52 0 79 0 0 0 66 54 20 0 56 11 0 0 99
0 0 56 0 26 88 49 25 82 45 0 69 94 0 22 10 0 44 0 0 0 0 52 39 0 0 0 0 0 0 0 0 47 0 3 0 0 0 0 0
48 0 10 0 0 47 0 0 0 13 67 0 0 8 0 0 0 0 0 0 61 19 55 0 25 0 0 0 0 0 18 0 43 0 0 0 66 0 0 0
0 70 0 30 0 0 0 0 23 54 47 0 0 0 0 28 0 0 25 66 0 0 0 0 0 0 0 0 60 0 0 0 75 0 0 0 5 32 2 54
0 0 0 68 0 97 0 0 54 0 39 0 0 40 0 0 72 0 0 43 25 0 14 4 6 29 0 29 0 24 9 83 21 0 22 0 0 0 75 85
97 0 76 0 98 0 0 86 0 24 0 0 83 0 0 24 0 63 0 4 0 0 0 53 0 0 68 0 70 0 3 0 0 0 0 0 0 0 6 0
0 0 40 0 0 0 0 51 29 0 70 0 0 0 0 0 0 85 0 55 0 74 54 0 0 0 51 91 0 70 0 0 43 18 0 97 15 0 0 0
54 75 0 4 37 0 90 0 6 0 0 0 73 15 0 0 58 7 0 0 0 0 1 0 0 0 0 98 21 0 83 10 0 0 0 0 0 0 0 0
0 0 95 0 0 0 0 0 80 0 0 0 0 0 0 80 0 26 42 0 0 0 0 0 0 0 0 0 13 96 0 14 0 0 60 42 96 0 88 54
50 0 62 0 0 0 82 0 0 98 0 63 0 0 20 58 0 0 0 75 0 0 0 0 0 0 32 0 0 0 0 0 72 18 0 0 4 0 0 0
0 12 15 0 19 0 0 0 57 0 50 0 99 0 69 69 0 76 0 0 0 0 15 0 0 13 0 0 0 81 45 68 68 0 0 0 56 7 84 0
0 21 41 0 81 0 0 0 0 0 0 16 45 0 0 0 0 0 77 42 0 0 0 12 0 0 0 0 0 0 0 0 0 0 26 0 81 0 2 56
0 0 0 0 0 0 87 0 0 0 0 0 0 0 0 74 0 0 0 0 0 0 0 0 0 0 89 0 9 0 42 0 0 0 5 0 0 0 0 40
2 0 0 0 76 88 0 54 0 0 0 0 55 0 0 7 0 0 0 93 0 97 0 0 0 0 21 62 0 7 90 85 0 39 0 0 0 46 0 0
89 16 0 0 0 0 53 0 0 23 0 0 33 0 13 0 13 0 19 0 0 0 0 0 59 0 81 0 0 0 0 98 0 0 0 0 77 0 0 0
40 0 35 88 0 46 0 0 0 13 0 0 0 0 0 0 0 0 72 0 0 34 0 0 74 10 36 0 0 0 0 0 0 8 0 0 0 44 0 0
