46 0 0 18 0 0 0 70 0 48 0 0 0 0 0 0 0 0 51 0 0 55 0 52 0 61 0 0 0 86 55 0 52 0 0 13 0 61 0 0 0 0 0 81 0 0 0 0 0 0
0 0 0 0 0 0 75 0 0 0 0 55 0 31 41 0 51 0 0 0 0 0 12 0 0 92 71 0 0 0 0 0 0 0 70 0 83 0 0 0 0 0 42 6 0 0 0 0 0 98
24 0 0 14 0 48 0 0 0 84 0 0 0 1 69 12 0 91 0 0 29 83 0 0 0 0 0 0 0 0 0 0 22 0 97 0 0 0 0 0 9 0 0 58 20 24 0 0 0 0
20 0 46 0 0 0 0 0 0 0 0 0 0 0 0 0 0 39 0 93 0 0 0 0 53 0 0 0 10 66 0 0 0 0 53 22 0 0 0 0 46 0 0 0 0 0 0 0 0 0
0 0 0 5 0 0 0 0 0 0 0 0 7 0 73 0 0 0 0 0 0 0 85 0 0 0 0 0 65 0 0 0 4 0 76 0 64 0 0 0 46 0 0 0 60 0 0 0 62 0
0 15 42 0 0 37 0 0 0 0 0 0 0 0 0 12 0 0 0 0 0 75 37 62 0 63 0 16 25 0 0 0 0 0 0 0 81 0 0 0 37 0 0 0 0 96 0 0 0 58
0 0 0 0 0 0 2 0 0 0 0 0 34 0 97 0 69 0 0 0 0 57 0 96 0 12 70 0 84 0 0 0 96 0 0 18 46 75 0 42 0 87 0 0 0 20 4 0 16 0
0 65 35 0 42 0 0 76 0 71 89 0 0 0 89 0 0 0 7 84 0 0 0 0 32 0 85 0 0 0 47 0 0 0 64 0 0 0 0 0 0 0 0 0 50 0 0 14 0 0
0 0 0 0 0 93 7 0 0 0 20 0 78 0 0 84 0 0 0 0 50 0 0 0 0 0 0 0 59 0 0 32 0 76 0 0 0 0 0 72 0 20 0 21 0 61 0 0 45 0
0 0 0 0 0 0 36 80 0 4 0 0 10 0 0 0 0 0 0 0 0 0 15 0 52 0 0 0 0 0 0 0 0 0 0 0 0 14 0 0 0 0 0 0 73 0 0 0 44 3
0 0 0 60 0 12 0 9 60 0 0 48 0 0 0 0 0 98 0 0 0 0 0 0 0 0 0 27 84 99 69 0 0 0 0 0 23 0 0 28 0 0 54 4 0 0 0 19 0 0
32 0 30 0 6 65 0 0 0 3 0 0 0 87 0 0 0 0 28 0 0 0 0 0 0 0 0 0 0 92 0 0 0 0 0 54 0 0 0 0 0 0 8 0 33 15 0 0 0 0
0 0 29 0 44 0 0 0 0 0 0 0 0 0 0 24 0 0 0 0 71 94 73 0 0 96 0 96 0 0 0 0 0 0 0 0 0 0 0 0 0 0 0 0 0 61 0 0 0 0
0 0 0 46 0 0 79 31 0 96 0 71 69 0 0 0 58 0 11 0 62 0 0 66 0 79 0 62 23 0 0 0 0 47 67 0 0 0 0 0 4 0 0 48 9 0 0 0 57 0
78 0 48 0 0 0 0 94 0 94 0 0 0 0 0 0 0 44 0 0 0 0 0 0 64 0 0 0 0 0 34 0 62 0 0 0 0 20 0 0 0 0 14 0 0 0 59 0 0 0
0 0 16 37 0 0 0 0 0 97 0 0 9 8 0 0 0 0 0 0 80 2 0 0 0 84 0 76 0 0 0 0 0 0 76 0 0 0 55 67 0 99 0 3 14 0 0 0 0 0
22 0 51 0 0 0 0 0 0 0 0 0 0 0 0 0 0 62 0 0 0 0 0 0 71 0 0 0 0 0 0 0 87 5 91 11 0 0 0 0 0 0 0 0 57 0 0 0 0 0
0 0 0 70 0 0 27 0 0 0 0 0 0 0 45 19 0 22 19 50 0 2 87 0 90 17 0 0 0 0 0 0 0 0 0 0 0 0 0 0 0 45 0 0 3 0 0 0 37 0
0 0 0 0 0 13 0 90 0 0 0 43 0 0 0 59 0 11 0 0 0 0 0 0 0 0 0 0 0 0 0 81 0 40 0 0 86 0 0 0 0 13 56 0 0 86 74 0 0 0
0 0 25 0 0 60 7 6 0 97 69 0 0 0 0 0 0 0 0 69 30 71 28 0 0 16 0 0 99 0 0 0 0 58 0 0 0 90 0 0 14 0 0 0 20 0 0 0 0 0
0 0 0 0 0 0 81 70 0 0 0 0 4 94 0 0 0 0 0 9 0 0 0 0 0 0 0 0 0 21 0 0 0 0 0 0 0 0 0 92 0 0 0 0 0 0 0 0 0 0
0 0 0 0 0 0 0 0 0 0 0 0 0 0 0 52 0 0 0 85 0 0 31 0 0 0 44 0 31 0 28 29 0 0 0 0 0 0 0 38 0 0 43 0 0 0 0 0 0 0
60 0 0 0 0 0 0 0 0 0 67 5 0 0 0 0 0 0 0 52 0 0 0 0 0 0 17 0 0 84 61 36 0 0 0 59 0 0 0 18 41 0 0 0 0 24 0 0 0 0
0 0 0 0 0 2 0 0 80 94 0 17 0 30 0 80 0 0 82 0 68 40 84 0 0 50 0 34 0 0 0 0 0 0 0 0 0 5 0 0 0 0 0 44 41 0 0 0 0 0
0 0 0 0 0 75 0 0 0 0 21 0 0 0 0 47 0 0 23 0 0 0 0 97 0 0 23 87 0 0 0 0 0 0 0 0 56 0 58 0 0 0 0 0 0 0 0 0 0 48
0 76 0 45 0 0 0 0 0 0 0 0 0 28 0 0 0 99 0 0 0 0 0 0 0 0 0 0 0 0 0 0 79 0 0 91 42 36 0 0 0 0 23 0 4 0 0 0 0 79
0 45 0 89 0 0 39 0 43 93 0 17 19 0 0 77 0 0 0 0 0 0 0 0 80 69 24 0 66 0 43 0 0 0 0 0 0 0 10 0 0 0 4 0 0 70 0 0 6 0
0 0 0 0 0 0 0 0 0 0 0 0 0 0 0 0 0 0 0 0 0 0 0 0 0 0 0 0 0 0 0 36 0 0 0 77 0 0 0 0 0 0 0 0 0 0 0 0 0 0
20 0 0 0 0 0 0 0 0 0 81 0 0 0 0 39 0 13 0 0 24 34 0 7 0 0 0 0 0 0 33 0 0 43 0 0 0 22 0 0 0 0 0 0 0 16 0 0 0 0
0 0 0 0 0 0 0 4 39 0 0 0 73 6 96 0 0 0 0 0 0 0 0 0 0 0 0 0 30 52 0 0 27 0 0 90 0 0 0 0 0 0 38 70 15 88 51 0 92 0
0 12 0 0 0 0 59 0 16 0 0 0 0 0 0 50 0 90 0 76 82 0 0 0 0 0 0 0 9 0 0 0 0 0 0 0 0 0 94 0 11 19 0 1 0 82 0 0 53 0
15 0 0 0 47 0 0 69 0 0 0 0 0 0 89 64 0 0 0 76 0 0 0 0 0 21 0 0 0 0 35 0 0 75 70 0 0 0 0 0 0 29 0 0 0 0 0 0 40 0
0 0 0 0 0 64 61 4 0 3 0 79 59 0 0 0 0 0 0 5 28 0 0 0 0 0 0 2 0 0 0 0 0 93 0 0 0 0 0 0 76 0 0 0 29 0 0 3 0 0
0 0 0 0 0 0 50 99 69 71 0 70 0 0 0 33 0 81 0 0 0 69 0 67 0 0 18 0 0 0 9 0 72 0 0 47 5 77 0 0 0 0 0 0 0 0 0 0 0 0
0 0 0 0 36 0 0 0 0 26 0 0 0 0 0 48 0 76 0 0 0 0 0 0 0 0 0 0 0 0 0 0 56 0 0 0 0 0 0 0 0 0 88 31 0 0 0 0 0 0
0 0 0 0 0 0 0 90 0 48 0 0 0 0 0 0 0 75 0 0 0 0 0 0 0 0 0 16 0 0 8 0 83 30 87 0 0 15 0 0 0 0 0 86 0 0 73 0 0 0
0 0 0 17 51 0 0 0 0 42 0 0 0 0 0 0 0 0 0 55 0 0 0 0 89 0 0 0 0 0 39 21 15 41 67 0 0 0 27 0 0 0 53 0 0 19 37 19 0 0
0 0 0 0 12 0 0 0 0 0 0 0 0 0 0 0 0 0 0 0 0 85 0 61 0 0 0 0 45 0 0 0 0 0 87 0 0 71 0 0 0 51 0 83 0 0 94 0 0 33
0 0 0 0 0 0 4 0 0 0 0 29 0 0 0 0 0 0 0 0 58 0 0 0 0 0 0 0 98 0 0 0 0 0 61 0 0 0 0 0 0 0 0 0 0 0 0 0 0 0
42 0 0 0 0 0 0 0 0 0 0 0 70 0 0 0 52 0 0 92 0 70 12 0 94 71 0 88 0 97 59 87 0 0 0 52 0 0 0 79 0 37 0 0 0 0 0 0 93 18
