0 28 0 0 69 57 0 29 0 0 0 0 39 67 28 18 64 93 0 79 0 79 31 0 0 0 0 0 0 0 0 0 0 0 0 0 0 32 0 0
46 70 0 70 59 0 0 0 52 0 67 0 60 19 0 0 0 46 22 0 0 0 39 0 0 0 0 30 93 83 0 0 0 25 0 18 0 6 36 44
27 0 0 0 0 0 0 0 0 0 0 12 64 0 0 0 73 0 0 0 0 0 0 0 0 0 0 0 0 0 0 0 39 0 0 79 0 0 38 11
0 36 77 0 80 0 34 0 32 0 0 80 0 0 98 0 0 0 0 0 27 71 0 0 43 0 53 7 69 39 0 0 0 0 0 19 0 0 0 0
0 0 0 0 0 6 93 0 0 39 0 0 0 94 0 0 0 0 70 81 0 0 0 0 5 0 64 10 0 0 0 77 91 0 0 0 79 0 0 0
0 0 0 0 30 0 0 99 7 29 0 0 0 25 18 28 4 0 34 82 0 0 76 0 0 0 0 0 0 0 55 81 0 0 0 94 0 51 0 13
0 46 0 0 13 0 74 0 2 0 45 0 0 0 0 73 0 0 0 0 0 0 0 11 63 0 0 0 91 80 41 77 0 0 0 0 7 0 0 98
48 95 0 10 0 0 75 0 0 0 0 0 0 12 10 0 0 0 0 0 0 0 0 0 90 46 0 0 95 96 73 0 0 0 0 0 0 0 0 0
1 0 0 81 0 0 76 0 0 0 0 0 0 0 0 88 0 15 0 77 0 0 65 0 0 30 25 0 79 32 0 12 0 78 60 62 31 0 0 0
12 0 0 0 0 0 0 0 0 0 21 0 0 0 0 38 0 0 0 23 0 0 0 0 32 0 0 0 0 0 25 0 0 23 0 0 53 0 0 0
