76 0 0 0 0 29 0 0 0 26 0 0 0 0 0 0 72 0 40 53 0 0 0 0 0 0 0 0 97 86
0 0 0 0 0 0 0 0 0 0 0 0 47 69 0 0 0 0 0 0 10 76 0 0 0 0 0 0 0 0
0 0 0 0 0 0 0 0 0 0 0 8 26 0 0 0 0 95 0 0 0 0 0 0 0 21 34 84 0 0
65 0 0 0 0 0 28 0 0 0 91 0 0 0 0 0 0 0 0 0 0 0 0 31 0 49 0 0 0 0
0 0 0 0 42 23 0 0 0 0 94 0 0 0 0 0 0 0 0 0 31 0 0 0 0 0 66 0 0 0
28 0 0 0 0 0 0 0 0 46 0 0 0 0 0 0 0 0 0 0 0 0 0 0 0 0 0 0 0 0
0 85 16 0 0 15 0 0 0 0 0 0 0 0 0 0 0 0 0 65 0 0 0 0 50 0 29 0 0 12
0 0 0 0 0 0 0 81 70 0 0 0 0 0 0 0 0 0 53 0 32 0 0 0 0 76 0 0 0 0
0 67 0 0 0 0 3 75 4 0 0 88 0 12 0 0 0 0 21 65 0 0 3 0 77 0 0 0 0 66
45 0 0 0 56 0 29 0 0 0 0 0 0 0 0 0 0 0 75 58 0 0 0 0 0 14 0 74 0 90
52 0 0 0 0 0 0 0 7 36 0 0 0 0 0 0 0 85 76 0 0 0 72 0 0 0 0 0 0 90
0 0 51 0 0 0 59 0 0 0 0 50 0 0 82 0 0 0 0 0 0 74 0 0 0 0 0 0 0 0
0 49 0 0 0 76 0 0 65 0 0 0 0 0 0 0 0 0 0 0 97 0 0 31 74 40 0 0 0 0
87 0 0 0 0 3 0 0 0 0 0 0 88 88 0 0 0 0 0 0 0 41 0 0 0 0 3 0 0 0
0 0 0 0 0 0 0 55 0 0 26 76 0 76 0 0 36 15 0 0 0 21 0 0 0 0 0 34 0 0
0 15 0 0 0 0 47 0 0 0 0 0 0 89 72 0 0 0 0 0 38 88 0 0 0 0 0 0 0 0
0 0 0 0 0 50 0 64 0 0 0 0 0 0 0 0 0 30 0 0 73 0 0 0 93 52 0 0 0 0
63 0 0 0 0 0 0 0 0 0 0 91 0 0 0 22 0 0 29 0 0 0 0 0 19 0 0 0 0 0
0 0 0 0 0 0 0 0 0 0 0 0 0 35 0 0 0 0 0 0 0 0 0 0 0 0 0 0 0 92
95 77 0 0 0 0 13 0 0 0 53 0 0 0 0 0 0 0 0 0 91 0 0 0 0 0 0 0 0 69
