1 69 0 68 0 77 0 44 52 0 0 0 0 28 0 91 0 0 0 0 0 0 0 0 0 66 0 0 29 0 0 0 28 59 0 0 0 0 0 80
0 0 0 0 0 0 41 0 0 22 0 0 0 0 0 45 75 0 0 7 0 0 0 0 65 0 54 0 7 0 0 0 35 0 0 6 88 0 76 0
10 52 0 0 0 62 0 0 53 0 28 10 0 0 0 0 0 0 0 80 0 31 18 0 0 0 0 0 0 0 0 59 0 0 0 0 0 0 0 0
0 13 0 0 0 0 0 0 0 0 0 0 52 0 88 0 0 0 25 37 56 0 0 52 0 0 0 0 0 0 0 37 0 40 74 0 85 0 0 0
0 0 0 0 29 0 4 0 0 19 66 0 0 0 33 37 0 0 0 0 0 0 0 2 0 0 0 81 7 0 0 17 0 0 0 0 69 0 0 49
47 0 93 77 61 0 9 28 0 10 1 0 0 0 0 17 0 0 1 0 0 0 0 0 0 0 0 0 0 0 0 88 34 5 0 0 0 0 11 75
34 0 43 0 0 44 80 0 89 0 91 0 4 16 68 49 0 0 79 28 81 25 0 0 15 0 0 13 0 0 0 84 0 0 54 79 85 0 0 0
98 0 0 0 0 0 0 0 41 0 0 41 0 0 0 54 42 20 0 0 0 0 0 0 0 14 0 0 21 0 0 0 0 0 0 0 0 0 88 0
60 14 0 11 0 0 0 0 11 0 0 0 0 65 7 0 0 0 0 0 0 0 0 95 0 0 0 32 70 58 0 0 0 18 0 46 0 7 0 0
0 38 13 0 0 0 0 71 0 0 0 90 0 0 0 0 79 0 73 12 0 45 0 0 0 0 0 24 0 38 0 0 88 15 0 9 51 88 0 62
