0 0 0 0 58 0 0 0 0 0
0 0 0 0 0 0 0 0 0 0
0 0 0 0 0 0 0 16 0 0
0 25 75 8 0 0 0 73 18 0
0 0 0 0 55 0 0 13 2 0
0 0 0 23 0 0 0 0 0 0
0 0 0 31 0 0 0 0 0 0
0 0 0 0 0 0 0 0 0 0
95 0 0 0 0 0 0 0 0 0
0 0 0 0 0 33 0 0 0 0
0 0 0 0 0 0 0 0 0 11
4 0 0 0 84 0 28 65 74 0
0 0 0 0 0 0 0 11 0 0
0 0 14 0 0 1 0 0 0 0
0 0 0 0 32 0 68 0 0 88
14 0 43 0 0 0 0 0 0 69
0 0 64 34 13 0 0 0 0 3
0 0 0 0 0 0 0 0 51 0
0 0 0 27 0 0 0 0 0 0
0 0 21 41 6 67 0 0 0 0
0 39 0 0 0 0 0 0 0 0
70 0 0 0 0 0 0 0 0 0
0 0 0 0 0 0 0 0 0 0
0 0 49 0 0 88 0 0 0 0
0 0 0 0 63 0 0 0 0 1
0 98 0 0 0 0 0 72 0 0
0 0 0 0 0 12 0 0 0 0
0 0 24 0 0 60 0 13 11 0
4 42 0 0 0 0 98 7 0 76
0 0 14 0 0 0 0 0 0 0
0 0 0 0 0 0 0 94 73 0
0 47 0 0 0 0 90 0 0 0
0 0 0 0 0 0 62 0 0 0
0 80 0 0 0 0 0 0 0 0
0 0 14 0 0 0 0 0 0 0
65 92 0 10 62 0 0 0 0 0
0 0 0 32 0 0 0 64 82 0
0 82 0 0 0 25 0 0 0 10
0 0 0 8 0 0 0 0 0 0
0 22 0 0 0 0 18 56 0 0
