0 0 7 0 0 0 0 0 0 0 30 0 0 0 0 0 0 40 0 0
0 30 0 0 0 0 0 33 0 0 0 0 0 0 0 0 0 0 90 0
8 0 0 0 0 0 62 0 69 0 0 0 0 31 61 0 96 0 0 0
0 0 0 0 0 0 89 0 0 0 0 0 0 0 0 73 0 0 0 7
0 32 0 0 0 0 0 0 0 0 0 0 0 0 0 0 0 89 0 0
78 0 0 44 0 0 0 0 0 0 0 0 0 47 0 50 0 31 0 0
0 0 0 0 98 77 0 0 0 0 0 0 0 81 0 0 0 17 0 0
0 0 0 0 0 37 0 0 0 17 0 0 0 0 0 0 78 0 0 0
50 0 14 0 0 0 0 0 70 24 0 13 0 0 67 0 0 0 10 0
0 85 0 88 0 0 0 0 0 12 0 0 0 0 0 0 0 0 0 79
0 0 0 0 0 0 0 0 0 0 0 0 0 79 0 0 0 0 0 0
0 0 0 83 0 0 0 0 0 0 0 0 0 0 75 0 0 0 0 0
0 0 0 0 0 0 0 0 0 0 0 0 0 10 0 0 0 0 0 0
60 0 50 0 0 0 0 0 0 0 0 0 11 0 0 0 0 72 0 0
0 0 0 85 0 0 0 0 0 0 83 0 0 0 6 0 0 99 0 94
0 0 0 0 0 0 0 0 0 0 0 0 50 0 0 0 80 0 52 0
0 0 7 42 0 0 0 53 0 0 0 0 0 0 81 68 0 63 0 31
0 0 10 0 0 0 0 1 0 0 49 0 77 0 0 24 18 0 0 0
0 16 0 0 0 0 0 0 0 0 62 0 0 0 0 0 67 33 0 0
0 0 0 0 0 0 43 0 0 91 0 0 0 24 0 0 0 0 0 48
0 0 0 0 0 25 0 11 90 0 0 47 0 0 0 71 11 0 0 25
0 43 25 0 43 0 0 0 0 0 0 0 0 0 13 0 0 0 0 0
0 0 0 0 0 0 0 0 0 0 28 23 0 0 0 58 16 0 86 23
0 0 0 0 31 65 39 0 53 0 23 0 0 0 0 0 0 0 0 0
44 91 0 0 0 0 0 0 82 73 0 0 0 0 0 81 50 0 0 0
0 0 40 48 0 0 66 0 0 0 0 0 0 0 0 0 78 0 0 0
0 0 46 0 0 0 0 57 0 0 0 59 0 0 0 83 0 0 0 0
0 0 0 0 0 0 0 35 0 91 93 0 0 0 69 0 0 0 0 0
0 0 0 0 35 78 0 0 0 0 0 0 0 0 0 0 0 0 0 0
0 16 23 0 0 0 57 0 0 1 0 0 0 0 0 0 0 40 0 0
0 17 0 0 0 0 12 0 94 69 0 0 0 0 0 0 44 11 0 0
0 0 0 57 0 0 0 0 0 78 0 0 0 0 0 0 0 0 0 0
0 54 0 0 0 7 83 57 0 90 0 0 0 0 0 0 0 0 0 98
43 76 0 0 0 0 0 0 88 81 0 0 0 0 0 0 0 0 0 0
28 0 0 0 0 18 5 0 0 0 0 0 0 0 0 1 11 82 0 0
0 28 0 38 62 0 39 0 0 0 0 0 0 0 0 0 0 0 0 0
0 0 0 78 0 98 0 0 19 0 0 0 0 0 59 0 0 0 0 0
0 0 0 0 0 0 0 0 0 0 0 0 0 0 0 0 0 0 0 0
0 0 0 0 14 0 0 0 0 0 0 0 0 3 0 0 0 0 0 0
0 0 0 0 0 0 0 0 0 0 0 0 0 54 0 86 0 0 0 0
0 0 0 0 30 0 73 0 0 0 70 27 0 0 0 0 0 0 63 0
0 0 0 0 0 0 92 0 0 0 80 0 0 0 0 0 0 0 0 0
69 32 39 0 0 0 0 0 0 0 0 0 0 0 0 0 0 0 0 0
0 0 0 0 53 0 0 0 0 77 0 84 0 0 99 0 0 0 0 0
0 0 0 0 0 0 83 0 0 90 0 0 0 24 0 0 32 39 0 0
0 80 0 0 78 0 0 53 0 0 0 29 73 0 0 0 0 0 0 0
0 82 0 0 0 0 0 0 0 62 76 0 0 0 0 0 0 3 0 0
0 0 38 0 0 0 33 0 0 0 37 0 88 0 0 0 0 0 0 0
15 85 0 0 0 0 0 0 0 0 0 0 0 0 0 0 0 0 0 0
62 0 0 0 95 0 21 0 0 0 0 0 0 0 0 89 0 0 0 42
