0 55 0 49 0 0 0 78 0 28
0 92 70 72 0 0 0 25 0 77
0 0 0 0 6 0 65 0 0 0
14 0 21 0 0 3 0 0 0 0
0 0 0 0 46 72 9 0 95 0
30 0 47 0 0 0 94 0 21 0
0 0 0 0 12 0 77 47 0 25
33 0 30 0 0 15 0 0 0 0
29 0 0 0 0 75 0 0 0 0
49 0 0 0 11 0 0 19 0 78
0 0 80 0 84 0 0 0 0 45
0 0 38 0 0 0 0 2 0 0
0 0 33 61 69 0 0 0 0 30
0 0 0 0 28 0 0 0 0 37
0 0 94 0 52 0 57 0 56 0
0 68 0 0 5 0 0 81 0 0
20 72 0 46 0 0 35 0 79 0
66 48 0 0 0 0 23 0 0 19
0 0 0 0 3 45 0 0 0 67
0 0 0 0 0 0 6 0 0 0
0 0 0 0 0 64 5 0 76 0
0 0 26 0 0 0 0 76 0 0
33 0 0 0 0 66 0 0 0 78
0 0 0 0 27 38 0 81 18 0
0 57 0 0 0 0 0 0 0 0
0 0 0 0 97 76 0 90 29 58
13 82 0 0 0 79 28 0 89 0
0 0 0 0 0 0 0 0 54 0
0 31 0 0 0 81 0 55 0 39
66 0 0 59 18 75 0 0 39 0
