0 0 97 0 92 0 0 54 11 85 0 0 14 47 0 0 0 0 0 0
0 6 20 60 0 0 0 0 35 0 0 0 43 0 0 0 22 0 46 65
0 23 89 0 0 30 0 0 75 0 0 71 67 14 0 0 0 0 0 0
0 0 0 0 0 0 46 71 19 0 0 63 0 0 27 49 0 2 42 80
25 0 13 61 0 42 17 86 45 0 0 68 0 0 0 0 0 0 0 0
0 0 0 0 77 26 97 58 0 0 0 0 65 0 0 45 50 0 0 0
0 0 20 0 0 60 0 0 0 9 0 29 0 0 0 0 0 0 0 0
0 0 5 0 56 50 0 0 18 0 0 0 0 0 0 71 93 0 0 0
0 0 24 25 0 0 0 69 0 35 72 25 40 0 0 0 0 0 0 0
0 0 60 0 0 39 10 15 78 9 0 0 0 0 76 50 1 0 5 0
0 47 0 0 0 0 34 0 42 22 0 0 0 0 0 0 0 0 0 53
0 13 0 0 0 0 0 0 0 57 0 0 0 0 0 70 28 0 0 0
46 22 71 81 0 0 0 0 0 97 0 0 0 39 0 0 0 7 0 0
0 0 0 0 0 0 0 0 0 21 0 0 61 0 0 95 0 0 0 0
73 0 0 0 0 65 0 0 0 0 0 0 0 86 69 0 0 36 0 0
9 0 0 0 0 0 10 0 0 0 67 0 0 0 47 0 0 15 0 44
0 65 81 0 0 0 0 9 0 51 0 7 0 18 0 0 0 0 53 0
0 88 0 0 0 0 0 0 0 28 0 0 5 94 0 0 0 30 0 0
0 0 40 0 0 0 0 0 71 0 0 0 0 0 86 0 0 0 0 63
0 43 27 0 0 0 86 0 0 0 0 0 0 26 0 84 23 25 0 0
46 40 9 0 64 0 0 0 82 0 6 19 0 0 0 0 0 0 0 0
97 0 7 0 0 0 0 30 0 76 53 0 6 6 0 0 37 0 46 0
0 0 0 76 0 0 0 71 0 76 21 0 97 0 0 0 0 0 0 0
19 1 0 6 0 0 0 0 46 0 0 76 0 65 26 55 23 2 46 0
0 0 0 0 0 0 0 0 0 0 0 0 39 28 62 8 0 0 0 0
0 0 0 39 62 0 86 38 0 0 99 0 37 82 0 0 86 0 92 0
91 32 0 0 0 0 28 0 60 0 0 0 0 0 0 0 0 27 1 65
0 0 0 0 74 0 92 0 0 33 0 0 68 0 53 0 48 0 0 0
82 14 64 0 0 0 0 61 0 0 78 61 45 0 54 0 26 0 0 0
0 67 46 0 0 0 23 0 0 0 0 0 0 0 0 0 0 0 83 0
