21 0 0 0 0 92 0 40 98 44 0 0 39 25 0 0 0 0 0 0 50 0 55 94 0 0 0 0 86 67
0 2 0 0 73 55 8 99 42 12 0 0 0 0 0 0 31 71 0 0 89 0 11 0 0 0 0 57 0 92
5 0 0 77 0 0 0 0 20 1 26 0 0 0 0 97 0 0 0 0 0 0 8 0 0 0 0 0 62 46
0 50 11 86 6 0 0 0 0 29 0 0 34 69 0 54 7 22 0 0 49 0 0 0 0 16 98 0 0 0
26 0 0 0 0 0 0 0 61 0 79 64 0 0 81 0 8 99 0 0 0 8 0 0 0 0 58 0 7 11
0 0 0 77 0 0 77 0 0 0 0 0 0 0 0 11 0 0 1 32 0 0 94 0 0 0 0 0 0 37
0 0 0 0 0 0 0 14 0 0 33 0 0 7 0 0 0 0 0 0 85 46 0 0 0 0 0 21 0 0
0 0 0 0 82 0 0 0 62 0 0 0 0 0 0 0 13 29 0 11 0 84 25 50 0 0 99 0 0 0
0 96 92 39 0 32 0 97 0 12 0 0 0 0 3 0 0 0 0 27 0 0 0 0 0 0 90 1 0 95
36 69 0 0 43 20 0 0 18 0 0 14 98 98 36 36 0 45 42 0 14 87 0 0 49 0 10 7 0 0
29 55 0 0 0 0 0 97 0 0 0 0 88 21 0 0 0 0 0 0 0 0 0 0 0 64 9 0 0 46
85 0 0 65 4 0 0 0 53 0 0 0 42 0 0 0 97 19 88 0 0 0 0 0 58 0 0 0 0 75
0 0 0 0 0 0 0 0 0 0 33 0 0 0 73 75 0 0 0 0 0 0 90 0 0 0 0 0 0 88
0 23 0 0 0 0 0 0 27 0 0 60 17 0 27 0 0 0 17 84 0 0 4 0 0 0 86 48 67 0
47 0 71 75 0 39 0 67 0 0 23 0 0 0 0 0 0 97 67 0 50 0 0 0 92 66 97 0 0 51
0 0 0 0 0 0 0 21 0 0 0 0 64 0 18 0 21 0 0 0 0 0 16 91 0 0 0 0 50 21
0 0 0 0 0 76 66 9 0 0 0 0 0 0 0 0 40 0 0 0 92 74 98 0 0 0 0 0 0 38
0 0 0 0 0 0 0 49 0 83 0 0 0 0 0 0 0 0 0 93 0 0 42 3 0 89 85 0 0 0
86 0 0 0 0 51 66 0 0 0 0 0 58 1 0 0 0 0 0 0 0 0 20 56 0 0 0 0 15 31
55 50 0 0 0 98 0 0 0 30 0 33 0 0 0 0 78 8 0 79 42 0 0 0 0 0 0 0 0 51
