0 0 0 0 0 7 28 0 48 95 0 0 0 0 40 0 65 0 0 20 0 0 0 13 0 0 0 60 9 31 49 0 0 0 62 0 0 0 75 0
89 20 0 0 0 56 0 0 0 0 99 0 0 0 0 0 0 0 0 91 71 0 32 53 0 91 78 0 0 0 0 0 0 0 0 0 0 64 51 0
95 80 63 0 0 0 0 0 0 0 0 26 0 0 0 0 0 0 24 0 0 0 0 8 0 0 0 12 0 0 0 6 0 0 0 0 0 0 0 11
0 0 0 25 0 52 0 0 0 0 0 7 27 0 0 0 0 0 0 0 0 0 0 42 0 0 0 0 2 26 22 0 82 0 0 0 0 0 0 0
0 89 90 0 73 0 51 41 0 0 0 0 0 0 0 39 7 0 0 0 0 0 0 0 0 0 0 0 0 63 81 0 19 0 0 5 8 64 0 95
0 0 41 0 18 0 0 24 0 0 91 0 54 0 0 0 0 0 0 0 0 0 0 66 96 35 0 0 0 39 0 54 0 0 0 0 0 0 33 39
0 0 32 68 0 0 0 9 4 0 0 0 63 91 0 57 0 10 0 13 0 0 74 0 0 0 55 0 0 75 0 85 0 0 0 7 0 0 64 0
85 0 0 0 91 0 55 0 10 0 0 72 0 34 0 0 0 0 96 46 0 0 0 0 45 34 0 0 0 0 0 0 55 0 92 29 28 0 0 7
90 0 40 0 46 0 0 0 31 34 0 0 0 0 0 0 0 0 0 0 0 0 0 17 0 0 21 0 68 0 35 0 0 65 11 39 49 0 3 87
0 85 0 83 0 50 94 0 0 0 0 82 10 0 0 0 93 35 0 72 0 0 17 0 0 52 0 0 80 0 0 29 0 0 0 33 0 0 0 0
0 94 0 49 91 9 0 7 0 0 33 67 0 2 0 79 19 35 0 44 0 0 0 0 0 40 0 45 0 94 0 0 0 0 0 0 0 14 0 48
31 25 0 0 0 0 0 51 0 0 0 49 0 63 0 0 0 0 0 90 24 0 0 0 26 0 20 70 0 60 0 0 96 0 0 0 43 0 0 73
3 0 0 0 61 9 73 44 3 67 0 0 0 97 0 0 0 0 0 0 0 0 71 0 11 79 0 87 0 16 0 0 0 34 0 0 0 0 0 41
74 51 0 13 0 0 0 0 0 0 0 0 0 4 0 0 0 0 89 0 96 0 0 45 0 0 7 94 0 0 0 97 0 63 0 0 0 0 0 0
0 20 0 0 0 0 0 0 0 0 0 0 0 84 0 0 0 77 0 0 0 0 0 55 0 0 0 88 54 0 38 0 54 0 0 53 40 72 0 0
30 42 0 3 0 30 0 93 0 0 0 0 0 0 0 0 3 0 0 3 0 68 0 0 0 88 10 0 0 83 82 10 0 0 0 28 0 89 0 0
0 0 0 67 0 48 36 0 0 0 0 0 62 0 0 45 0 0 0 0 0 86 73 0 0 0 0 0 0 0 0 61 0 0 0 16 0 0 12 0
0 0 0 76 65 0 0 41 0 0 0 0 56 0 0 86 0 0 0 0 0 0 30 0 38 0 0 0 0 0 0 0 85 0 0 0 78 71 20 0
0 0 17 0 0 0 27 60 0 88 0 14 0 0 0 0 75 0 97 0 0 0 25 53 80 0 72 0 0 0 0 0 20 0 0 5 0 0 0 23
0 0 3 0 0 0 0 81 72 0 0 0 53 0 22 0 24 0 89 0 0 91 0 0 0 0 0 0 0 0 25 80 0 0 0 0 0 0 0 0
0 0 0 71 9 0 0 9 88 0 0 61 0 77 0 0 0 41 77 16 0 0 0 0 0 0 14 0 87 0 21 0 90 0 0 0 0 0 0 0
0 0 0 0 0 34 0 0 0 0 53 61 0 26 0 0 0 6 0 0 0 0 0 0 0 0 0 0 0 0 0 0 0 0 0 0 0 0 90 0
0 0 0 0 2 91 0 0 0 0 0 43 0 1 0 0 80 0 0 0 0 0 0 0 0 20 0 0 0 0 7 0 36 0 0 0 85 0 0 0
0 0 0 0 0 0 29 53 0 0 0 46 0 0 0 15 0 98 30 0 0 0 0 68 7 0 6 0 0 0 0 0 0 0 58 0 80 16 0 77
0 70 0 70 0 0 0 38 0 0 0 0 0 0 0 93 0 88 0 19 93 0 0 0 15 82 77 0 0 0 0 0 0 0 0 0 0 17 0 0
0 0 0 0 0 0 0 0 39 2 18 33 0 84 0 0 0 0 0 20 0 0 0 9 0 0 0 0 63 51 0 0 0 0 0 0 59 0 0 0
59 0 0 0 0 44 0 99 52 0 0 9 16 0 0 0 0 0 0 0 97 28 0 0 0 0 8 0 0 62 0 99 0 0 44 0 18 98 97 0
0 0 0 98 0 0 59 65 62 0 0 54 0 4 0 17 0 0 0 0 42 0 0 25 12 0 0 81 0 0 0 0 39 0 0 20 72 0 12 69
71 0 65 0 0 0 49 87 0 0 0 0 63 50 0 0 0 74 0 0 93 0 76 0 0 0 20 0 43 0 0 63 0 38 47 0 0 48 0 0
22 0 0 0 0 0 90 73 0 0 24 12 37 0 0 99 0 0 0 25 0 0 0 0 43 0 15 0 0 0 87 0 0 21 0 0 0 0 0 0
88 0 0 0 0 0 0 0 0 6 0 0 0 5 0 0 72 0 0 39 0 0 14 0 0 77 82 52 37 0 0 0 99 0 1 0 46 0 21 0
0 0 0 0 0 0 63 69 0 64 0 84 0 0 0 0 0 0 0 0 86 0 0 5 0 0 0 70 0 46 0 0 14 86 0 0 90 0 0 0
0 56 10 0 0 0 0 78 0 0 85 0 0 77 78 0 66 53 0 0 0 0 0 0 71 0 66 12 0 0 9 19 87 33 53 56 18 0 32 0
46 73 0 8 0 0 0 0 0 38 0 9 0 0 0 40 96 0 63 0 0 0 0 0 85 27 96 63 0 0 0 52 1 0 0 0 95 0 0 0
0 0 19 0 13 0 55 92 33 57 0 0 31 0 6 11 0 0 0 0 0 0 0 0 0 0 0 0 8 0 0 0 22 0 0 0 0 5 0 32
0 0 0 0 0 27 0 0 1 0 0 0 9 0 0 0 0 0 0 0 0 61 0 0 0 0 0 0 26 0 59 99 0 0 0 0 33 0 0 0
0 0 0 0 0 0 0 96 0 22 0 29 0 0 73 2 0 0 0 0 0 0 44 0 63 59 91 0 0 0 0 0 0 73 33 32 32 60 0 0
74 50 0 0 60 0 0 64 0 0 96 62 0 0 0 0 0 31 0 0 0 80 0 46 0 24 78 93 61 0 0 0 0 0 0 41 40 0 0 0
0 0 0 4 0 3 0 0 75 0 0 8 70 0 0 52 48 0 0 0 0 0 0 11 74 0 0 0 22 0 0 4 0 29 0 30 0 0 82 0
75 0 0 0 90 91 0 0 32 0 0 0 0 32 0 15 0 0 0 62 0 0 0 0 0 0 0 38 0 45 0 0 58 0 3 0 0 0 50 34
16 0 0 84 27 55 0 0 0 0 0 85 0 0 7 9 0 77 0 0 34 78 40 16 0 0 0 10 0 0 0 0 0 0 0 0 0 53 0 0
0 0 0 0 0 0 31 66 77 24 78 0 0 0 0 54 0 0 0 73 0 59 0 0 0 57 0 83 88 0 18 12 0 0 0 37 75 0 0 48
33 79 0 0 0 98 5 33 74 0 0 2 0 2 0 0 0 21 0 40 0 0 0 0 0 0 0 95 0 0 0 0 0 55 0 47 0 0 0 0
0 0 0 0 0 0 0 0 0 0 0 1 52 0 0 0 0 0 64 70 0 0 70 61 0 24 0 39 95 0 0 20 0 70 15 87 0 0 0 0
0 65 0 0 0 55 0 19 0 0 0 0 0 0 33 0 0 0 0 73 0 54 0 0 0 0 0 0 0 9 0 0 0 41 0 56 45 0 0 0
0 0 38 0 0 0 0 0 0 57 0 0 38 38 93 0 17 0 0 0 69 0 2 0 0 0 0 0 0 83 0 41 0 0 0 0 90 8 0 52
83 45 0 0 47 0 0 0 0 0 0 0 7 43 0 0 0 62 69 0 0 0 0 0 0 0 0 0 0 91 0 74 60 99 0 0 0 36 0 0
0 60 0 94 0 0 0 91 0 34 0 0 0 67 0 39 62 84 44 0 0 0 0 0 77 0 0 6 0 6 0 21 0 0 0 0 49 0 0 47
0 92 31 0 0 99 0 0 0 1 9 36 51 0 0 13 50 64 0 84 0 0 0 0 29 0 0 0 52 0 31 0 0 0 0 0 0 0 30 66
0 89 0 83 36 0 0 0 0 0 50 27 0 85 0 0 20 67 21 0 0 39 0 19 54 12 17 43 56 94 0 74 63 0 0 73 0 88 47 96
