66 0 0 0 0 0 0 0 0 0 0 0 0 5 0 4 0 0 0 0
0 0 73 0 0 0 0 0 0 0 0 0 0 0 0 47 0 0 0 70
0 63 0 91 39 0 0 0 0 0 22 0 0 0 0 0 0 0 0 49
96 0 54 0 14 0 0 71 0 0 0 0 0 0 0 13 0 0 0 0
0 0 40 73 0 28 0 0 22 0 0 0 0 0 0 0 0 0 0 0
0 0 0 0 0 90 0 0 0 0 0 0 0 0 0 0 0 0 0 0
0 0 27 0 0 0 0 0 80 0 37 0 0 35 0 0 0 0 0 69
0 0 53 0 0 31 49 65 54 0 0 0 0 0 0 0 0 0 0 0
0 0 0 0 41 0 0 0 0 0 0 0 0 45 0 0 0 79 0 0
0 0 0 0 38 3 11 0 0 0 0 0 0 0 55 1 78 0 56 0
0 0 2 0 0 0 78 97 93 0 0 0 0 0 0 0 0 0 0 0
0 0 0 0 9 0 0 0 0 0 62 0 0 0 57 93 75 73 0 72
0 0 0 0 0 0 0 0 0 0 33 0 0 0 0 12 0 0 0 0
0 65 0 66 0 0 0 0 0 0 0 27 0 0 0 0 0 0 26 0
0 0 0 0 11 9 0 0 0 0 0 0 0 0 0 0 14 0 0 0
0 0 0 0 0 0 0 0 0 0 0 0 0 0 0 0 0 39 0 0
0 0 0 0 0 0 85 0 0 0 0 0 25 0 0 0 0 0 0 0
0 0 0 0 0 0 0 0 89 0 0 0 0 0 0 0 80 0 68 0
0 0 13 0 58 0 0 22 0 0 65 0 0 0 0 10 0 0 0 0
0 0 31 0 0 0 0 0 86 0 0 90 0 0 0 0 0 0 0 36
0 41 0 0 0 53 0 0 0 0 0 3 0 0 0 0 0 0 0 0
0 0 52 89 0 0 8 0 0 0 0 0 0 0 51 0 12 28 0 0
0 97 0 0 0 0 0 10 0 0 0 56 99 0 15 0 0 0 7 0
0 0 0 0 0 0 0 0 0 0 0 0 30 0 0 0 0 0 0 13
0 0 0 82 0 0 0 0 0 82 0 0 0 0 0 0 0 0 93 82
76 0 0 0 0 0 2 0 62 0 0 0 0 36 40 0 0 0 0 0
0 0 0 2 0 0 75 0 0 0 31 14 13 0 0 0 0 0 0 0
10 0 0 96 0 23 0 28 22 81 0 65 0 0 0 48 0 0 34 0
0 0 0 0 0 0 0 0 0 82 0 0 0 56 0 0 0 0 0 0
0 0 25 0 0 0 0 0 0 0 0 30 60 0 0 0 0 0 0 89
0 84 0 0 16 0 0 0 0 0 87 0 0 0 0 4 0 0 0 0
0 97 0 0 0 40 0 0 0 0 0 54 0 67 0 0 0 0 97 0
0 0 0 0 62 95 0 71 0 0 0 0 0 0 0 0 24 32 0 0
0 0 0 0 19 0 0 0 37 0 0 0 8 31 0 0 0 0 0 0
0 0 0 0 0 0 0 0 0 54 0 0 82 0 83 0 0 0 0 0
0 0 0 0 0 0 0 0 0 60 0 0 0 0 0 0 0 58 0 0
0 0 0 93 0 0 0 45 0 0 0 0 0 0 0 0 0 2 0 0
0 0 0 0 0 0 0 0 0 0 0 0 0 0 67 0 4 0 0 0
0 0 0 52 0 40 0 0 0 0 0 0 0 0 0 0 0 0 5 0
63 0 43 70 0 0 0 0 0 33 0 0 0 0 0 92 0 75 0 0
