0 21 92 0 0 0 0 0 0 0
60 0 0 0 59 0 0 0 78 0
12 0 0 0 0 42 0 0 86 0
0 72 0 0 60 0 0 61 0 0
0 0 0 0 63 0 0 0 92 0
66 0 0 47 0 40 0 0 0 1
0 0 44 49 40 0 0 0 48 0
0 75 0 0 12 89 0 23 0 0
0 0 0 0 41 0 31 66 0 88
0 0 84 60 0 0 0 0 0 0
0 0 0 0 0 0 51 0 0 0
0 0 0 0 0 0 0 0 71 0
4 2 0 0 0 0 0 0 0 34
0 95 0 0 0 0 0 26 86 0
0 40 0 0 0 0 70 0 0 0
45 38 0 0 0 88 0 0 67 86
0 0 0 0 99 20 0 0 16 49
0 10 0 0 0 20 93 0 89 0
0 0 11 0 0 89 94 0 0 87
0 84 0 0 63 0 0 0 33 0
76 24 0 45 0 0 0 0 0 7
0 7 0 0 0 57 0 0 8 0
0 0 42 0 91 0 0 0 38 0
0 51 0 24 0 0 0 0 0 57
0 59 0 0 64 52 21 8 0 0
0 22 23 0 0 0 33 0 30 54
54 0 0 0 89 0 0 0 0 20
0 0 0 29 0 38 0 69 84 0
53 0 76 0 0 0 0 1 0 50
43 0 0 89 0 0 51 30 0 0
72 81 0 0 81 0 0 0 0 30
87 0 48 17 0 0 16 75 99 56
47 0 0 0 0 0 0 80 0 0
27 0 0 0 0 0 0 90 0 19
43 0 0 0 0 72 10 60 0 0
74 0 0 0 0 86 0 0 0 0
67 47 0 0 0 0 0 0 0 0
0 0 92 0 0 96 0 0 41 0
0 0 0 80 0 62 0 0 6 0
0 92 0 0 0 96 0 16 89 0
