0 0 72 0 0 0 0 0 0 0 0 91 0 0 0 96 50 0 0 0 0 0 0 0 53 56 0 0 32 41 89 80 83 0 0 0 0 0 0 0
17 0 0 0 0 50 0 35 0 0 0 0 53 0 36 0 0 15 0 0 16 0 0 0 0 0 0 96 0 73 0 0 0 0 0 0 50 0 0 0
65 0 0 0 0 55 0 0 0 0 86 0 8 0 0 0 0 0 0 0 0 18 0 0 0 0 0 0 0 0 0 4 0 0 0 0 0 89 0 0
0 0 0 0 0 0 7 0 23 0 4 0 0 0 0 96 73 0 0 0 0 0 0 0 0 0 0 0 0 0 0 31 0 0 0 0 91 0 6 0
0 44 26 83 0 0 0 0 0 0 0 0 0 0 65 0 0 0 65 78 81 0 3 29 0 0 0 0 0 0 0 39 0 0 0 30 0 0 0 0
0 0 74 0 0 57 0 0 0 0 0 0 0 92 77 0 0 0 0 0 97 0 24 19 97 0 0 0 29 89 0 0 31 0 0 0 8 0 53 73
44 50 76 0 0 0 0 0 0 0 78 68 44 0 0 0 0 88 0 0 0 0 0 0 0 0 0 0 57 0 0 0 0 0 0 0 0 0 0 0
0 33 0 0 0 0 0 0 35 41 0 0 92 0 46 0 95 0 0 0 0 0 3 21 0 0 0 0 0 59 0 0 0 0 0 0 74 0 0 94
53 0 0 0 0 95 0 0 0 82 28 44 0 0 0 0 0 0 0 0 0 0 0 0 73 0 0 94 0 0 97 0 17 32 0 0 0 0 0 0
0 0 18 0 42 0 0 0 0 97 83 0 0 0 0 0 0 0 48 91 0 0 86 0 0 0 0 0 0 0 0 0 0 0 0 0 0 20 55 0
