0 0 4 31 0 0 0 0 0 0 0 0 84 0 0 93 0 0 0 0 69 0 0 0 0 0 0 0 0 0
0 0 0 0 0 0 0 74 0 0 92 0 0 0 0 0 0 0 0 0 0 0 0 0 0 91 0 93 0 0
84 0 0 0 0 0 0 0 0 0 0 0 0 0 0 0 0 0 0 0 0 0 0 0 30 0 0 0 0 0
0 0 0 42 0 46 0 0 0 0 61 0 0 0 0 0 0 34 0 0 0 0 0 0 0 0 0 0 0 0
0 8 0 0 0 0 0 70 0 0 0 0 0 4 0 0 0 0 0 0 77 0 0 91 53 0 12 0 0 0
30 47 0 0 49 27 0 61 0 0 0 0 0 10 0 0 5 0 53 0 0 13 0 0 0 0 0 0 0 0
0 0 0 0 0 0 0 0 0 0 0 0 93 0 45 0 0 0 0 99 0 0 0 0 38 0 71 0 0 0
0 0 0 0 0 0 0 0 10 61 0 2 0 0 0 0 0 0 0 0 0 30 0 0 0 0 0 0 52 80
3 0 0 0 0 0 0 52 0 0 0 62 78 0 84 0 0 0 0 0 0 0 0 0 62 0 0 0 80 0
0 23 0 0 0 0 0 0 0 0 0 0 0 0 0 85 0 40 0 0 0 0 0 0 0 0 0 8 0 0
0 0 0 90 0 0 0 0 0 0 0 0 0 0 0 26 35 0 45 0 0 0 0 0 0 0 0 0 0 29
0 0 0 71 60 39 0 64 71 32 0 0 0 0 0 0 0 2 0 0 0 0 85 0 92 0 9 0 0 0
0 99 0 0 0 67 0 64 14 0 3 0 1 0 0 0 0 0 0 0 0 0 5 65 81 22 0 0 0 0
0 78 0 0 0 25 0 22 0 0 60 0 0 56 0 0 51 0 0 0 0 32 0 0 0 0 0 0 0 0
0 0 0 0 0 0 59 18 83 0 72 0 51 48 0 0 8 0 0 0 0 0 0 0 0 99 0 0 0 0
0 87 14 22 0 0 0 0 0 0 0 0 0 0 0 0 0 58 0 0 0 0 0 58 0 0 8 14 58 0
0 0 78 0 0 0 0 0 0 0 0 0 0 6 0 0 0 0 0 0 0 0 0 0 0 0 0 0 0 0
0 0 0 0 0 0 0 0 0 0 0 5 0 0 0 0 0 0 0 0 0 0 91 0 0 0 0 0 0 0
0 0 0 0 9 12 49 0 18 0 0 0 0 91 0 0 0 0 2 64 0 55 0 39 17 0 0 0 0 0
0 0 81 0 0 0 0 0 0 0 0 36 0 0 0 0 39 0 0 0 0 0 0 0 0 0 0 36 0 0
