0 0 99 0 0 0 0 0 53 0 48 0 0 0 0 0 0 0 59 0 72 33 0 0 5 0 0 0 0 0 55 72 0 0 0 36 0 0 0 0
0 0 0 0 0 0 3 57 73 0 0 50 0 0 69 84 0 0 40 0 0 0 0 0 0 0 0 0 0 93 54 0 0 26 0 0 0 0 0 15
0 0 27 2 2 15 0 0 0 0 0 6 69 0 0 0 0 0 0 0 64 0 65 93 38 0 0 11 0 0 0 0 90 0 0 0 22 0 0 0
0 0 0 0 19 0 0 0 0 26 0 0 53 47 75 3 33 6 0 0 0 0 66 0 31 6 0 0 9 0 0 0 0 3 0 0 0 0 0 0
0 81 0 31 0 9 0 73 0 19 0 92 0 70 0 0 0 25 0 70 54 26 38 0 64 35 24 0 61 0 0 56 29 94 0 0 0 75 2 3
47 0 0 0 0 0 0 92 0 25 0 6 0 26 0 22 0 55 0 15 0 0 0 95 91 0 0 30 0 0 47 76 0 0 24 0 79 0 0 0
0 0 32 0 0 0 0 56 59 50 0 79 0 0 0 11 0 0 0 75 0 35 0 0 0 0 37 71 0 0 33 0 0 0 0 0 0 0 0 0
0 0 0 0 0 74 72 0 0 0 0 0 0 0 0 85 82 24 87 0 82 0 0 0 24 0 0 0 0 0 33 0 0 0 0 0 65 0 0 34
0 0 0 0 0 0 83 90 0 0 0 0 0 0 0 90 0 0 19 0 0 28 0 56 0 34 0 0 0 25 0 3 0 99 0 37 0 59 0 0
28 74 0 0 3 0 0 54 95 49 0 92 0 0 0 0 0 0 0 88 0 99 58 0 0 0 0 0 0 0 0 96 10 47 0 0 42 0 0 78
