0 0 43 0 90 0 3 0 32 0 0 0 0 0 51 0 61 0 0 6 0 0 8 99 0 0 0 0 21 0 16 0 0 0 71 0 0 0 99 51 83 49 52 0 0 0 0 0 17 0
0 84 0 35 0 0 0 0 92 0 0 67 0 57 0 54 52 0 0 0 0 35 0 0 27 0 0 0 0 26 38 0 0 0 0 71 3 0 0 2 0 0 0 23 3 58 0 0 72 0
0 0 0 0 0 44 0 0 76 0 0 27 0 0 17 99 0 0 0 14 76 71 28 37 0 0 0 0 0 79 0 0 0 0 19 73 2 0 0 75 15 4 78 45 0 0 0 0 0 0
0 0 78 0 20 0 0 25 0 51 0 0 0 0 25 0 63 0 0 83 67 0 59 0 94 0 46 0 30 3 0 0 80 8 0 0 0 0 0 74 0 0 0 45 0 0 0 80 0 0
83 0 0 81 0 40 0 0 0 0 86 0 17 0 0 0 0 0 0 0 0 0 0 79 0 69 0 0 57 76 0 0 0 0 0 0 64 0 0 0 40 0 0 0 0 0 0 0 0 0
0 0 0 28 0 0 65 0 0 0 0 10 17 0 0 0 0 0 26 45 39 83 0 0 12 34 0 0 66 0 0 0 26 0 64 0 0 0 2 0 0 0 0 0 0 0 18 2 0 0
49 0 0 4 0 0 0 0 49 0 30 0 0 0 20 48 0 0 0 51 96 35 0 0 0 69 63 0 0 59 0 42 70 94 78 96 0 0 0 0 0 0 0 30 32 0 0 0 0 0
82 0 54 79 0 94 0 98 0 0 30 61 0 0 0 0 0 52 17 0 32 0 98 0 42 56 0 75 39 0 0 0 98 0 0 0 0 4 87 0 0 0 0 0 0 0 0 0 0 16
0 0 37 0 0 0 0 0 0 29 52 70 59 0 95 0 0 0 49 23 0 40 33 32 0 13 0 0 0 0 96 62 25 0 20 0 0 79 0 0 0 78 0 0 56 0 16 0 46 0
37 0 0 80 27 0 83 0 0 38 0 0 0 0 0 0 0 0 67 64 0 0 0 54 0 0 94 3 0 0 0 0 70 0 0 58 28 0 0 0 0 0 73 4 8 0 0 0 0 30
0 0 0 0 20 75 0 0 0 0 83 0 0 0 70 69 31 0 0 0 0 0 11 64 0 0 0 0 0 0 0 0 33 0 0 91 0 0 46 0 0 0 57 0 0 39 0 45 37 0
0 0 0 0 0 0 0 18 0 0 0 0 0 0 0 16 0 0 0 0 0 37 0 0 0 0 55 0 0 0 97 0 20 0 0 0 85 0 0 0 0 0 0 0 67 0 0 0 0 0
47 45 0 0 0 0 64 0 60 0 97 0 0 0 0 0 0 23 73 0 0 0 0 0 0 0 0 0 0 5 0 0 0 0 0 68 80 0 94 0 0 62 0 0 0 4 0 0 0 0
0 0 0 29 0 60 28 0 62 0 6 92 1 0 0 32 0 0 0 63 53 0 22 46 0 38 51 0 0 0 0 0 0 0 0 0 0 83 91 0 0 0 0 0 32 28 0 0 0 99
0 0 0 0 0 0 0 42 0 0 46 68 0 0 0 0 21 90 77 0 0 0 4 50 88 0 0 0 0 0 9 86 0 0 0 0 0 56 0 46 77 0 33 0 0 35 0 46 33 0
29 57 0 0 37 0 0 0 0 0 91 0 0 0 3 6 0 11 0 0 0 92 0 31 0 0 0 1 0 7 0 98 62 88 0 0 77 0 0 0 80 0 24 0 48 0 92 0 0 0
0 0 0 0 0 0 79 0 0 0 0 99 65 0 0 49 0 0 0 18 0 0 78 0 30 0 0 0 0 0 0 0 74 0 0 0 0 31 1 0 75 0 40 0 50 0 12 90 0 0
0 0 0 0 0 0 0 0 0 0 0 70 0 53 0 0 0 78 0 89 76 0 0 0 0 0 0 0 0 2 76 0 0 54 23 0 0 0 0 94 0 16 4 0 0 0 0 77 69 0
0 0 0 77 0 53 0 0 0 0 0 0 0 0 0 42 0 0 0 0 0 0 6 47 0 0 0 82 0 0 0 32 0 0 0 30 91 0 0 0 0 0 0 0 0 94 64 37 81 0
78 0 55 84 0 0 0 0 0 95 0 0 0 10 0 0 0 0 0 0 0 0 10 0 63 0 6 0 0 9 0 0 41 0 1 0 71 98 54 0 18 0 60 0 24 0 66 0 0 0
0 0 0 0 0 13 0 98 0 21 0 42 0 24 0 0 0 0 47 94 0 46 0 0 10 0 0 72 0 0 0 0 0 95 0 0 79 0 0 0 0 0 53 76 0 85 89 0 0 0
0 16 0 28 0 0 4 0 0 0 3 0 0 0 89 12 92 0 27 94 52 0 0 0 1 0 27 0 0 0 0 0 0 46 0 0 0 0 5 0 0 0 0 0 3 29 0 0 80 0
0 0 66 0 61 0 0 64 0 0 68 0 17 93 0 0 20 41 0 97 30 0 0 0 27 0 0 26 81 0 0 96 0 0 61 83 0 0 0 73 0 0 0 0 0 0 19 0 85 2
0 87 14 0 0 17 0 68 0 0 10 0 53 87 0 0 0 50 0 45 13 29 0 0 0 0 58 0 0 15 0 0 0 0 0 0 0 0 0 0 77 0 0 18 0 0 0 36 0 0
74 0 0 0 0 81 59 0 0 0 27 0 69 54 46 30 0 0 75 93 0 76 54 0 0 0 40 0 0 0 88 0 42 0 0 77 0 0 0 0 11 61 25 84 0 0 34 31 0 93
43 53 0 0 0 90 46 0 0 0 0 0 0 21 0 0 16 88 0 0 0 0 8 0 84 0 0 0 0 0 0 0 45 0 0 0 0 0 0 0 0 25 0 0 31 0 0 0 0 51
0 61 0 0 0 0 5 0 81 0 0 32 0 0 81 0 0 0 64 34 0 0 0 0 0 0 0 83 94 0 0 34 0 42 0 0 19 0 0 0 1 0 0 0 0 0 0 0 74 0
0 0 0 90 0 0 0 0 75 0 0 0 0 75 78 69 76 0 0 0 69 0 0 0 22 45 0 0 58 1 0 12 40 24 0 0 31 30 55 0 0 0 0 0 0 0 22 45 93 77
46 0 0 0 0 0 0 0 0 43 0 0 0 0 0 77 0 0 0 27 0 0 63 9 0 0 0 0 0 0 52 0 44 0 0 0 39 86 0 0 0 0 62 0 0 0 0 0 75 72
14 68 0 42 91 98 0 0 0 0 0 56 45 0 0 0 0 0 0 0 29 0 0 0 0 45 0 0 0 0 81 20 0 0 0 95 0 14 0 0 0 0 0 46 62 0 0 0 0 33
58 37 0 0 43 21 0 0 17 0 0 0 0 0 34 0 80 0 52 51 0 0 95 0 0 0 76 0 0 0 0 24 14 0 0 0 0 0 0 0 0 62 0 77 90 0 0 0 0 62
0 65 0 0 12 0 0 58 0 0 0 0 0 0 0 0 0 0 68 0 81 0 19 0 1 0 0 0 0 0 0 0 45 0 0 0 0 74 0 23 0 0 0 0 0 0 0 85 0 0
0 0 0 81 29 0 0 21 72 91 0 32 16 58 0 46 0 0 0 0 0 0 0 0 68 0 0 32 42 32 26 25 94 0 18 0 0 0 0 0 37 0 0 0 0 0 4 0 0 0
59 0 17 0 16 8 0 0 0 0 0 0 0 0 0 53 87 5 0 0 99 68 40 0 0 0 0 0 0 0 10 0 0 53 57 0 0 93 80 91 77 0 9 0 0 0 15 94 0 0
0 0 0 0 0 0 5 0 0 0 97 0 0 0 0 62 0 0 0 0 0 0 91 0 0 0 0 58 0 0 0 32 0 62 0 0 48 89 0 0 0 0 77 0 0 64 0 0 52 6
43 40 0 0 0 60 0 0 79 0 0 33 32 3 7 9 11 0 0 40 0 0 94 0 0 83 94 0 0 0 0 0 0 99 0 26 37 0 0 0 56 0 51 0 0 0 47 75 0 34
0 25 0 0 0 86 0 0 0 5 14 0 80 10 0 24 0 76 0 0 26 21 0 0 49 0 0 0 74 0 0 43 0 24 0 0 0 23 0 74 40 0 0 0 1 0 0 0 41 0
0 60 0 0 0 85 0 0 0 0 64 0 0 71 0 0 0 70 0 70 72 0 0 0 0 70 0 0 0 97 0 0 92 0 0 70 33 0 0 89 93 0 16 40 0 0 0 0 0 0
93 0 0 0 2 0 0 0 49 0 0 0 94 0 0 3 0 0 0 0 0 40 2 30 28 0 0 0 0 70 0 0 0 73 96 0 0 24 0 0 0 93 87 0 75 0 0 89 0 0
44 0 56 0 0 0 0 57 0 41 86 0 0 0 11 0 10 91 0 0 96 0 0 59 0 0 0 41 0 0 0 28 0 0 0 84 0 0 86 0 0 13 0 52 0 0 84 0 0 39
0 0 70 0 0 0 16 0 0 0 20 0 0 0 0 0 0 0 0 0 10 0 65 0 0 6 21 0 8 0 0 0 27 0 34 0 0 0 0 0 14 79 0 53 0 0 0 0 0 0
0 0 6 0 0 26 36 0 81 40 19 19 0 0 0 60 99 0 93 20 0 98 0 73 21 0 0 67 0 98 90 0 0 26 0 0 0 0 0 0 0 62 0 0 0 0 0 0 46 18
0 0 0 20 0 0 34 41 44 0 0 0 0 79 27 0 0 0 0 0 35 0 73 0 0 0 0 22 13 96 91 41 46 0 46 57 0 39 0 69 0 0 0 0 0 0 0 35 0 0
0 0 0 0 0 0 20 0 0 16 0 24 0 0 0 0 0 70 0 0 0 68 0 0 27 0 0 49 70 0 0 0 0 0 0 0 0 54 0 39 68 0 49 0 95 0 0 0 0 0
0 91 0 0 0 91 0 0 0 0 0 0 0 0 47 0 0 3 6 0 0 7 13 0 0 76 0 0 17 0 0 0 0 0 15 0 46 74 0 0 0 0 0 64 0 0 0 0 0 0
0 0 0 0 0 0 14 0 0 0 0 0 0 16 92 24 0 78 0 0 0 0 0 0 0 93 0 0 68 0 0 0 58 0 83 0 43 56 0 68 0 0 70 0 99 0 59 89 0 11
15 0 0 0 74 0 0 0 0 0 50 90 58 80 47 0 0 98 0 0 0 0 0 52 0 39 0 0 0 0 42 6 46 24 0 0 3 69 0 0 0 39 85 0 0 89 0 83 61 0
0 0 68 0 79 0 0 10 48 0 20 0 47 0 0 0 0 87 0 0 0 0 0 88 0 0 53 51 53 0 0 0 0 86 0 47 0 0 0 0 93 0 0 0 28 47 0 36 0 0
92 0 13 0 0 84 0 10 72 98 0 54 0 0 0 0 0 0 0 48 4 0 0 70 0 0 0 87 0 97 0 0 0 77 0 0 0 0 0 0 0 0 33 91 0 0 0 78 0 0
0 0 0 76 0 0 0 0 0 41 0 0 0 0 73 0 0 0 83 0 0 59 51 0 0 0 0 0 0 0 4 34 0 0 0 33 48 0 5 0 0 0 0 0 0 0 0 0 0 0
