0 0 13 0 0 0 15 0 11 0 0 85 0 99 0 0 1 0 0 0
0 0 67 0 0 0 0 50 0 90 0 10 0 0 0 53 10 0 0 89
0 51 0 43 28 5 0 0 0 38 85 70 7 0 0 84 0 0 0 0
2 0 0 0 0 0 6 0 0 7 0 0 45 0 0 71 0 62 30 0
0 0 0 60 47 97 0 20 0 0 67 0 10 0 14 39 0 74 21 0
33 81 81 0 0 0 0 0 11 0 11 0 0 0 42 0 0 0 0 65
0 0 72 0 0 50 23 42 30 87 44 92 0 0 0 0 0 33 0 51
12 54 53 0 0 0 0 0 0 0 0 0 0 0 0 0 0 0 0 0
0 28 0 0 0 0 16 0 0 0 0 0 0 0 0 0 0 6 0 0
71 0 0 0 17 0 0 0 0 0 0 0 14 0 42 0 0 0 0 8
0 0 0 0 0 98 0 85 0 58 35 0 0 0 0 0 0 0 4 0
60 20 0 0 0 0 0 0 0 11 0 0 66 0 0 0 0 59 0 0
0 0 0 0 92 0 32 0 0 0 0 0 0 0 0 0 95 0 0 0
0 12 0 16 0 56 0 82 0 14 85 0 0 0 0 53 75 99 0 0
0 90 0 58 87 0 0 0 36 0 0 85 0 85 0 0 0 0 96 64
70 0 0 0 85 47 0 45 1 0 0 0 0 43 0 0 3 0 0 0
0 64 75 0 0 0 0 0 94 28 33 0 0 0 62 0 40 43 62 94
0 0 0 26 1 5 0 0 2 99 96 0 0 0 73 0 29 0 15 0
0 0 0 89 0 0 5 0 0 29 0 0 0 0 0 0 87 0 46 0
66 0 81 0 13 0 76 97 0 0 85 0 0 0 94 54 0 0 0 0
32 25 40 26 49 0 0 0 0 20 32 77 0 0 0 65 0 0 0 0
96 38 51 15 7 0 29 0 0 12 27 0 0 44 0 0 0 0 0 0
0 0 0 65 0 0 0 0 40 0 0 0 0 15 0 45 14 68 0 0
0 85 0 0 0 0 73 0 0 58 61 60 45 0 38 0 88 0 0 48
0 0 0 0 11 0 94 0 0 0 27 23 0 0 0 0 0 0 43 0
0 0 0 90 0 5 5 8 24 0 0 0 23 0 81 0 0 0 0 98
62 0 0 85 0 22 25 0 0 0 0 22 0 69 31 0 0 0 0 0
0 0 0 0 0 54 0 33 10 0 0 0 84 86 0 0 0 0 0 0
14 0 0 58 0 0 0 0 0 0 0 47 4 0 93 0 0 0 0 0
67 21 0 0 67 0 77 84 0 0 51 0 0 0 18 0 0 40 59 0
80 0 0 65 0 4 0 17 2 0 0 0 38 22 0 70 0 66 0 0
56 20 0 0 0 0 0 1 25 0 0 0 0 0 0 32 0 12 0 0
0 6 0 0 0 30 27 0 71 43 33 0 0 0 0 0 0 39 11 0
75 0 0 0 0 0 37 14 0 30 0 7 0 98 0 0 0 0 0 0
0 0 0 0 12 0 53 0 65 59 0 13 0 0 0 0 11 0 0 0
65 0 98 56 0 0 0 0 0 0 0 0 93 0 0 80 0 0 0 0
30 0 0 0 0 0 0 11 0 0 0 0 0 0 95 0 28 0 0 98
0 0 0 44 81 0 0 0 0 62 0 0 0 34 0 0 0 89 38 0
78 0 18 2 89 0 68 0 0 0 0 0 0 59 0 0 73 0 63 0
0 0 64 16 0 59 47 73 0 0 65 0 30 0 65 0 0 80 0 0
0 0 0 51 0 0 20 0 74 6 0 0 0 0 46 0 0 0 0 0
0 12 37 0 0 33 46 0 0 0 0 18 55 0 0 0 6 0 0 0
0 0 0 0 0 0 0 36 0 72 81 25 17 0 0 26 0 0 97 0
0 0 0 3 0 47 0 0 0 0 25 13 0 78 0 1 0 0 0 0
0 50 0 0 0 0 0 68 0 0 0 0 0 0 0 40 0 0 12 87
39 0 0 26 0 0 0 0 14 90 0 0 0 0 0 0 73 94 0 0
0 0 99 0 0 0 0 43 0 0 0 20 0 74 0 7 0 0 0 0
0 0 0 0 0 0 0 0 51 0 0 72 0 43 0 0 0 0 0 0
98 0 0 0 0 0 0 0 89 0 88 0 0 0 73 63 0 0 1 0
50 0 0 91 0 0 83 77 0 15 0 0 0 0 82 0 5 0 0 0
