0 0 0 0 0 0 0 89 88 0 0 0 0 66 75 52 52 65 0 0
0 0 74 88 37 97 0 35 0 75 0 47 0 0 0 0 0 0 11 53
0 94 0 0 0 0 0 0 0 65 0 0 63 0 0 9 69 53 0 0
0 20 0 0 46 0 0 0 0 0 0 0 0 79 0 0 0 0 98 78
14 0 41 0 7 75 0 0 89 0 0 58 0 51 0 47 0 72 0 0
18 0 0 74 0 0 38 23 0 25 0 0 0 0 70 0 74 96 0 0
0 30 0 0 63 99 0 0 12 0 0 0 0 0 0 47 0 42 9 82
38 59 0 26 0 54 0 62 48 0 68 75 70 0 89 50 0 0 0 20
0 0 0 0 0 61 18 0 9 0 88 28 55 0 0 0 0 0 0 89
0 19 96 0 0 0 0 0 52 0 0 0 0 0 0 41 0 9 0 0
46 18 0 0 0 0 0 11 0 0 0 0 74 19 0 13 0 0 90 67
65 82 87 30 0 32 0 0 0 0 0 0 58 95 63 0 0 0 0 0
52 21 0 0 0 50 0 0 0 0 0 0 0 48 0 59 68 0 0 13
94 0 0 0 0 18 0 0 0 0 0 54 68 0 0 0 0 0 0 0
76 0 0 0 0 57 82 0 0 0 37 0 0 0 0 0 4 0 0 0
0 81 0 67 0 0 22 0 0 0 0 0 0 0 0 84 0 0 0 59
0 0 0 0 0 0 0 0 46 69 0 59 0 7 0 0 0 0 0 0
30 0 0 25 0 0 0 0 27 0 30 0 93 0 0 0 0 11 0 0
0 0 16 0 0 0 31 0 56 42 42 0 0 0 0 15 0 42 83 0
0 83 72 0 45 0 0 2 94 0 0 22 0 0 52 0 0 0 0 0
0 10 0 0 7 0 56 0 18 28 75 0 0 0 34 0 0 0 0 0
43 0 0 0 67 0 0 83 0 0 0 50 97 92 0 0 0 0 0 62
53 37 0 7 0 0 95 0 24 0 0 78 19 31 0 0 0 0 0 17
0 30 0 0 0 0 0 84 77 23 0 42 0 0 58 77 0 75 27 13
0 0 0 0 0 0 0 0 70 0 0 0 0 0 0 0 4 0 0 0
0 0 0 73 90 0 53 0 0 0 0 48 0 0 0 0 0 0 0 0
73 84 0 0 0 0 8 0 66 0 24 0 67 0 47 63 0 0 0 0
13 0 0 53 66 0 0 0 0 75 0 0 57 0 0 0 0 7 0 0
0 0 0 87 0 52 76 60 4 0 0 0 0 92 8 48 0 0 0 93
0 54 17 0 0 0 0 9 0 0 0 96 0 0 0 0 93 0 0 0
0 0 0 73 0 0 15 89 0 0 47 0 0 70 0 12 9 36 0 27
10 71 0 76 0 0 0 95 0 24 0 0 73 15 52 0 56 0 0 0
51 7 0 0 71 0 0 8 0 0 0 0 0 4 0 0 0 0 0 56
0 67 0 22 0 29 0 0 0 97 43 63 0 0 0 0 0 0 0 0
63 0 34 0 0 0 0 0 0 0 0 0 10 0 0 42 0 0 0 70
24 0 0 57 0 0 89 74 0 0 0 0 0 0 0 68 0 75 0 0
97 0 83 0 0 99 71 0 86 44 51 0 87 0 0 95 0 0 84 0
0 0 62 0 0 98 26 0 0 91 38 0 18 23 0 32 22 0 0 0
0 0 80 0 0 0 0 0 15 90 0 0 32 0 0 0 29 0 0 0
83 0 0 54 0 0 0 0 76 0 0 0 39 0 0 0 39 0 0 0
0 0 12 46 0 0 0 0 0 0 2 0 0 48 0 0 19 22 54 0
0 0 0 0 18 0 0 41 82 0 0 0 86 0 16 3 32 0 54 0
67 0 0 0 0 0 0 97 0 0 0 17 0 0 0 0 0 0 0 0
0 3 0 0 0 0 0 0 51 0 53 0 0 91 0 0 0 99 0 75
0 20 0 0 0 0 0 0 0 0 0 0 91 0 0 0 99 0 76 0
0 0 46 74 0 17 0 0 0 0 73 0 25 0 0 87 0 0 0 14
0 0 0 0 96 0 0 0 57 0 0 0 0 19 0 0 0 0 0 81
0 64 0 0 0 79 0 0 43 0 0 2 0 40 0 0 0 0 0 0
0 0 24 0 0 24 0 0 0 40 0 0 0 52 0 0 0 13 0 0
28 0 98 0 85 64 0 15 0 0 0 0 0 0 0 0 56 0 0 0
