0 13 0 69 0 0 0 0 0 0 0 64 0 0 84 0 0 74 56 0 0 0 0 0 0 0 0 0 0 0
0 0 0 0 5 0 0 0 0 0 0 0 0 28 97 0 47 0 0 0 0 0 46 0 60 0 0 0 0 0
0 0 41 0 0 85 0 0 0 0 3 0 0 0 23 0 0 46 4 0 0 16 0 0 0 0 0 0 0 0
0 0 13 0 0 0 0 72 0 0 0 0 0 0 0 0 0 0 0 0 83 0 0 0 0 0 47 0 0 47
36 0 0 30 0 0 0 0 0 0 0 56 52 0 0 0 9 0 0 0 0 79 0 5 0 85 79 0 0 0
0 0 0 87 0 0 0 0 17 0 0 0 0 25 0 0 0 0 4 0 65 0 0 0 0 0 0 0 0 0
0 0 0 91 0 0 0 0 0 0 0 0 0 38 0 0 0 0 42 0 0 0 0 0 0 0 0 0 0 0
0 56 8 0 0 83 0 0 0 0 33 40 0 6 0 0 0 0 33 0 0 19 0 42 0 21 16 0 0 0
0 0 0 0 0 0 0 0 24 0 0 72 0 0 0 0 0 0 0 32 0 0 0 0 0 0 0 0 0 0
0 0 85 0 0 0 0 0 0 0 0 0 0 0 0 25 0 0 0 0 0 0 0 0 0 0 20 22 26 0
