99 0 0 0 0 0 85 0 0 0 0 46 0 0 0 70 0 0 86 0 39 0 0 0 0 26 0 83 70 21 0 0 0 0 67 14 18 0 0 0 0 0 63 80 33 0 95 62 0 0
0 41 13 21 0 27 0 0 69 0 36 0 0 0 81 0 17 0 0 11 0 76 0 41 9 72 56 0 0 0 73 0 0 0 0 34 60 0 0 21 0 0 59 0 0 0 0 85 0 0
0 0 0 66 0 11 0 0 0 39 0 72 0 0 0 0 0 0 0 0 0 72 0 0 0 0 0 0 77 0 0 52 6 0 89 0 76 84 0 0 22 0 0 0 0 6 0 0 0 0
0 0 0 0 86 87 49 59 0 0 0 0 54 62 0 0 0 19 42 0 0 0 0 0 0 0 0 0 0 0 0 54 69 0 57 0 0 0 34 0 0 71 96 27 32 0 85 0 0 0
0 0 65 0 93 0 0 0 0 0 0 0 0 0 0 0 0 0 6 0 81 71 62 0 0 99 0 15 87 0 73 94 0 0 24 82 0 0 15 27 0 90 0 95 0 0 62 0 0 81
0 0 0 84 0 0 47 73 0 0 0 41 54 0 94 52 0 73 0 0 33 0 0 0 0 80 0 0 0 0 0 0 0 0 0 80 0 1 83 78 0 0 0 0 0 0 1 0 0 0
0 0 0 0 33 21 0 43 25 90 29 0 0 90 0 0 0 83 78 0 0 0 47 39 0 72 0 0 0 92 0 35 1 0 0 0 73 0 56 0 0 0 29 0 0 0 0 0 0 61
0 0 50 0 0 0 0 75 0 0 84 0 0 0 99 51 0 91 0 0 11 0 52 0 0 46 0 65 0 16 0 0 0 0 0 0 11 0 0 83 0 0 0 0 0 0 0 77 94 19
0 23 0 33 0 0 0 0 0 41 0 0 0 0 0 0 0 57 3 0 0 0 0 0 0 91 0 15 52 12 0 0 5 0 0 0 0 0 0 0 0 0 0 0 0 5 0 46 0 0
0 80 0 0 0 23 0 0 65 76 67 0 0 0 0 0 53 12 46 0 0 59 0 60 14 0 43 0 0 0 0 0 23 0 0 0 0 60 0 0 0 0 0 69 0 41 0 0 91 0
