0 48 0 0 0 0 0 0 28 0 0 0 0 0 0 0 78 0 0 0
0 0 76 78 0 0 0 0 0 0 0 0 0 0 0 0 4 0 0 0
0 0 0 0 0 0 0 0 3 94 0 0 0 95 0 0 0 0 0 0
0 0 0 0 0 0 0 0 0 35 0 19 55 0 0 0 0 87 61 0
0 0 0 0 0 76 0 35 0 0 0 0 0 0 30 0 0 0 0 0
0 0 0 0 0 0 0 0 41 56 0 0 0 0 61 0 0 16 0 0
98 0 0 91 0 26 0 0 61 0 0 0 0 82 70 0 0 59 0 93
0 0 0 0 0 0 0 10 15 0 0 0 0 0 0 0 0 63 27 0
0 0 16 0 0 14 27 0 0 0 29 0 0 0 0 44 0 0 0 0
0 75 0 0 19 0 0 0 0 0 0 0 0 0 0 0 0 0 0 0
0 0 0 0 0 0 0 0 84 0 0 0 0 0 0 0 96 0 0 0
0 0 0 0 0 0 0 0 0 0 0 0 0 0 0 74 58 0 0 0
0 0 72 5 0 0 0 0 83 0 0 0 0 5 0 0 0 32 0 15
0 0 0 0 0 0 0 50 0 0 0 0 0 0 49 0 0 0 0 0
0 0 0 0 0 0 68 0 0 0 96 31 0 45 0 0 0 0 78 0
16 0 0 5 0 0 16 28 0 0 78 0 0 0 0 10 46 0 0 0
0 55 0 73 21 44 4 85 0 0 0 0 0 0 0 0 0 0 0 0
0 0 93 0 0 0 0 0 0 0 0 16 0 0 0 0 0 0 0 0
84 0 0 0 0 16 0 0 37 0 0 0 0 0 51 0 0 0 0 53
0 0 0 0 0 0 0 0 0 0 0 0 0 47 0 0 19 0 0 99
