0 0 0 0 0 71 0 31 0 27 0 0 0 0 79 0 0 0 55 0 0 0 0 22 0 21 0 0 0 0 12 94 0 0 0 0 0 5 0 34
0 0 0 0 0 0 0 50 72 0 0 0 0 92 36 0 0 0 0 0 0 0 0 9 0 0 0 0 0 0 0 0 77 0 0 0 83 46 0 0
0 0 37 0 0 21 57 61 35 0 0 5 0 87 0 30 0 39 0 86 85 0 0 0 96 0 0 0 0 0 0 0 0 0 0 0 0 0 56 99
0 14 18 0 70 0 0 96 0 0 0 54 0 6 0 0 93 0 76 0 0 0 52 50 0 37 0 0 0 12 0 0 67 0 0 57 0 0 0 0
54 0 0 26 58 6 49 0 34 74 0 0 0 51 0 0 0 0 60 0 93 0 0 0 45 0 87 0 0 0 54 0 0 96 27 0 0 0 0 36
29 88 58 0 0 0 59 58 0 2 0 0 15 0 99 6 0 0 0 0 0 0 0 0 0 0 0 0 0 0 0 41 87 12 0 0 60 0 42 0
0 15 0 0 0 0 37 0 0 0 0 82 0 0 66 45 82 84 69 42 0 0 88 58 73 0 71 0 0 0 48 0 0 0 15 35 0 0 0 37
0 12 67 70 59 0 0 45 0 5 0 98 98 0 81 0 60 0 0 0 0 0 33 63 0 0 98 0 63 0 70 0 0 0 0 8 0 0 52 0
0 0 0 0 0 17 0 0 0 0 0 0 0 0 20 0 0 0 0 0 0 26 0 0 0 0 83 0 0 64 0 0 0 93 0 0 0 33 28 0
0 76 0 0 0 53 0 69 0 0 43 55 0 0 0 0 0 0 54 0 73 0 0 0 0 0 0 0 93 0 0 0 0 0 0 0 55 0 0 28
0 0 16 0 5 0 0 0 0 0 0 0 0 0 67 0 0 0 0 0 76 0 0 0 0 96 0 0 0 0 0 74 9 16 0 8 0 0 0 36
35 90 6 0 0 0 0 0 0 80 0 0 0 0 0 22 20 0 0 0 0 0 0 0 0 0 0 6 0 0 44 0 27 60 0 49 0 0 60 0
0 0 85 0 18 0 0 0 59 0 41 74 0 0 0 0 0 0 63 0 4 85 73 0 98 0 92 0 0 49 0 0 0 0 0 87 0 0 0 0
59 0 47 0 0 0 0 0 0 81 0 0 0 92 0 11 0 0 0 0 0 0 0 9 44 0 0 0 0 41 0 0 0 64 0 0 22 6 0 4
22 0 19 0 70 0 0 0 0 36 0 70 81 19 0 0 16 68 0 0 0 0 25 0 0 0 91 42 0 0 49 0 50 0 0 12 0 0 30 1
88 70 0 0 0 0 66 42 0 98 0 0 0 0 0 0 0 6 0 49 57 0 55 0 0 0 85 51 0 0 0 66 0 48 0 0 0 87 0 63
94 52 43 0 53 53 0 0 0 0 94 74 0 94 19 82 38 0 0 52 0 0 30 0 0 48 0 0 0 0 0 72 0 0 0 94 44 64 0 0
34 0 0 0 0 0 0 0 81 0 0 0 0 28 0 72 0 0 98 0 0 0 0 0 66 42 16 0 0 0 13 0 25 0 0 0 0 0 0 61
0 43 19 0 0 0 0 63 31 0 0 0 0 0 0 0 0 0 0 0 0 0 0 71 0 88 0 56 0 0 0 55 55 61 0 71 0 0 0 99
48 0 0 0 51 0 0 14 20 83 0 0 0 5 0 0 0 84 0 0 0 0 0 0 6 0 6 85 36 0 24 0 0 53 29 0 75 0 0 0
