77 0 0 96 0 0 0 24 0 0 0 0 0 12 0 0 0 0 0 0 0 63 0 9 43 0 11 0 0 0 0 0 0 0 0 0 44 0 0 0 0 56 0 53 0 0 0 68 0 61
0 0 0 0 0 0 44 0 0 74 0 0 0 54 0 0 0 0 0 0 0 79 27 60 0 0 0 0 0 0 0 0 0 71 0 0 0 0 28 91 0 0 0 0 20 38 0 66 0 0
7 0 97 0 0 55 0 0 0 73 0 4 0 0 0 32 0 83 0 73 0 25 0 0 58 0 0 0 0 71 76 0 0 0 0 0 7 78 0 0 0 13 0 0 84 63 0 0 0 27
0 0 95 0 28 29 0 0 0 15 0 0 0 0 0 0 0 0 79 0 0 42 0 0 0 0 0 0 0 0 0 66 0 0 0 0 0 0 27 0 16 0 0 52 0 0 0 0 0 0
50 0 0 85 0 0 0 0 0 0 0 0 0 0 68 0 41 0 19 48 0 0 89 0 0 0 10 0 0 0 0 0 0 0 92 0 0 0 0 0 53 0 73 0 0 0 0 0 97 0
0 30 0 0 0 0 0 26 0 0 0 0 0 0 0 0 0 22 84 0 0 0 0 0 0 14 0 0 0 0 0 0 0 0 76 0 0 0 44 84 0 0 0 0 0 0 71 0 46 0
91 82 0 58 0 0 0 76 0 0 0 0 0 0 94 0 0 0 0 96 0 0 0 0 0 6 0 14 43 0 0 0 0 0 0 0 0 0 0 0 0 0 2 0 87 0 0 0 0 0
0 0 0 32 85 0 0 80 0 34 0 0 34 57 0 0 0 0 0 0 0 0 0 0 0 0 84 0 0 0 73 0 48 0 0 0 0 0 0 30 0 0 0 0 0 2 0 0 0 54
0 0 0 81 0 0 0 0 0 0 89 53 0 0 37 0 0 26 0 0 18 0 0 0 0 0 97 94 78 0 0 80 28 24 0 21 75 0 0 0 0 1 0 0 0 0 0 0 0 0
0 0 0 0 0 0 0 0 0 0 0 0 0 0 0 0 92 0 0 0 0 0 0 0 14 0 0 66 0 0 0 0 0 0 75 0 0 19 1 0 0 0 93 0 0 77 0 0 10 0
