0 76 0 0 0 0 2 0 0 0
0 59 0 0 0 0 0 0 0 36
0 0 8 0 0 0 0 0 27 76
0 0 0 0 0 89 0 0 60 0
70 0 0 71 0 27 0 0 0 97
0 45 0 0 0 0 29 0 40 0
0 77 0 0 0 15 0 0 0 0
0 0 0 88 12 62 0 0 0 52
0 0 0 0 0 48 0 0 53 0
71 0 93 0 0 0 62 0 88 0
13 15 51 0 16 0 0 0 0 97
0 61 0 0 0 0 83 0 99 21
30 0 0 0 19 78 0 0 0 0
58 0 0 0 0 0 45 21 93 40
57 0 0 68 0 74 0 0 29 48
0 0 0 0 0 0 0 0 0 0
0 0 21 64 0 0 0 0 0 0
0 0 0 0 0 0 0 55 0 83
0 80 0 73 94 66 0 45 0 42
0 0 63 26 58 0 65 0 41 0
0 0 0 0 0 0 0 93 40 61
3 0 0 0 22 0 0 0 30 0
0 0 0 61 0 0 0 63 0 12
0 4 0 0 14 0 0 0 71 76
69 0 0 76 99 0 0 0 0 82
53 0 0 58 0 25 0 4 33 15
35 0 0 4 1 0 0 0 6 0
0 47 33 27 0 94 0 74 0 0
0 0 94 0 0 0 0 0 64 0
27 0 0 14 0 0 0 0 61 87
64 0 65 67 0 0 0 0 0 70
88 60 0 0 0 0 0 0 0 0
5 0 0 0 0 0 0 0 72 0
0 0 0 0 71 26 0 0 79 25
21 0 0 0 0 93 0 0 0 0
0 0 0 0 0 68 40 0 29 0
3 0 0 0 55 0 79 93 0 98
0 63 66 0 0 0 0 0 56 0
45 74 0 0 17 78 94 0 78 0
28 65 0 0 0 21 10 0 0 60
0 0 0 71 0 60 0 0 0 65
0 0 67 0 0 0 0 0 0 97
0 0 0 53 0 66 0 13 0 0
0 0 28 0 0 69 0 0 0 0
0 0 0 63 0 79 0 0 0 0
0 0 13 7 0 0 0 0 36 0
86 0 0 0 17 0 0 0 0 0
0 72 31 0 0 0 0 0 17 0
0 0 87 0 13 0 0 0 0 50
0 10 0 73 0 51 0 0 0 73
