0 0 0 0 0 52 0 0 0 33
67 0 31 0 0 0 0 69 0 0
0 0 0 0 0 0 0 0 0 0
0 0 0 0 0 46 0 0 0 22
13 0 0 79 29 0 0 9 94 0
0 0 0 0 0 28 54 0 0 38
0 0 94 0 0 56 0 7 0 0
0 17 0 64 0 92 11 0 0 0
0 38 0 0 0 93 0 0 0 8
0 0 0 70 0 0 0 68 0 26
0 0 10 0 12 0 11 0 27 16
0 0 3 0 0 0 0 0 0 0
0 75 0 0 0 0 0 2 0 0
0 72 0 0 33 23 0 0 10 0
0 0 0 86 0 0 0 7 0 0
88 0 0 0 0 0 83 0 0 0
0 0 0 0 0 81 0 0 0 81
0 0 39 0 0 0 0 0 0 0
11 19 88 0 68 0 0 54 0 9
0 0 0 0 0 19 0 0 0 0
0 0 0 0 45 0 0 20 0 0
0 44 0 8 0 0 53 0 0 0
94 98 52 2 0 0 0 0 30 0
0 54 0 0 75 0 47 87 0 0
0 87 15 57 0 0 17 0 0 38
0 0 35 21 0 0 0 0 1 6
0 54 0 0 0 13 0 0 0 0
0 0 0 0 0 6 0 0 7 0
42 0 0 32 0 0 31 0 55 83
0 19 33 0 0 0 61 0 0 0
0 0 0 0 0 0 6 0 0 0
88 82 0 0 90 27 0 0 0 0
0 0 0 0 7 0 0 0 0 0
0 23 0 0 0 30 0 60 0 0
0 0 0 25 98 0 0 0 21 72
0 91 0 69 0 91 0 0 93 0
0 0 82 0 22 17 0 0 0 0
0 0 81 0 23 0 0 44 67 25
8 81 0 0 63 0 0 0 46 0
32 0 2 0 0 0 0 63 0 19
0 69 0 0 74 0 79 0 0 64
2 62 45 0 38 0 0 32 0 0
9 34 0 0 0 51 0 18 0 43
0 0 0 0 97 0 0 0 0 6
53 80 28 0 0 0 1 30 95 47
84 0 0 0 0 0 29 39 86 0
0 0 0 0 0 0 0 0 81 0
18 0 0 0 69 0 7 7 76 10
0 0 79 27 0 51 21 0 0 0
89 0 0 73 48 78 0 39 0 0
