53 0 0 0 1 0 80 0 0 0 0 0 65 0 0 30 0 0 0 0 0 91 0 0 0 0 0 0 0 48
50 0 24 0 0 15 73 48 0 75 0 57 0 66 0 56 21 82 92 0 0 0 54 0 0 45 0 94 43 0
81 0 19 0 0 54 0 0 0 0 5 0 51 39 0 0 0 0 0 0 0 0 0 51 0 0 0 0 0 0
0 17 71 0 43 0 0 13 0 0 54 0 0 0 0 0 40 29 0 55 0 57 0 30 66 0 0 0 16 0
0 34 0 6 4 0 0 0 0 0 0 0 0 0 0 0 57 89 0 90 0 74 0 0 71 0 0 0 74 58
0 0 24 0 0 0 0 0 0 0 0 39 29 0 76 0 0 35 0 0 30 0 0 0 0 7 0 0 0 0
0 0 0 93 21 0 0 0 0 17 0 0 0 0 0 0 0 0 6 0 85 37 0 0 0 67 0 0 0 0
0 48 0 0 49 0 60 0 0 0 0 0 23 0 0 29 0 0 0 95 0 2 0 0 0 14 93 0 0 42
0 0 30 0 65 0 0 0 0 0 27 0 1 88 0 0 0 0 6 0 17 0 0 0 0 42 59 0 0 18
0 0 26 0 0 0 0 99 0 0 0 0 0 0 59 0 0 99 0 0 50 88 62 0 82 9 22 28 0 0
