0 80 0 0 0 29 0 0 50 54 9 0 46 0 0 0 0 0 0 24
0 0 0 0 0 0 63 0 0 0 0 0 0 0 68 0 51 0 0 92
0 0 0 91 0 0 0 14 97 0 0 0 0 0 0 0 73 0 0 0
0 76 47 0 86 39 0 25 0 0 87 18 0 0 0 0 0 0 12 0
0 54 0 0 0 37 19 55 0 0 70 0 0 0 0 0 40 0 0 0
67 0 0 0 2 0 0 0 88 0 81 0 0 0 0 0 0 0 0 27
0 35 6 28 0 0 0 98 54 0 65 0 45 0 0 0 0 0 47 0
0 0 0 0 76 0 30 0 0 74 0 0 53 0 0 0 95 97 0 0
0 64 0 0 0 77 0 70 0 0 0 0 0 0 0 0 0 0 0 72
0 0 0 25 81 64 50 0 0 0 0 0 0 95 0 0 0 0 0 0
0 0 0 0 0 0 19 0 82 76 21 0 18 31 0 33 0 41 0 11
0 0 20 0 0 0 0 99 67 0 0 94 16 20 0 0 74 55 0 0
0 0 0 35 0 42 0 0 0 0 0 0 0 0 0 0 0 58 0 41
4 18 52 0 0 0 26 0 0 0 0 74 49 0 18 0 26 95 0 5
0 4 0 51 0 0 0 0 0 15 0 0 0 0 80 0 0 0 43 0
0 0 0 7 92 0 0 46 0 76 0 42 0 0 0 76 12 88 0 71
0 0 0 98 22 0 0 9 0 0 0 0 1 0 0 0 0 0 81 0
0 0 6 60 90 0 1 50 65 45 0 0 68 0 4 10 0 0 0 0
0 0 0 87 0 0 98 0 0 0 73 87 0 0 98 66 0 61 0 54
30 0 21 0 87 0 31 0 0 0 0 0 0 0 0 0 0 0 85 36
0 0 4 0 0 0 7 0 0 0 0 66 67 0 0 0 0 0 0 0
43 13 0 0 0 0 0 0 87 0 76 0 0 0 0 0 65 0 94 25
0 0 0 0 0 0 0 36 0 0 0 0 0 30 0 53 0 0 0 50
0 0 0 0 0 50 0 81 0 0 0 0 0 32 0 0 0 68 0 0
76 0 0 20 93 0 0 17 0 93 0 0 0 0 0 0 0 7 0 3
0 0 0 0 0 0 93 0 0 44 0 0 50 0 45 0 0 61 43 0
77 0 0 87 0 0 39 0 0 0 0 13 0 0 46 0 45 8 0 98
94 0 42 58 0 0 0 0 0 0 0 0 8 0 0 0 70 0 0 0
95 0 0 0 75 64 0 93 0 52 0 0 0 31 0 0 0 36 0 6
18 0 14 75 0 0 0 22 6 0 0 0 77 0 77 0 60 0 0 0
28 0 0 19 0 46 57 0 53 0 0 55 93 0 40 0 0 0 0 47
0 75 0 90 0 78 0 0 0 0 0 0 39 0 0 50 71 13 0 48
0 0 0 0 0 0 0 0 0 0 0 54 0 16 0 64 0 0 27 14
0 0 0 0 0 6 0 0 0 89 0 0 0 0 4 0 0 0 0 0
44 91 0 99 0 0 0 0 0 70 0 0 0 0 0 0 14 0 53 81
0 0 34 0 25 63 0 0 0 1 29 51 54 0 0 15 81 0 0 0
0 0 0 0 40 0 0 3 35 0 0 62 30 71 0 12 0 77 86 0
0 0 69 95 0 0 19 0 23 84 16 0 17 15 77 0 0 0 0 0
0 0 0 0 0 0 0 0 20 0 90 92 0 47 0 0 0 0 0 0
0 0 54 0 73 0 0 17 0 0 0 99 0 0 34 0 0 0 36 0
63 63 0 0 0 57 0 0 58 66 43 0 0 48 95 80 0 0 0 0
89 0 80 45 20 0 0 0 0 0 72 0 0 0 0 0 0 0 0 34
42 0 3 0 0 58 19 51 0 0 0 52 0 0 0 0 44 0 0 0
0 0 79 4 55 84 0 0 42 41 0 95 79 0 18 0 0 43 0 0
0 3 13 90 0 47 0 0 0 0 0 22 0 0 0 0 0 0 0 27
0 0 0 0 51 0 25 0 5 0 19 0 16 80 0 0 0 36 0 16
0 0 0 0 87 95 0 0 0 0 95 0 47 0 0 41 0 0 0 31
0 0 0 0 49 0 0 0 60 0 0 0 0 20 0 0 39 0 0 0
0 84 0 0 52 98 0 0 0 5 98 93 13 0 0 0 0 0 0 1
0 0 56 0 0 9 0 0 79 25 0 0 0 0 0 29 0 0 0 0
