0 0 0 0 0 0 0 87 0 0
49 0 0 0 26 48 0 0 0 0
0 0 0 0 0 0 30 0 0 0
0 0 0 0 0 0 11 93 0 0
0 0 0 43 0 0 0 0 97 40
95 0 0 85 0 0 0 0 0 0
74 37 0 0 0 86 0 26 0 0
0 27 0 0 0 42 0 0 0 0
0 0 83 52 0 0 0 0 71 0
0 7 0 0 0 0 0 0 0 69
0 0 70 0 65 0 0 0 0 0
0 0 90 0 0 0 77 0 0 0
0 68 0 0 0 0 0 0 0 0
0 0 0 0 0 0 67 0 0 46
0 0 0 95 0 0 0 0 46 13
0 0 0 12 0 0 47 0 51 0
88 0 0 94 0 66 0 0 0 25
0 0 8 0 0 33 0 0 0 0
67 0 0 0 0 0 0 0 0 0
0 0 0 0 0 0 16 0 0 0
0 0 0 0 0 0 84 0 71 72
0 0 80 0 0 55 0 0 0 0
0 0 55 0 0 0 0 29 0 0
71 0 0 0 0 0 77 0 83 0
0 0 0 0 0 0 0 0 0 0
0 0 0 0 70 0 0 0 0 0
36 0 0 0 0 0 3 0 0 0
62 0 0 0 0 0 0 0 0 0
0 34 0 0 0 0 0 0 0 0
0 20 0 0 0 0 0 0 0 0
