76 0 0 0 0 0 0 45 0 0 0 36 0 67 0 33 12 0 0 0 0 0 28 67 0 66 5 97 0 62 31 47 0 0 0 11 0 0 0 71 0 0 0 31 0 22 0 0 88 0
0 36 0 0 22 0 91 94 99 0 6 0 78 0 0 74 0 38 0 0 0 0 0 29 52 94 0 0 80 0 79 0 0 0 0 0 0 91 8 0 0 85 86 59 0 36 81 29 0 90
0 4 0 99 0 58 0 0 0 41 0 0 48 0 17 44 0 13 0 0 0 34 0 0 0 0 5 0 0 0 0 0 0 0 0 0 0 0 0 0 0 0 0 0 0 61 98 0 0 33
56 0 0 12 60 0 0 0 0 7 0 0 0 0 0 0 14 0 83 39 0 0 0 0 80 0 0 0 0 0 0 31 0 0 9 0 29 0 0 0 0 0 0 0 13 0 0 51 80 0
0 0 0 0 99 7 0 0 0 0 0 0 34 14 0 0 0 32 54 0 0 0 0 0 0 0 0 0 0 0 0 0 0 0 0 53 0 28 0 0 0 93 0 0 92 47 0 95 0 0
0 39 56 0 0 0 0 60 0 0 30 0 0 0 0 0 0 0 0 69 19 0 0 24 0 0 0 12 0 0 0 74 0 85 0 41 0 0 0 28 0 0 0 0 12 0 0 0 13 0
9 0 0 0 76 70 0 0 0 0 31 0 0 0 0 0 0 0 66 0 0 0 0 0 69 36 0 0 0 0 0 43 24 0 0 0 0 87 0 15 3 0 0 39 0 0 0 79 0 0
0 0 0 0 11 23 0 0 0 0 0 0 72 0 14 0 0 0 0 0 0 0 0 0 0 0 61 0 0 0 0 0 33 68 86 57 0 12 0 0 0 0 0 0 76 51 0 0 24 0
0 77 45 0 13 0 0 35 18 76 0 22 0 33 62 0 0 0 75 0 0 0 0 0 14 85 0 66 0 0 0 11 0 53 0 99 0 58 91 0 0 8 0 81 58 58 63 0 0 0
8 20 0 0 0 73 0 0 65 33 47 0 0 0 0 0 0 0 0 0 77 0 0 0 0 0 0 61 0 0 0 0 0 0 0 9 76 0 0 0 0 0 78 43 0 0 0 49 0 0
79 13 0 0 2 62 46 0 0 0 0 0 0 4 43 0 0 0 0 49 0 12 36 0 71 0 0 0 0 0 0 0 0 0 0 0 0 0 0 0 0 88 0 37 55 11 52 0 0 0
0 74 20 0 0 23 0 0 0 3 0 17 17 0 85 95 46 0 0 0 0 0 0 0 56 71 34 19 0 0 0 0 30 70 4 0 53 16 51 0 45 41 0 0 0 0 0 0 0 0
0 0 86 94 61 0 42 0 0 72 71 0 0 0 0 0 0 59 0 32 0 97 12 0 0 0 0 78 22 62 15 61 0 0 0 71 0 0 0 0 0 0 11 0 0 85 98 17 0 0
0 0 35 0 0 0 0 0 0 0 0 0 0 0 0 0 0 0 0 50 21 51 0 5 56 0 0 75 0 0 0 26 0 0 0 0 0 91 68 60 0 0 0 58 22 61 0 0 0 28
0 0 0 0 0 1 34 0 29 39 11 17 50 93 60 0 0 91 0 0 29 0 0 85 0 0 0 0 36 78 64 0 85 0 25 41 0 19 0 0 0 89 1 0 54 43 61 8 0 0
0 38 0 0 0 0 0 0 0 14 92 0 0 0 0 0 46 91 0 84 42 47 47 0 81 0 15 0 0 0 12 40 0 65 41 0 0 0 0 59 69 0 0 41 0 0 0 73 94 0
0 0 0 99 21 72 0 86 0 0 0 86 0 32 16 0 0 0 0 0 85 0 0 63 87 0 62 53 0 0 0 0 0 0 68 0 0 0 29 0 0 0 0 11 0 25 0 0 0 97
20 0 0 34 0 0 0 0 0 75 0 0 0 0 0 80 86 0 9 0 0 0 54 0 0 0 0 0 0 66 0 0 88 0 32 64 0 0 0 89 0 0 58 82 0 41 0 91 0 0
51 0 0 0 0 0 0 0 0 0 79 0 51 70 70 0 0 0 0 0 47 0 0 13 0 0 0 0 0 0 0 0 0 0 74 0 0 0 0 0 0 0 28 0 0 0 0 0 0 54
3 0 6 0 0 0 21 0 0 0 16 83 0 56 0 0 0 0 0 0 0 0 0 0 4 0 0 0 0 0 0 0 0 0 3 0 37 80 0 0 0 27 0 0 55 79 3 79 0 0
