0 60 0 0 0 0 0 0 0 0 40 0 1 0 0 12 0 0 0 0 0 0 45 0 0 66 97 0 0 0
0 0 82 0 0 0 44 0 0 0 66 0 0 0 95 0 0 0 0 0 0 0 57 0 99 22 0 30 0 0
89 0 0 57 0 11 0 0 0 75 0 0 94 0 0 0 0 0 0 1 0 0 0 0 0 0 0 99 91 0
0 0 0 0 0 0 0 0 0 87 90 0 0 0 0 0 55 8 0 0 0 74 0 38 47 0 0 0 0 42
0 0 0 0 0 22 0 0 0 0 0 7 0 0 0 0 0 0 62 0 0 0 0 0 0 13 0 44 0 0
0 0 0 50 17 49 0 48 0 0 0 0 34 0 60 0 14 30 0 24 14 0 0 0 57 0 0 0 38 83
99 0 0 0 96 82 0 17 0 0 0 0 60 0 0 0 0 72 28 0 0 15 0 0 0 66 0 6 0 0
0 0 0 0 25 0 0 0 10 0 27 0 0 0 0 81 0 82 0 22 0 85 0 0 0 0 0 0 0 72
0 0 74 0 2 78 88 0 1 33 0 0 0 0 27 0 0 0 0 80 0 0 0 0 38 0 10 0 0 14
0 96 78 0 0 67 58 69 33 87 0 92 0 40 0 83 94 81 0 0 15 0 0 40 0 82 44 7 92 0
0 20 11 0 49 0 0 0 0 98 0 0 80 0 40 72 0 0 0 0 78 34 19 0 0 0 0 86 0 0
0 24 83 0 45 0 0 11 88 0 0 0 84 0 61 37 43 0 0 0 0 0 0 0 0 93 0 40 18 0
0 0 90 0 42 0 0 0 2 0 0 0 0 0 0 58 0 0 89 0 0 22 53 82 0 70 0 0 58 50
82 0 93 0 0 0 0 0 0 0 0 0 20 0 0 0 45 0 0 27 0 0 0 0 0 0 0 93 0 0
0 57 0 0 0 18 13 50 0 0 0 0 0 81 91 0 68 0 0 0 0 0 26 0 0 0 0 0 0 0
37 0 0 28 12 36 0 0 21 57 0 0 0 0 56 79 0 0 0 0 0 97 0 0 0 59 9 0 0 91
0 0 57 63 0 13 0 55 65 0 0 0 0 53 0 0 58 0 51 35 0 0 0 0 31 0 0 0 0 26
0 0 39 0 0 0 0 0 25 0 0 0 0 0 80 6 0 0 53 0 0 0 0 0 0 0 41 0 0 59
0 0 0 0 0 0 0 0 0 84 35 0 0 48 0 0 0 93 0 0 6 0 0 0 60 60 56 0 0 78
98 0 0 0 0 0 0 0 0 0 0 0 0 0 0 89 0 0 39 0 0 0 0 5 0 46 85 49 51 0
0 0 0 36 0 0 0 0 0 0 0 0 0 0 65 0 0 84 0 0 0 0 0 36 0 0 44 0 0 0
0 51 0 0 0 0 0 78 70 35 26 0 37 69 0 0 0 0 0 0 93 21 0 0 0 67 89 44 81 0
0 39 0 53 0 0 66 0 0 0 0 0 29 0 0 0 29 35 0 26 0 11 0 0 87 3 0 92 83 66
0 0 0 0 0 77 0 0 53 0 0 0 0 0 0 0 0 15 0 0 0 0 0 31 52 62 0 96 99 0
0 26 0 0 4 0 86 0 53 67 47 4 0 0 0 0 0 0 0 0 57 0 0 89 0 26 0 72 0 67
48 72 0 6 0 0 0 0 0 0 0 0 72 57 0 33 0 0 61 0 0 0 0 0 0 0 0 17 0 85
54 86 0 16 42 77 18 0 0 5 0 89 0 8 0 51 56 0 0 0 77 61 0 60 0 0 0 61 0 0
0 44 80 0 0 0 0 0 30 0 0 0 0 0 0 0 0 62 82 0 0 61 41 5 63 0 0 0 0 0
60 0 0 88 0 83 0 0 0 0 22 63 0 0 0 0 0 0 0 7 0 0 0 0 62 2 0 0 0 0
0 0 20 0 0 0 42 0 0 0 66 0 0 88 0 0 0 0 91 0 0 11 42 8 0 62 0 64 0 0
42 0 94 11 23 74 0 14 0 0 0 0 0 0 10 0 39 5 88 5 0 66 30 0 0 3 0 3 0 0
0 0 0 0 33 0 0 13 0 0 0 79 81 60 0 51 13 82 0 0 96 0 69 75 0 12 0 0 0 91
24 0 0 22 0 0 0 0 0 0 45 0 0 0 0 0 0 0 97 0 5 0 0 24 0 0 0 50 0 0
3 0 0 82 7 40 0 0 44 33 0 49 49 0 0 47 0 7 27 0 0 0 0 0 0 52 0 0 0 60
24 0 0 0 0 1 46 58 0 0 34 0 5 0 18 0 69 0 68 0 31 0 0 46 0 41 0 0 0 0
91 0 0 0 74 0 0 26 0 0 0 0 89 0 0 0 0 3 0 68 0 0 0 96 51 0 0 88 75 0
0 34 0 0 8 0 0 0 0 25 0 24 0 0 0 0 0 18 7 65 79 56 0 0 0 0 0 30 0 89
0 0 0 22 0 0 0 0 20 0 0 80 0 0 29 0 0 71 39 0 67 2 0 77 0 0 53 87 0 49
90 0 0 10 0 0 0 90 0 11 0 0 0 0 2 0 0 16 0 0 31 0 78 0 0 0 0 17 44 0
2 0 0 0 0 71 2 0 0 0 0 0 38 0 0 0 96 77 13 49 0 7 0 0 0 0 0 0 17 74
0 22 0 0 83 47 83 47 0 0 91 0 60 0 0 0 60 0 16 38 0 0 0 0 66 0 45 0 0 0
0 55 0 36 69 0 0 39 0 0 9 43 0 0 40 51 31 0 0 0 0 0 43 0 0 0 0 0 0 46
0 0 14 0 0 0 0 0 18 0 0 0 84 0 0 0 0 0 0 0 0 0 0 80 0 0 0 0 0 0
0 0 0 49 19 30 0 0 35 0 0 0 0 58 0 0 0 0 0 0 86 99 91 65 0 19 70 0 0 36
0 74 3 25 63 54 0 0 0 0 93 0 0 0 0 0 16 0 23 2 0 0 0 0 0 70 0 0 0 0
8 0 0 0 94 0 0 42 0 0 0 0 8 0 0 0 0 0 0 0 29 0 80 25 0 0 79 6 0 0
0 0 97 0 0 17 0 0 0 28 0 0 0 72 0 0 0 0 0 97 0 0 0 0 11 0 0 0 0 0
82 0 0 0 2 27 0 0 38 0 31 38 0 13 0 63 0 0 0 75 0 0 96 24 81 0 0 0 0 0
0 36 0 0 0 0 0 0 0 0 0 0 32 0 81 82 0 0 0 0 15 0 45 50 96 34 0 0 0 78
0 0 0 0 84 0 0 0 0 0 0 0 0 19 0 88 0 0 0 0 0 0 6 0 0 0 36 0 0 0
