29 27 98 0 0 0 0 0 51 48 0 0 46 0 53 0 53 0 21 0 0 65 0 0 0 47 0 0 0 8 38 2 0 0 44 0 77 0 70 0
0 0 0 77 0 0 0 0 0 0 0 51 0 0 0 0 0 0 0 0 65 41 57 50 0 0 0 0 0 0 64 0 0 0 0 0 0 3 0 43
0 0 0 78 0 0 46 0 42 0 19 47 15 62 63 78 0 0 39 0 69 0 0 96 0 35 0 0 0 0 0 0 6 0 0 0 0 60 0 0
71 13 0 0 25 0 55 0 0 0 39 0 0 35 0 0 0 38 0 82 6 0 0 0 20 0 0 0 0 0 0 0 0 0 0 36 82 0 0 24
75 56 91 93 32 0 0 34 61 0 0 84 37 38 0 33 44 0 69 0 0 0 87 42 0 71 86 82 0 0 0 69 15 0 25 14 0 0 8 82
0 0 0 0 0 0 0 0 0 0 0 65 0 0 0 0 0 0 0 0 0 0 0 67 0 0 10 0 45 0 0 0 0 0 59 0 15 0 0 66
0 0 0 29 20 73 0 0 0 0 0 0 29 67 0 0 31 0 0 0 0 0 0 0 0 81 21 0 22 0 0 0 66 0 19 85 0 0 0 0
0 0 0 0 0 81 68 95 0 74 37 0 0 0 0 4 0 0 8 0 0 0 0 0 0 53 0 0 0 4 4 0 70 0 21 0 0 24 0 62
0 0 48 0 0 24 0 26 80 84 95 0 0 23 0 0 43 0 79 59 0 0 70 0 61 0 0 65 0 0 4 0 0 0 0 6 0 74 84 0
86 11 0 0 65 0 0 4 93 98 79 0 0 0 0 89 19 0 0 0 0 0 0 0 0 0 0 0 0 90 98 11 0 0 0 0 77 31 0 0
0 0 0 0 0 0 0 32 0 0 21 0 0 0 0 0 0 0 0 0 0 19 0 53 0 0 0 0 0 17 0 39 0 0 0 0 0 0 0 0
0 18 82 0 0 19 0 0 75 94 0 0 0 0 59 56 0 47 0 46 0 83 0 0 0 0 30 13 0 0 0 52 0 0 0 0 77 63 0 0
2 51 0 19 51 0 19 0 0 94 0 0 0 0 0 0 60 0 64 60 78 0 0 0 52 0 0 0 93 0 0 0 0 0 0 0 0 0 0 0
0 0 88 0 0 0 0 41 0 70 0 0 0 11 0 0 0 0 0 80 77 90 0 0 69 0 0 0 0 11 0 0 0 65 0 0 0 0 0 0
0 0 0 0 0 0 18 0 0 0 5 0 0 0 0 0 0 0 0 65 34 0 0 58 70 4 50 0 0 8 0 73 0 0 0 26 0 33 0 58
44 26 0 0 0 0 0 0 0 0 0 0 46 0 63 0 18 0 0 96 0 31 0 0 0 0 48 0 0 34 39 0 32 42 34 0 0 0 61 24
0 0 0 54 0 0 0 0 71 77 0 0 0 0 0 71 0 0 0 0 42 20 0 0 0 0 19 51 0 82 0 0 4 0 93 0 56 0 17 0
0 90 12 4 0 0 0 0 0 39 0 0 0 0 0 0 0 0 0 0 49 0 0 69 0 31 0 0 0 0 0 0 0 91 68 0 98 0 0 0
0 0 0 0 29 0 98 25 0 0 0 0 2 99 7 0 0 0 24 0 0 80 0 48 0 0 0 24 0 0 0 0 96 0 0 0 0 51 54 0
0 0 0 27 19 0 73 0 0 0 39 0 0 0 57 0 6 0 0 40 7 0 95 6 0 0 0 0 0 0 0 0 44 38 85 0 0 0 0 0
86 0 64 0 52 24 0 20 0 61 50 47 0 0 72 59 0 0 0 86 0 0 0 22 0 0 0 90 95 0 0 26 0 33 0 0 18 0 0 0
0 0 0 22 0 1 0 0 0 53 0 0 0 0 0 0 72 0 86 0 76 0 0 0 81 1 6 10 0 0 95 0 90 0 74 93 0 0 0 11
15 70 99 94 0 0 0 0 53 0 0 0 0 71 0 0 40 0 0 0 75 98 0 90 94 0 0 0 82 67 59 0 0 53 67 0 0 0 0 10
0 0 0 0 0 0 0 14 0 0 64 0 0 0 0 55 0 0 0 0 0 0 37 0 0 46 0 0 27 0 0 0 96 0 87 79 59 0 0 0
0 47 0 78 0 77 74 74 0 0 0 0 89 0 0 74 0 0 54 64 0 0 0 0 97 43 0 0 0 69 0 0 0 90 0 0 0 94 0 0
0 97 0 0 27 0 18 0 76 74 0 0 60 15 40 0 0 0 54 0 0 3 0 0 0 1 0 0 0 0 53 0 0 78 0 0 19 0 0 91
0 0 0 0 0 0 56 0 0 0 86 0 47 98 2 0 2 0 0 0 0 68 94 44 0 49 0 0 0 0 0 0 0 0 0 0 3 0 46 1
0 0 0 74 53 0 10 0 0 49 76 0 25 0 0 1 0 46 0 52 0 16 89 0 46 0 0 21 0 25 0 0 0 0 0 0 0 81 0 89
0 0 0 0 18 0 39 0 0 0 0 29 21 0 0 0 0 85 78 0 0 0 73 0 0 0 0 0 3 11 6 0 10 0 0 0 0 0 0 0
0 0 0 0 0 0 86 0 42 23 0 0 0 77 0 84 0 0 0 0 0 11 67 0 0 0 0 0 85 0 0 0 0 4 0 0 25 0 0 0
0 0 52 0 81 75 32 0 0 0 0 0 0 0 0 42 0 0 0 0 0 0 19 86 0 0 0 0 1 0 0 0 0 3 0 0 98 0 0 59
0 0 67 0 0 97 45 0 88 0 34 0 0 0 0 0 0 81 0 69 52 0 12 0 0 11 0 0 0 69 0 0 0 0 0 0 0 0 0 0
0 95 0 0 0 63 0 35 0 0 0 0 0 0 0 0 0 0 0 0 21 87 95 0 0 0 0 0 0 0 59 78 0 0 0 0 0 0 0 42
50 0 68 0 0 0 0 27 0 0 0 66 0 0 0 95 38 0 0 64 0 0 0 0 86 0 53 0 0 0 0 54 4 0 0 58 0 0 21 0
0 40 23 0 0 0 88 0 0 0 0 21 0 0 0 0 95 0 0 0 0 0 78 43 94 0 42 0 0 0 0 18 34 35 74 0 21 22 0 31
0 96 0 0 0 0 53 0 74 5 7 0 4 24 0 0 93 66 59 0 0 0 0 26 60 0 0 23 0 19 91 0 11 0 0 0 0 0 68 0
13 0 0 78 5 0 0 0 49 0 0 0 62 0 28 0 0 0 0 43 0 0 11 56 0 0 0 98 0 0 45 0 0 0 0 0 0 27 0 80
0 0 60 0 6 0 0 0 0 12 77 4 0 0 0 0 0 0 0 0 0 9 62 0 0 10 0 0 0 90 0 0 0 0 0 39 55 0 0 0
0 78 0 0 0 0 28 0 0 0 0 0 0 0 40 14 48 0 0 0 0 0 73 66 0 55 0 25 26 0 0 91 0 44 0 0 36 0 0 0
0 0 0 68 43 0 0 60 0 0 0 0 0 0 85 48 64 86 66 0 0 84 0 0 0 67 81 0 0 0 96 25 0 0 11 0 30 0 0 0
0 0 66 38 0 26 0 23 85 0 17 0 9 99 7 0 0 0 0 0 0 0 0 17 0 0 0 0 34 0 48 19 89 0 0 0 0 0 0 0
10 88 0 0 0 0 0 13 0 46 0 0 0 0 0 0 32 0 0 0 0 0 0 31 0 0 54 61 2 22 66 81 0 51 0 0 0 0 0 0
57 87 54 46 0 0 0 0 41 0 0 0 14 68 0 0 0 0 84 0 0 37 0 0 0 0 33 0 0 21 27 0 0 0 0 0 0 0 80 0
13 0 0 0 0 0 0 0 0 98 18 0 0 0 0 0 0 64 79 69 23 81 0 0 0 0 14 0 96 0 97 0 0 46 76 56 0 0 0 82
0 0 36 0 0 0 0 77 0 0 0 12 42 0 90 0 0 0 0 11 0 40 0 0 0 0 89 0 0 0 0 0 0 0 0 0 0 0 90 0
0 0 0 59 0 0 0 0 0 0 0 0 0 12 0 0 25 45 0 92 2 12 30 0 0 0 0 0 0 0 0 83 0 21 0 0 0 19 0 0
33 0 0 39 0 0 0 90 67 71 60 0 0 57 0 9 0 0 18 81 0 0 0 99 15 0 0 61 0 0 0 0 0 0 0 0 0 96 0 23
0 0 86 48 0 0 0 98 0 0 64 0 0 38 5 41 99 0 24 68 27 49 7 0 0 0 0 0 0 0 0 78 0 0 0 27 0 0 0 5
0 0 82 34 0 0 72 0 2 99 0 0 0 0 0 92 0 0 27 13 8 0 0 57 9 0 0 0 0 0 0 89 95 65 0 0 0 0 65 0
0 0 0 0 0 0 0 0 0 0 35 0 0 0 0 0 0 82 85 0 87 0 0 0 57 0 0 0 0 0 0 0 0 5 33 15 0 0 0 37
