0 0 0 0 42 0 23 76 49 0 0 0 0 0 0 0 0 21 0 57 0 0 0 0 0 43 0 0 0 57
0 0 0 86 0 0 0 97 19 0 0 71 83 0 87 0 0 0 0 0 66 0 0 0 9 0 36 77 0 0
0 0 0 10 0 0 0 0 0 0 11 0 0 87 0 49 0 0 0 33 0 0 84 0 0 0 0 0 0 0
85 8 0 1 0 0 0 0 16 0 57 77 54 0 0 86 70 0 0 97 0 28 0 0 0 0 69 0 0 0
0 0 0 0 0 0 99 97 0 0 0 0 0 44 6 0 75 36 0 54 67 0 90 0 0 78 0 64 57 27
0 61 89 25 0 0 0 0 0 17 0 61 0 0 0 18 0 0 0 78 37 0 0 0 0 0 0 87 0 81
52 0 31 0 0 0 55 0 0 52 67 0 0 0 0 0 95 63 0 0 0 78 0 0 0 90 0 0 46 0
68 0 25 84 0 0 0 13 0 0 0 0 29 0 82 21 0 0 38 74 16 0 0 0 44 83 0 0 0 0
0 0 0 0 70 0 0 0 0 0 0 0 26 0 0 0 2 3 16 0 0 0 0 0 0 0 0 57 0 0
0 61 0 0 19 0 75 52 0 0 0 0 0 0 0 0 43 0 0 0 72 8 47 0 0 30 0 0 0 0
0 0 4 23 63 63 0 0 0 40 23 0 0 57 0 0 92 57 65 0 0 0 61 0 66 0 0 0 50 69
51 0 0 0 0 0 47 66 11 26 0 0 0 0 0 0 99 0 3 1 76 0 0 0 88 0 0 0 0 42
0 7 0 0 0 0 4 86 0 0 64 0 0 31 0 0 0 70 36 0 83 0 0 0 0 0 71 0 16 0
91 0 0 93 0 0 0 0 70 0 80 79 0 0 0 46 60 0 80 0 0 0 0 0 0 61 0 0 86 0
84 78 0 0 74 0 0 26 0 0 0 0 0 28 0 0 41 7 0 0 0 0 0 0 50 0 38 0 7 0
0 96 73 0 39 91 33 97 0 0 48 44 83 0 42 0 0 91 0 0 0 83 0 0 0 0 0 0 0 94
0 36 0 0 72 0 0 0 0 22 0 0 0 73 0 0 53 0 0 28 57 0 65 0 0 0 99 0 0 61
29 0 5 0 24 0 0 0 0 0 0 10 62 43 60 28 35 0 52 0 61 0 0 0 0 35 0 0 0 0
0 0 0 0 0 0 0 0 55 0 0 57 0 0 0 0 60 0 0 0 0 0 53 0 0 0 0 0 0 0
0 0 5 97 0 0 0 0 24 0 0 0 0 0 0 0 49 49 0 0 60 0 0 0 0 8 0 0 0 62
