0 0 0 86 0 0 0 82 0 0 98 42 0 0 0 0 0 0 81 61 0 20 0 0 0 0 0 0 0 0 21 0 97 0 0 0 0 0 36 0
0 0 44 1 0 0 0 0 0 0 60 0 0 92 0 0 71 0 0 0 0 0 0 0 0 0 1 0 0 0 0 13 0 0 0 0 11 0 0 75
0 3 0 0 12 0 0 52 0 0 0 0 0 0 0 0 40 0 0 0 83 0 0 0 0 0 0 0 85 0 0 0 0 0 0 0 0 0 0 0
0 0 0 0 0 0 11 0 0 47 0 0 0 0 19 0 72 0 0 0 0 0 11 0 0 57 0 0 74 0 0 0 99 0 91 0 79 74 94 0
0 0 0 0 0 0 0 0 0 0 0 0 0 0 42 99 0 0 98 0 0 25 0 85 0 0 0 0 0 0 0 0 21 0 0 42 0 0 0 0
0 0 0 0 0 0 0 0 0 0 21 0 0 0 54 0 0 0 0 0 0 0 0 92 0 0 53 0 0 0 0 0 0 0 0 0 0 0 35 0
0 0 0 98 0 0 8 0 1 0 0 0 0 42 0 55 0 0 0 0 0 0 0 0 0 0 0 0 60 0 7 0 0 41 0 43 0 0 16 0
0 0 0 0 15 0 0 0 0 0 0 8 0 0 14 0 0 0 0 65 0 78 0 0 0 0 46 0 0 0 0 0 62 0 0 0 0 0 0 15
0 0 0 0 0 0 0 0 0 0 0 0 0 0 58 0 0 0 3 0 0 0 72 0 22 0 0 87 0 0 0 2 0 1 0 0 0 0 32 0
0 0 0 0 0 0 48 0 0 0 0 0 0 0 0 0 0 0 37 0 0 0 0 0 0 0 0 79 0 0 0 0 0 93 0 0 65 0 0 0
