0 51 0 0 0 55 0 83 92 77 39 0 7 0 0 0 0 0 50 0 0 0 0 65 53 0 0 47 1 0 0 0 0 0 16 0 36 0 0 12
33 0 0 0 0 94 20 0 95 0 9 0 0 0 0 6 0 0 0 0 0 51 0 0 0 0 0 0 0 0 0 0 0 86 17 0 0 14 0 0
0 9 0 0 0 0 0 0 0 0 0 86 14 0 0 50 1 0 0 0 0 0 0 0 0 0 0 0 12 0 0 33 0 85 0 0 0 0 0 0
0 0 56 64 0 0 0 0 0 0 0 0 0 0 0 0 0 8 0 0 79 0 0 0 0 0 0 0 0 0 0 0 0 0 0 0 0 0 0 0
19 0 0 78 47 0 79 70 88 60 0 0 0 43 80 0 0 44 0 0 0 0 94 0 0 0 0 41 0 69 25 0 0 0 0 12 0 10 0 0
81 70 0 0 0 0 0 90 0 0 0 0 0 60 0 0 57 0 0 0 92 15 0 0 0 0 0 0 0 16 0 16 83 22 0 0 0 0 0 59
0 0 0 0 0 0 0 0 0 0 0 23 0 0 0 0 0 0 0 0 50 0 0 80 0 15 41 0 86 0 46 0 0 0 8 43 0 0 0 70
0 0 0 0 34 66 57 0 0 0 0 0 0 81 0 24 0 0 0 16 0 0 0 0 0 0 19 0 0 80 0 0 54 0 0 0 0 80 0 0
0 0 0 43 0 0 0 0 92 0 0 0 12 0 0 0 0 0 0 48 0 0 0 0 0 0 0 0 36 0 0 75 0 0 0 0 0 0 0 0
0 0 0 78 0 0 11 97 0 0 44 0 64 0 0 0 95 0 0 0 0 0 88 0 0 0 0 0 0 0 0 5 0 0 0 0 0 94 0 0
0 0 53 0 0 0 81 0 18 25 0 0 0 0 0 0 0 0 0 0 0 0 0 46 0 74 0 0 0 0 0 0 24 0 0 0 0 0 0 9
0 0 0 0 0 97 0 0 0 28 36 0 0 0 0 0 0 0 0 0 0 0 0 0 0 0 0 0 0 81 0 31 0 0 52 0 0 48 37 0
0 0 0 0 0 0 0 0 0 0 46 0 0 0 0 0 20 0 0 0 0 0 0 0 0 0 65 0 80 0 0 16 0 97 0 0 60 0 0 0
98 0 0 0 0 0 43 0 0 0 0 0 0 0 0 0 0 83 37 3 0 0 0 0 0 0 0 0 0 0 0 23 0 0 0 65 49 0 0 0
80 94 0 0 0 97 76 0 0 70 89 53 19 0 1 0 0 24 0 0 0 0 0 0 62 0 0 0 96 0 0 0 5 0 0 12 0 0 41 0
0 0 0 0 0 0 0 0 0 0 0 0 0 0 0 0 0 27 0 26 0 8 0 0 17 9 0 0 0 16 16 0 91 0 83 75 0 0 0 0
70 0 0 0 0 0 0 0 52 0 0 0 0 0 91 0 0 0 3 0 0 0 0 37 0 0 76 0 0 0 0 0 75 0 0 0 0 0 0 0
0 0 10 31 67 0 0 0 0 63 0 0 0 0 0 0 26 0 0 0 0 0 18 0 22 54 68 0 0 0 0 23 0 0 0 0 0 63 0 0
0 0 0 0 0 0 0 0 0 5 0 0 0 71 0 0 0 2 0 39 0 0 94 0 0 0 55 0 0 0 14 0 0 21 0 82 0 0 0 0
0 95 34 12 0 0 66 0 0 0 0 32 41 0 0 0 0 0 0 0 0 0 0 66 0 0 0 0 0 0 22 0 0 0 0 0 0 0 0 86
41 0 0 0 0 0 0 0 0 0 0 0 0 0 0 88 0 0 0 0 0 39 0 10 0 0 0 0 0 0 0 0 0 0 0 0 36 0 0 0
82 94 0 0 0 51 0 0 1 0 0 0 0 35 45 0 0 10 80 0 91 0 0 0 0 0 0 0 0 0 0 90 0 0 0 0 0 71 12 0
47 0 0 52 0 0 60 0 91 39 0 0 0 0 0 0 0 0 0 96 0 0 0 18 0 0 9 74 0 0 32 0 0 0 5 0 0 93 54 67
0 0 0 0 0 0 0 0 0 0 33 74 0 0 0 14 10 0 0 0 0 0 0 0 0 57 23 0 0 0 24 0 0 0 0 0 0 0 0 0
0 0 0 0 0 0 0 0 51 76 0 68 0 0 0 68 0 0 65 0 0 0 51 29 21 0 0 33 0 0 0 0 59 46 0 91 0 0 59 0
0 87 0 0 0 0 0 0 1 0 0 0 0 0 0 0 0 0 0 63 0 0 46 0 0 27 0 0 0 0 0 0 0 0 0 0 0 0 0 0
0 0 0 0 69 0 0 0 31 0 0 0 20 0 40 12 0 0 42 0 0 82 0 0 14 0 0 0 0 0 59 66 67 0 0 0 0 0 81 0
0 0 0 0 0 0 34 0 0 0 0 49 0 80 0 82 59 0 48 0 0 0 0 0 0 0 43 0 0 0 0 0 0 0 6 36 0 13 37 0
0 73 46 0 45 0 30 0 0 0 15 56 0 0 0 83 0 0 88 45 82 0 15 85 0 0 0 0 0 0 11 0 0 0 5 0 0 52 87 0
0 0 0 38 89 0 15 94 0 0 0 0 0 0 0 0 0 0 0 0 0 71 0 0 0 0 0 0 16 0 45 0 0 0 0 0 0 0 10 45
0 66 63 0 0 0 0 0 0 29 62 0 0 0 0 0 0 0 39 0 0 0 0 0 0 0 0 0 8 0 0 37 0 0 0 0 0 0 0 0
0 95 73 0 0 0 0 0 61 0 0 0 0 63 0 0 30 17 0 0 0 0 0 0 79 0 0 0 0 87 0 0 0 0 0 0 0 0 0 74
0 0 41 91 82 66 0 0 0 0 0 73 67 81 0 0 0 0 53 16 89 98 0 60 0 0 0 0 0 57 0 64 0 0 0 0 23 0 30 0
0 0 40 0 0 0 68 0 89 0 0 0 7 0 0 0 0 0 0 0 0 0 0 0 0 0 0 0 22 61 0 26 0 0 0 0 0 0 0 27
27 0 0 0 0 0 0 47 0 0 0 21 0 0 0 0 0 0 95 0 0 0 0 0 0 0 0 34 35 0 0 66 0 55 0 0 0 0 0 38
0 84 0 0 0 0 0 90 78 0 0 0 0 40 0 0 0 0 0 0 0 78 0 72 0 0 83 0 97 0 53 0 78 0 0 0 0 0 0 0
0 0 0 0 0 0 0 51 0 98 0 0 65 0 0 0 71 31 98 63 0 0 0 0 0 0 0 22 0 0 0 0 0 6 0 0 37 57 0 0
0 0 0 0 0 88 0 0 0 26 0 18 15 0 67 0 0 85 0 0 85 0 0 0 0 0 19 0 0 0 0 80 0 0 0 58 0 16 0 0
48 14 0 0 0 0 0 0 0 0 0 0 0 54 0 0 0 0 24 0 0 73 0 0 0 0 0 0 60 0 56 0 0 0 0 0 0 0 0 0
0 0 0 0 0 0 0 85 28 0 0 0 0 0 77 48 0 14 0 0 0 0 80 67 0 0 56 69 0 0 61 0 0 0 0 0 0 0 0 0
91 0 0 0 21 0 0 0 0 44 65 0 0 35 45 44 0 0 0 0 0 23 0 0 0 81 0 0 0 81 0 0 0 0 0 0 52 0 0 0
0 0 0 44 0 0 0 0 67 24 0 0 0 0 86 13 0 0 53 0 0 0 0 0 86 92 0 0 80 51 16 0 0 0 0 0 51 0 0 0
0 21 0 0 0 19 0 0 0 7 0 0 0 0 0 65 0 51 23 0 85 0 0 0 0 0 0 48 3 53 0 96 0 0 0 8 58 0 0 0
0 0 0 0 99 0 57 0 0 0 0 0 0 0 0 0 0 75 0 0 0 0 0 92 33 0 0 0 0 83 0 28 0 0 0 0 77 11 0 21
0 0 0 0 62 0 78 0 0 0 0 80 0 22 0 0 0 0 59 0 0 21 76 69 0 0 75 0 0 0 73 0 57 0 0 0 0 0 0 91
0 0 0 0 0 31 0 0 86 50 0 0 23 97 20 40 13 0 0 0 0 0 24 0 17 0 0 0 0 34 0 0 0 0 0 0 0 0 0 0
0 0 24 0 0 77 27 0 28 0 97 16 0 0 0 74 0 0 0 0 65 0 0 0 0 73 56 0 0 0 0 0 0 95 50 0 0 0 0 0
0 0 0 0 87 0 43 0 0 0 0 0 0 0 0 0 94 0 0 0 0 0 0 0 48 0 0 93 0 0 0 0 0 0 0 0 97 0 0 0
0 0 0 0 0 0 0 0 0 0 98 0 89 0 32 0 0 91 0 0 0 60 0 0 0 0 0 58 31 0 0 0 0 0 0 0 18 0 0 0
33 0 0 0 0 0 0 0 0 0 0 0 0 90 0 0 0 0 0 0 0 0 0 0 77 0 47 0 0 0 0 0 0 0 15 59 82 47 0 0
