0 45 0 0 0 0 0 0 0 71 46 0 0 0 0 0 34 0 0 0 0 93 0 0 0 0 0 55 65 0 0 97 15 99 34 0 0 0 0 0 0 0 0 0 21 0 15 0 0 0
0 0 0 0 0 53 0 46 0 83 0 0 0 0 0 84 0 0 0 0 0 0 33 71 0 0 0 0 3 0 0 0 0 59 0 93 80 0 0 0 0 99 0 0 0 0 41 0 0 0
0 4 0 0 70 0 0 0 0 0 22 0 85 0 0 0 0 66 0 0 0 0 80 0 23 0 0 74 0 0 78 0 0 0 0 0 0 0 0 0 0 0 0 84 81 0 0 0 0 0
0 36 0 16 0 0 0 0 0 0 0 0 0 0 0 0 0 27 0 86 0 0 0 0 0 0 0 0 0 0 0 12 0 0 0 0 96 0 59 41 0 0 0 0 0 38 0 0 0 48
0 0 0 0 0 0 5 0 0 0 0 0 0 0 0 0 0 0 87 0 70 0 91 42 0 0 0 0 0 0 0 0 0 0 2 0 0 0 0 32 0 0 0 0 0 0 0 0 30 68
86 75 0 0 0 0 0 0 38 0 79 0 0 0 68 0 73 0 77 0 0 71 73 26 0 39 24 0 0 0 14 42 0 0 0 5 40 0 0 0 52 10 13 31 0 0 68 0 0 0
0 9 98 0 0 0 0 0 0 35 0 0 16 0 0 94 0 0 0 69 77 0 0 0 0 14 8 0 0 0 0 0 9 0 0 0 0 92 0 0 0 0 0 0 0 0 0 0 28 0
0 0 0 0 0 0 0 0 0 0 0 0 0 0 0 0 0 0 0 4 34 0 0 0 0 0 82 7 0 0 0 0 0 0 0 0 0 15 0 0 0 44 0 3 75 0 55 0 0 0
0 1 0 92 35 0 0 0 0 0 69 0 40 0 0 0 92 0 50 0 0 0 0 0 0 0 0 44 0 0 57 13 91 41 21 0 0 51 0 0 0 0 62 0 37 16 3 57 0 0
0 0 0 0 0 0 0 0 0 0 61 0 0 31 89 0 0 0 0 0 0 29 8 45 0 86 45 0 0 0 93 0 0 0 76 0 0 0 78 0 0 41 3 0 0 0 57 0 0 83
62 0 0 0 0 0 0 0 0 4 0 0 0 0 11 14 0 0 88 61 0 0 0 38 0 0 33 0 0 0 0 0 0 0 0 59 0 0 0 0 0 0 0 0 0 56 0 0 0 0
0 0 24 0 0 0 0 0 85 0 0 0 0 85 0 0 0 0 0 0 0 89 87 0 0 0 0 0 0 0 0 0 35 0 61 0 25 0 0 0 6 0 0 0 0 26 0 0 93 0
0 0 0 0 0 0 0 85 0 0 0 0 0 26 81 0 0 0 0 0 40 0 0 0 0 0 0 0 0 0 0 0 0 0 0 0 0 0 10 0 0 0 81 0 0 0 0 0 0 0
0 0 0 0 0 0 75 0 0 0 0 0 0 0 0 59 0 10 22 0 0 0 0 0 0 0 54 0 9 0 0 0 0 0 0 0 57 12 0 70 0 0 16 0 0 0 0 0 70 0
86 0 0 0 0 63 0 0 0 0 12 88 0 0 0 0 0 0 0 0 0 51 27 0 0 0 0 94 0 0 0 77 0 0 0 0 0 97 32 0 0 0 0 0 0 0 12 0 0 0
0 13 0 58 35 0 0 0 0 0 0 0 0 0 0 0 0 38 28 0 0 0 0 0 58 0 0 0 0 0 0 0 0 55 0 0 9 0 33 0 0 0 0 0 0 31 57 23 0 0
0 0 0 0 0 0 0 0 69 22 0 0 42 0 0 0 0 0 27 0 0 0 39 0 0 0 46 50 0 16 0 26 0 82 0 0 0 0 0 0 47 0 0 1 0 0 0 0 11 26
0 83 0 0 0 0 0 0 0 0 0 0 0 0 0 0 0 0 94 0 31 10 0 95 17 0 39 56 0 49 17 0 22 0 0 12 0 30 0 0 25 0 0 26 83 0 0 0 0 89
0 0 0 0 45 0 32 70 0 0 5 0 0 0 0 0 26 86 79 0 58 0 0 0 0 0 0 29 59 96 0 0 9 0 0 0 0 39 0 0 34 95 51 85 0 0 0 0 0 51
0 0 0 0 0 17 0 0 0 0 0 70 0 0 0 0 0 0 0 0 0 0 85 0 0 27 88 53 0 36 0 0 0 0 0 0 0 0 0 0 0 0 0 0 0 90 16 0 0 0
