0 0 0 0 0 17 0 0 0 1 0 10 70 0 0 0 74 0 21 44
12 0 0 0 0 0 0 54 0 0 0 0 0 0 0 0 0 0 84 0
0 0 0 0 0 0 56 0 35 0 0 30 0 0 0 0 0 0 0 6
0 84 59 23 0 0 58 0 0 0 0 55 43 0 64 0 89 0 0 0
0 0 0 86 0 0 0 0 0 92 0 0 0 0 6 0 0 0 0 0
0 0 0 63 0 0 0 0 61 69 0 10 0 0 0 22 0 0 58 67
0 0 0 0 0 0 0 0 0 68 0 0 0 0 0 0 83 0 0 0
90 41 0 0 0 0 0 0 0 0 0 0 0 0 0 0 43 0 0 0
0 0 0 36 0 0 0 0 0 0 0 0 0 0 0 64 0 0 0 9
0 0 0 62 57 0 0 0 57 71 0 0 0 0 31 0 0 75 0 0
0 0 0 66 66 0 0 0 0 0 60 39 0 0 0 25 92 0 0 65
0 0 0 0 0 0 0 0 0 0 0 6 16 0 0 96 0 0 0 0
0 76 15 75 0 34 0 0 0 0 17 0 0 0 0 0 0 0 0 0
0 0 0 0 0 0 0 0 0 0 0 0 59 0 12 0 0 0 0 0
0 21 0 0 0 49 0 0 37 0 63 0 0 0 0 0 0 11 0 0
0 77 0 36 0 0 0 0 0 0 87 0 0 0 77 0 95 0 0 0
38 61 0 0 0 30 0 55 0 0 0 67 38 0 0 0 0 0 0 0
0 0 0 29 67 0 0 0 46 0 0 21 86 73 0 0 0 0 0 38
0 30 90 0 0 0 0 35 82 0 0 29 0 61 66 0 0 0 0 0
0 13 36 79 62 0 0 99 68 12 0 0 0 0 0 0 0 0 0 0
