6 33 0 28 0 0 0 0 0 0 0 0 0 0 63 0 0 0 0 0 0 0 0 24 0 0 0 0 0 0
0 0 45 0 0 0 0 0 0 0 0 0 74 0 10 0 23 0 0 0 0 0 35 0 0 0 0 90 0 0
80 0 0 84 0 0 0 3 0 0 0 79 0 0 0 0 0 0 0 0 0 0 82 0 0 0 0 50 0 41
0 0 0 0 0 0 0 0 0 0 0 0 0 0 0 23 0 0 0 0 0 0 0 0 0 0 0 0 0 0
0 0 0 0 0 0 0 0 0 0 0 0 0 32 0 63 0 0 78 0 0 0 0 47 0 0 67 0 0 50
0 0 0 7 0 90 0 70 0 0 0 0 0 0 33 78 0 0 0 0 0 0 0 0 57 0 0 0 0 79
0 0 42 0 0 0 0 0 0 40 0 0 0 50 0 0 18 0 0 0 70 91 0 0 0 40 0 0 0 87
0 0 96 0 99 0 0 0 0 0 0 0 0 0 0 0 16 0 0 0 0 0 0 0 0 0 0 0 0 0
0 26 0 0 0 0 0 0 0 0 0 0 0 0 0 0 0 0 0 0 40 0 0 0 0 64 22 0 72 0
0 0 0 46 40 0 0 0 0 0 27 0 0 63 0 0 0 0 0 0 0 0 0 0 0 79 0 0 0 0
0 0 0 0 0 0 0 0 0 0 0 0 0 24 0 0 0 0 0 14 1 92 78 0 0 0 0 0 0 0
0 0 0 0 0 4 0 3 0 0 0 0 0 0 14 0 0 0 0 7 0 0 0 0 0 0 0 0 0 0
0 0 0 42 0 0 0 0 0 0 0 0 0 0 0 0 0 48 0 0 0 0 0 0 0 0 0 0 0 0
0 0 93 0 0 0 0 0 0 0 0 0 0 98 0 68 0 0 0 0 0 0 0 61 0 0 0 0 0 0
0 17 0 0 0 0 0 0 0 39 0 0 0 93 0 0 0 0 0 58 0 60 0 0 0 0 0 0 0 0
20 0 0 0 0 0 0 23 67 0 0 0 0 0 67 0 0 0 0 8 38 0 0 0 0 0 82 0 0 0
0 0 0 0 0 0 0 0 46 35 0 0 0 0 7 0 0 77 0 0 0 0 0 0 0 98 34 0 7 0
0 0 0 0 0 0 0 18 0 0 0 0 0 0 0 0 0 0 0 0 9 0 0 51 0 0 0 0 0 97
0 7 0 0 0 0 0 0 54 0 71 32 38 0 0 0 0 0 0 40 0 0 12 1 0 0 24 0 0 0
0 82 0 0 0 0 0 50 0 0 82 0 0 0 0 0 0 0 0 24 0 0 0 0 0 0 0 0 0 0
0 0 0 0 87 45 79 0 0 0 0 0 0 0 0 0 0 20 0 0 21 0 75 0 0 43 9 65 0 0
0 0 0 0 0 0 0 0 0 0 0 7 0 0 0 0 13 34 0 0 0 0 0 63 0 0 0 0 0 99
54 0 0 0 0 0 0 0 0 0 0 0 52 0 0 0 0 0 0 0 0 0 72 7 0 0 0 0 0 0
0 0 84 99 0 0 0 0 0 0 0 0 0 0 0 0 0 0 0 0 0 0 60 0 0 0 30 0 0 0
0 0 0 42 0 0 14 0 84 0 0 0 0 23 0 0 0 0 0 66 0 49 0 52 0 4 0 17 0 11
0 0 0 0 80 0 0 0 0 0 0 0 62 38 0 0 0 20 0 0 0 0 0 0 0 24 0 0 0 82
0 0 0 0 0 0 0 0 0 0 0 0 0 0 0 0 0 30 0 0 0 0 0 44 43 0 0 0 0 10
11 0 0 0 0 0 51 99 1 0 0 99 0 82 0 0 0 0 0 0 0 0 67 0 0 0 0 38 37 94
0 0 63 0 34 0 0 0 61 0 21 0 0 0 89 0 0 0 0 0 36 0 0 0 0 0 0 0 0 58
0 0 0 0 0 0 55 0 0 43 0 61 0 0 0 34 0 0 0 51 0 0 0 0 0 0 73 0 94 92
0 0 0 0 0 0 27 0 0 0 0 0 0 0 0 0 75 0 0 0 0 0 0 22 0 30 0 0 0 0
17 0 0 92 0 17 0 0 74 11 48 0 0 0 0 0 0 0 0 0 0 0 0 0 0 0 0 0 0 0
44 0 29 0 50 0 0 0 0 56 32 0 0 0 0 0 97 0 0 0 0 0 0 0 0 51 0 0 0 0
62 0 0 0 0 0 0 44 0 58 0 0 0 8 0 0 24 0 0 0 0 0 0 0 0 0 99 33 0 0
45 0 0 20 0 0 0 0 0 0 0 0 0 0 0 72 0 0 0 0 0 0 0 89 0 0 11 23 0 0
0 0 0 54 0 0 6 0 0 0 0 0 0 49 0 0 0 0 0 0 0 0 0 0 0 0 0 0 9 0
75 70 0 0 0 0 0 0 0 0 0 0 34 65 0 23 0 0 0 0 0 0 0 0 0 0 0 8 0 56
0 0 0 0 0 0 0 0 22 0 74 68 0 0 6 0 7 0 87 88 0 0 0 0 0 0 0 0 0 0
0 18 88 0 88 0 0 0 0 77 0 0 0 0 0 79 56 0 39 0 0 0 15 0 0 0 0 0 17 18
0 92 0 82 0 0 0 87 0 0 57 0 0 14 0 0 0 45 0 0 0 0 0 99 0 0 0 0 34 77
