0 0 0 0 0 0 0 0 0 97 0 68 53 0 0 1 67 58 0 30 10 0 0 68 0 85 0 0 54 0 60 0 90 0 73 0 0 0 0 0
88 0 0 57 55 0 94 0 0 0 99 0 0 0 34 0 57 0 60 4 0 0 0 0 3 0 0 0 0 82 54 0 0 0 96 89 35 0 0 53
76 0 20 81 0 98 0 0 0 0 79 47 85 0 0 0 31 31 0 0 0 0 94 0 66 0 0 0 90 0 0 24 0 0 48 0 0 0 95 0
0 0 0 49 0 0 0 0 72 24 0 0 0 0 0 0 0 0 0 0 96 0 0 0 0 0 0 0 33 3 86 0 0 0 0 0 0 0 0 0
5 0 0 12 0 0 31 0 0 97 0 0 22 85 0 0 18 0 0 0 0 0 23 0 0 0 0 48 0 86 0 0 75 0 0 0 0 0 80 0
0 69 0 44 0 0 0 0 0 35 0 0 0 96 0 0 76 0 0 0 0 0 0 0 98 0 0 0 36 0 0 63 0 12 0 0 0 85 68 0
0 0 25 58 0 85 81 0 41 0 44 0 0 93 0 0 0 0 0 72 0 0 0 22 0 0 0 6 0 96 0 11 0 0 20 0 0 0 0 0
0 0 0 0 76 0 41 0 0 0 55 0 0 64 0 0 0 0 58 0 0 0 0 3 0 74 12 0 64 0 0 0 0 0 91 0 21 0 0 25
0 0 0 92 0 0 75 0 55 0 0 0 39 13 0 0 0 0 0 0 0 0 0 0 0 0 0 0 0 0 0 0 0 0 0 60 36 0 0 58
60 0 0 0 0 0 73 0 0 0 63 0 58 0 92 0 0 0 0 73 0 74 1 86 51 0 0 0 50 0 0 0 0 32 30 0 0 0 2 0
0 0 0 0 0 94 0 9 0 44 0 5 0 30 1 0 86 14 26 0 60 0 0 0 47 51 0 0 0 33 0 8 44 0 84 0 0 0 94 0
0 88 0 0 69 66 47 19 0 0 0 0 97 0 0 0 0 0 0 0 88 0 75 0 0 0 70 0 0 43 0 66 98 0 74 53 0 11 0 48
0 0 0 64 0 0 0 0 0 0 0 16 0 11 97 0 0 0 25 0 0 0 0 0 0 0 0 0 70 16 0 0 0 0 44 51 0 0 63 44
0 0 0 0 0 0 98 65 94 0 0 26 17 24 53 47 18 0 0 79 0 19 92 18 0 20 0 0 74 0 0 0 0 76 69 0 0 0 0 0
0 74 0 67 0 0 72 88 0 82 0 0 0 0 0 0 0 0 81 0 44 7 14 0 0 0 0 0 0 5 94 0 0 0 54 0 0 0 0 28
34 0 78 44 0 71 39 26 0 0 0 0 0 65 0 0 2 0 23 48 0 3 0 0 78 0 23 11 0 0 0 76 0 0 81 0 93 91 0 86
0 0 0 0 0 54 94 0 70 0 0 0 44 0 26 0 49 37 0 6 0 0 0 0 81 39 0 48 39 0 0 0 0 0 86 78 0 0 0 0
0 90 0 12 83 0 0 0 13 0 0 0 0 0 0 0 92 0 64 0 54 77 0 0 35 0 33 0 63 75 0 7 0 76 0 0 0 0 0 0
79 0 0 0 0 0 0 0 0 9 0 16 0 0 0 0 92 8 0 0 73 75 0 52 0 26 0 83 0 0 0 0 0 0 0 0 9 0 0 74
0 0 94 0 0 0 0 0 0 8 0 0 62 0 86 77 75 0 94 80 0 10 0 0 24 0 4 1 0 50 72 0 0 0 0 76 0 0 0 52
0 68 18 0 71 0 0 34 43 53 0 0 0 0 0 0 0 46 71 18 0 0 0 0 0 0 0 81 75 0 12 0 0 69 0 0 97 0 0 0
97 0 0 17 66 0 64 0 0 0 0 0 0 0 0 0 0 0 0 44 60 87 0 0 0 0 0 0 56 0 0 0 0 82 0 0 16 60 76 0
76 0 0 0 0 12 0 0 0 48 0 0 63 0 0 72 0 60 0 0 0 0 0 0 0 73 18 74 0 0 0 0 0 0 94 4 0 54 0 0
0 9 0 0 0 0 46 54 4 28 0 81 0 0 62 0 0 0 92 0 0 0 0 0 0 0 69 0 44 0 0 0 0 0 0 23 0 0 0 68
43 0 0 0 0 0 0 0 89 0 0 0 0 0 78 39 0 0 26 34 77 83 0 0 93 0 0 0 0 0 33 0 0 40 0 42 0 0 0 0
0 18 0 14 0 0 76 0 0 53 0 7 0 0 0 60 0 46 0 0 0 0 88 60 82 0 0 0 0 2 95 0 45 0 0 0 0 0 0 80
0 53 0 0 0 90 0 0 0 0 0 74 68 0 0 0 0 0 0 0 95 92 0 0 93 0 22 0 25 30 12 0 0 15 0 0 0 98 0 0
0 94 0 0 0 0 27 0 0 0 0 78 0 16 2 0 77 60 0 2 87 0 0 0 50 0 0 0 52 23 0 31 0 0 39 0 0 0 14 0
0 0 56 31 0 20 0 66 0 49 21 0 0 0 32 95 0 0 1 0 27 0 0 0 0 0 0 0 0 20 0 53 0 0 0 0 0 0 0 27
51 0 0 0 0 0 0 0 5 0 31 0 0 0 58 0 0 0 0 0 0 0 0 47 0 82 95 0 84 0 95 0 80 0 92 89 0 0 0 0
0 0 73 0 51 0 22 0 0 10 9 0 0 0 68 0 0 28 0 0 36 0 0 48 0 0 0 0 2 49 64 0 0 29 0 0 0 0 0 0
0 26 11 18 0 0 87 0 0 0 0 0 0 0 0 93 0 82 69 0 0 0 89 0 31 54 0 0 0 56 0 0 0 0 0 0 0 8 69 89
44 0 0 0 72 0 68 0 77 0 72 0 89 0 0 0 0 0 85 0 0 0 0 66 20 0 5 18 0 51 92 0 0 36 58 0 85 0 43 44
0 29 0 0 0 0 0 43 0 74 76 3 0 56 0 0 27 0 0 0 0 0 0 0 27 0 0 0 0 0 0 84 0 0 0 59 0 0 2 58
60 0 0 0 0 0 0 0 0 0 0 0 0 0 0 0 85 0 0 0 0 0 0 0 75 0 0 0 25 6 0 0 0 29 0 0 19 0 0 49
0 0 0 0 0 48 0 0 0 0 34 38 0 0 15 0 1 0 0 51 0 21 30 0 0 29 60 0 0 58 0 98 0 0 0 99 29 0 0 0
0 0 8 0 60 0 0 0 0 0 53 0 0 0 0 5 45 0 0 94 40 42 0 0 0 23 37 31 0 0 51 0 0 0 0 0 0 0 0 64
0 10 0 0 83 70 0 0 0 0 0 86 0 0 56 0 0 10 0 0 0 0 66 84 0 90 0 90 0 0 48 0 0 0 0 0 0 0 0 0
27 0 0 29 0 0 0 0 0 0 0 14 0 0 37 0 19 0 81 51 39 0 0 0 0 43 0 0 0 0 0 23 0 0 0 24 0 0 0 65
7 0 80 0 0 3 0 26 57 0 72 0 57 0 0 54 0 0 0 0 0 51 0 0 96 83 0 0 72 0 0 0 81 0 22 60 0 0 0 33
