0 46 88 0 87 16 0 0 0 49 35 54 0 0 46 46 0 0 0 0 0 0 0 0 0 39 43 0 0 86 0 0 0 0 0 0 0 0 0 0
0 0 0 68 0 37 0 0 0 0 0 0 0 0 67 28 0 41 0 0 0 84 0 55 0 0 13 80 0 0 22 0 23 94 0 0 0 87 0 6
59 93 0 0 0 39 0 0 0 0 0 42 0 0 0 0 0 0 0 0 0 0 0 0 48 97 59 0 0 0 95 13 21 0 73 72 0 0 0 87
0 51 0 0 0 24 69 0 0 0 13 11 0 0 0 0 0 48 0 0 36 6 55 0 0 0 0 18 0 0 96 37 0 0 28 0 0 0 44 0
0 0 0 19 0 56 9 0 59 0 56 0 0 0 0 12 95 0 0 85 0 63 0 0 10 0 0 12 85 1 0 0 5 0 0 0 0 83 9 0
0 0 88 78 0 0 0 0 23 58 0 0 0 91 22 63 0 0 0 0 0 0 0 2 0 16 0 28 0 0 0 0 0 0 63 0 0 0 33 0
91 0 0 2 0 53 0 0 0 0 5 14 69 0 18 0 67 5 0 0 0 0 0 0 73 0 0 0 15 2 0 0 0 0 0 0 0 0 89 0
0 0 0 80 0 0 0 0 0 0 94 0 0 0 0 0 0 65 0 0 86 0 0 55 0 0 0 0 0 0 0 0 0 0 79 90 0 0 0 0
0 0 11 0 0 67 0 82 0 0 0 0 29 0 0 0 0 0 0 81 2 75 72 87 0 0 17 0 17 0 0 0 0 0 0 47 21 0 0 0
21 0 0 74 3 0 0 0 6 51 0 0 86 0 0 0 49 0 73 0 75 0 78 0 24 0 0 0 0 0 0 0 39 78 0 0 0 0 7 0
0 42 0 0 0 0 0 13 6 8 0 58 0 0 21 89 0 33 0 74 86 0 0 98 25 0 0 0 0 0 0 0 0 40 0 0 14 0 0 0
0 0 81 0 83 33 35 0 0 0 0 12 42 16 0 0 0 0 74 0 0 0 0 0 0 0 0 0 0 37 0 53 0 15 98 0 0 0 0 0
90 33 0 0 15 98 0 0 40 13 0 0 0 0 0 31 0 86 0 0 97 1 0 0 0 0 0 0 0 0 64 45 72 36 96 0 0 53 0 0
54 0 0 17 0 0 0 0 0 0 0 0 0 0 33 0 0 86 55 0 0 0 75 0 0 0 0 0 0 76 0 94 0 0 11 0 0 0 0 0
69 0 0 0 30 0 0 0 0 0 26 0 0 0 0 40 0 0 0 0 0 0 29 2 0 67 0 0 0 0 87 0 0 0 37 43 16 0 0 67
0 0 82 0 0 42 25 0 61 29 0 88 25 0 0 0 0 50 0 0 0 0 0 0 0 2 0 0 0 0 84 0 0 79 0 96 0 0 0 0
0 0 0 0 13 0 46 0 0 0 0 48 68 0 0 0 0 59 0 0 0 0 0 0 0 0 0 0 0 0 23 75 0 0 20 0 0 5 0 58
15 76 0 0 0 93 18 0 0 0 0 37 0 82 0 0 95 44 0 0 86 0 0 96 0 0 0 0 97 0 0 0 0 0 93 0 0 0 0 66
48 0 0 0 0 24 0 74 0 65 0 8 0 0 0 0 0 0 0 13 0 0 0 47 0 67 0 0 0 22 0 81 0 0 0 0 58 0 0 25
50 25 0 0 20 0 0 0 52 0 49 84 0 97 22 9 40 0 0 0 76 0 40 43 0 0 0 0 0 0 0 0 0 0 0 0 0 0 0 0
72 0 94 0 0 0 0 0 0 0 0 15 0 0 0 0 0 37 11 0 35 0 0 0 0 0 0 0 15 47 0 0 42 0 0 0 0 0 0 0
0 39 0 3 0 0 0 0 0 0 26 0 0 0 54 0 0 0 92 0 0 0 0 78 0 0 0 0 0 0 88 0 0 0 0 0 75 27 0 0
73 0 0 20 0 0 0 0 13 0 0 69 11 7 47 38 7 0 46 0 0 55 5 0 0 99 12 27 0 0 66 0 91 0 0 0 0 0 62 31
0 0 0 0 0 0 0 0 0 0 54 32 0 0 0 0 48 0 0 0 0 9 3 0 0 14 42 0 7 0 0 0 0 0 0 0 85 72 0 0
25 88 0 66 89 0 0 0 0 0 0 0 0 0 0 62 0 0 0 0 15 0 0 0 0 14 0 0 82 0 0 7 90 0 46 0 75 67 0 0
35 0 20 0 0 0 0 0 0 70 69 54 32 71 0 0 24 0 0 4 0 0 0 25 0 0 27 29 0 36 0 0 0 0 0 4 0 0 82 7
50 53 0 0 94 71 60 11 4 21 87 6 0 0 0 50 0 0 89 0 0 0 0 0 0 34 0 0 0 0 0 0 71 0 0 0 0 0 0 0
56 29 0 47 13 0 0 0 0 76 0 90 0 0 0 0 93 0 0 0 0 0 0 13 0 1 33 0 67 25 0 90 11 0 76 0 53 96 0 72
0 48 79 0 16 65 0 0 0 52 0 61 0 72 20 0 65 62 0 0 8 5 0 7 0 22 0 0 0 0 62 80 0 0 32 0 0 0 32 0
0 24 0 0 0 26 0 0 0 0 43 0 0 0 11 0 57 0 0 32 10 42 0 0 53 89 0 12 0 0 45 0 0 27 0 0 71 12 40 51
