0 0 96 43 0 0 0 0 0 0 44 0 0 0 0 0 54 7 41 0
39 0 11 0 8 0 0 85 26 0 0 6 0 0 97 0 0 25 0 0
6 0 0 69 0 0 0 71 0 99 97 37 0 0 3 18 73 3 0 0
0 0 73 0 0 50 49 0 56 8 91 0 0 0 0 95 0 0 0 0
0 35 0 31 71 0 0 0 0 0 0 58 0 58 0 0 0 0 0 0
59 0 0 0 0 0 0 0 0 0 0 0 0 0 87 0 48 0 0 0
81 0 0 0 0 0 0 0 0 0 71 16 0 0 65 0 0 98 0 0
0 0 91 0 93 0 0 71 0 0 0 0 0 0 62 0 0 0 0 95
0 0 0 3 0 0 0 0 0 29 0 28 39 47 0 8 48 0 0 0
0 0 0 0 0 0 0 0 0 0 0 86 0 56 0 0 0 0 0 23
0 93 14 0 0 0 0 0 67 0 0 99 0 0 0 0 0 75 44 0
0 0 0 0 0 0 0 0 0 0 0 0 68 0 0 50 43 0 0 0
0 0 68 0 0 0 53 0 69 77 0 0 61 46 0 0 63 0 15 61
0 4 98 48 0 0 40 0 58 0 0 0 97 0 0 37 57 0 54 0
0 0 0 52 45 40 58 0 0 41 34 0 29 0 72 0 0 0 0 0
81 73 0 32 0 0 0 69 0 90 17 40 0 0 49 0 73 95 26 92
0 0 0 0 60 94 0 0 0 0 1 0 18 34 0 0 0 0 0 0
0 0 54 31 0 0 0 0 80 34 0 0 0 0 53 60 0 0 3 0
0 90 0 0 0 0 53 0 0 0 0 0 0 0 64 0 0 0 9 0
6 0 0 0 0 8 25 0 33 0 0 47 0 36 0 42 0 83 0 0
93 0 77 62 0 0 0 0 0 0 0 0 11 0 0 41 53 91 82 96
0 0 0 0 0 44 0 0 0 0 0 39 0 0 0 0 0 0 74 0
0 0 0 0 0 47 0 91 0 0 0 0 0 41 0 0 77 4 85 0
0 0 0 59 98 93 0 0 0 20 0 0 0 87 0 0 0 0 0 0
0 0 81 0 0 0 16 0 12 87 0 92 0 97 0 0 0 0 0 0
0 0 20 0 0 0 4 0 51 0 0 56 0 0 0 0 0 0 0 65
0 69 0 43 0 13 0 0 0 0 0 0 0 0 0 0 0 38 0 0
37 0 95 0 0 0 0 61 0 0 0 54 0 79 0 55 85 0 11 0
0 0 94 33 0 0 90 0 25 28 60 46 12 43 69 54 0 0 0 0
0 0 0 85 0 62 0 86 0 0 52 11 21 0 0 0 0 0 89 0
35 80 0 0 0 11 89 0 12 67 8 0 0 99 0 82 93 0 0 0
0 68 60 0 0 0 60 0 63 0 20 0 0 0 0 62 0 0 0 64
0 16 82 0 0 0 0 0 56 0 11 0 0 54 4 0 19 0 0 63
21 31 75 0 0 0 0 0 0 0 0 0 0 0 0 0 16 28 0 87
0 0 0 18 0 50 0 83 24 0 41 0 0 0 0 0 0 0 8 0
0 0 48 0 0 0 68 0 35 0 0 0 1 0 0 70 0 0 87 0
0 70 0 28 0 0 0 0 0 0 0 0 0 0 0 0 0 0 0 22
34 15 11 0 0 0 0 0 83 72 73 3 0 0 0 0 0 0 38 47
0 0 19 0 0 0 0 90 0 0 40 0 0 96 5 0 0 71 0 43
2 0 0 0 57 30 27 3 13 0 0 72 0 0 0 0 26 0 52 0
0 53 0 0 60 0 0 0 26 0 0 0 0 98 0 0 0 0 60 0
56 0 0 6 0 0 76 0 0 0 0 28 0 3 0 0 33 35 0 0
0 0 0 20 0 90 0 0 0 56 28 52 0 0 0 0 0 15 0 43
0 0 0 99 0 94 0 0 89 0 69 0 45 0 0 0 76 0 0 0
0 0 0 0 0 0 33 0 0 0 0 0 0 0 0 32 0 0 33 0
0 0 0 0 0 0 55 0 70 46 0 0 6 70 0 0 0 0 15 0
36 36 0 0 77 98 71 0 0 0 3 0 0 0 0 6 45 0 41 77
0 0 0 11 0 0 50 0 96 0 0 3 0 90 0 12 0 0 0 97
16 81 25 0 0 0 0 63 0 0 0 0 0 0 0 0 99 5 0 0
0 0 53 0 0 0 0 0 11 0 0 52 83 45 0 0 0 0 15 0
