0 0 0 0 97 0 0 0 0 0 85 53 0 0 78 75 0 0 0 0 0 0 0 0 0 29 0 0 0 4 0 0 0 0 56 0 0 12 55 0 0 0 0 73 52 0 0 25 0 0
0 0 53 0 0 0 94 0 0 0 0 87 0 0 53 62 0 0 56 82 93 0 0 5 0 6 0 0 0 0 75 0 23 0 57 0 0 0 23 0 2 0 10 14 0 94 0 0 72 1
48 0 44 0 0 0 0 58 0 0 70 0 0 0 0 0 61 76 0 0 0 0 0 0 0 96 0 38 0 53 4 59 0 0 0 95 0 0 0 0 18 0 0 0 0 63 0 0 0 72
0 0 73 0 0 0 0 86 0 0 0 0 87 94 27 59 0 97 0 36 29 0 0 0 21 0 24 0 0 0 0 0 0 0 0 30 26 0 0 0 44 0 0 71 0 0 0 0 0 0
28 0 0 0 0 0 0 0 0 0 17 0 67 45 0 92 0 0 0 0 0 0 0 0 0 0 2 55 0 86 0 0 0 0 0 0 0 0 65 74 0 0 81 0 0 16 4 27 0 0
61 42 28 0 0 62 0 47 0 57 0 0 0 0 0 7 0 0 0 57 0 0 25 0 35 93 0 0 0 0 26 0 88 2 0 66 0 87 0 0 88 0 0 59 50 21 0 26 0 0
0 0 19 40 0 0 0 0 75 0 68 21 0 0 0 0 0 36 17 0 0 41 0 0 76 24 0 0 9 51 0 0 0 0 0 0 66 0 6 21 0 0 0 86 0 0 0 0 0 0
0 11 21 0 0 0 0 0 0 0 0 9 0 0 0 0 0 0 0 0 41 0 0 0 0 32 0 7 0 91 2 18 0 0 0 0 36 0 0 0 31 0 0 12 0 0 0 0 0 36
0 18 70 58 34 91 25 0 32 79 0 0 45 0 8 0 0 0 0 0 0 52 0 68 0 52 27 0 0 0 0 0 0 0 68 0 6 0 0 0 2 0 29 29 0 31 0 0 0 0
20 0 0 0 73 0 0 4 55 0 0 98 0 89 0 49 0 94 56 0 94 0 64 0 0 45 0 89 0 0 0 4 97 0 60 0 11 67 0 0 0 0 2 0 0 99 0 72 0 0
0 22 0 88 0 98 40 0 39 0 0 65 0 0 0 0 0 84 0 0 0 0 0 37 0 0 76 29 0 0 48 0 0 62 0 73 0 0 93 0 0 0 0 0 0 0 0 0 0 0
0 0 0 83 0 33 0 50 74 67 39 1 64 94 50 0 0 0 80 98 81 0 0 8 9 0 0 0 0 0 69 0 60 0 0 0 22 51 0 71 0 38 0 0 0 0 0 0 0 14
39 0 83 72 85 61 55 0 70 18 0 54 0 88 0 94 6 0 0 0 18 0 0 0 0 0 0 0 0 18 0 0 14 85 0 0 0 79 0 93 0 0 0 39 91 8 0 76 0 0
0 0 6 9 0 0 0 0 0 0 0 0 0 0 0 0 0 0 42 0 45 0 96 0 0 0 0 9 66 0 45 56 0 0 0 0 0 47 0 0 0 0 0 0 0 32 1 0 0 87
0 0 0 0 0 0 11 0 68 0 52 0 0 0 0 0 0 0 0 0 18 0 0 38 25 7 0 0 0 0 4 0 0 42 0 81 0 0 97 0 0 0 0 0 87 80 0 31 76 0
0 86 0 75 0 0 0 23 0 48 2 78 48 0 0 0 0 0 0 0 0 0 0 0 0 0 0 0 0 0 0 0 0 0 0 28 76 0 0 0 92 0 0 76 0 62 0 0 0 21
99 0 0 0 32 0 0 0 20 96 0 91 0 20 0 0 0 0 0 36 76 8 0 0 0 0 0 0 0 0 37 0 0 0 0 0 0 0 60 0 0 74 0 0 29 25 38 0 0 0
0 0 32 0 0 59 0 17 0 0 0 0 0 0 0 0 45 0 0 0 0 58 0 0 66 0 0 0 0 57 36 0 52 41 0 94 97 0 0 0 29 56 0 0 0 55 91 0 0 0
26 6 0 0 19 0 0 0 68 18 58 65 90 0 0 95 97 0 55 96 16 0 50 89 92 0 0 65 0 0 0 0 0 63 57 0 0 61 0 0 0 0 29 99 0 6 0 0 0 24
0 51 0 43 0 0 0 0 0 0 0 0 0 0 0 2 49 0 74 0 0 0 0 0 0 0 0 0 0 68 0 76 0 0 9 0 98 0 0 0 65 44 89 0 63 0 0 97 0 0
0 0 41 0 60 0 56 0 0 45 0 96 0 38 0 0 79 0 0 0 0 95 12 0 7 78 0 0 83 0 0 0 0 0 0 89 30 80 0 0 0 0 14 0 45 0 34 85 72 54
0 0 25 13 0 72 0 0 36 37 48 0 0 0 0 87 0 0 0 0 0 0 0 0 0 0 0 0 0 0 0 0 81 0 0 79 0 0 0 29 0 21 0 0 0 0 0 0 0 0
0 95 60 0 0 0 79 0 34 83 0 0 0 0 14 0 0 35 62 0 0 0 37 0 0 45 0 0 0 0 0 0 0 0 8 94 60 0 0 0 0 69 0 0 0 0 0 0 0 78
0 0 42 0 0 0 78 87 90 0 0 0 0 0 0 0 0 0 0 0 0 0 10 0 0 73 0 98 0 0 0 0 0 0 0 18 83 60 0 75 0 0 59 0 14 0 0 41 90 0
0 0 0 98 0 0 61 0 0 0 57 0 0 0 77 0 0 0 66 0 0 0 0 48 0 0 2 0 0 0 0 48 0 0 0 0 0 0 0 25 31 0 0 0 11 0 0 0 6 0
0 3 0 0 0 55 0 35 26 0 0 53 0 0 0 0 0 0 56 7 0 0 0 0 0 31 66 0 83 39 82 0 71 0 0 0 0 0 0 11 0 0 0 81 0 84 0 0 0 0
0 0 0 0 0 0 0 0 0 15 0 0 0 77 0 73 17 0 27 33 0 0 0 55 0 0 39 13 0 0 14 0 22 31 0 0 0 0 87 16 0 0 0 0 26 61 78 0 52 0
51 32 0 0 0 60 0 0 0 0 0 0 10 0 0 0 86 0 0 58 0 0 0 0 0 0 30 0 0 82 0 97 70 0 0 0 0 83 0 60 0 97 28 0 31 0 28 0 0 0
0 35 0 0 20 0 0 0 0 0 96 0 0 3 22 0 83 0 0 0 16 0 0 96 0 0 0 53 11 47 0 0 10 72 20 0 92 0 0 0 0 0 0 0 0 0 0 96 0 0
48 61 0 0 0 0 16 0 0 0 0 19 0 0 0 0 37 86 57 48 88 0 0 0 78 0 0 0 0 95 0 8 36 0 94 0 0 0 12 1 0 79 38 15 0 0 0 0 0 0
