31 0 0 0 0 0 68 0 68 0 0 0 0 0 0 0 0 2 73 0
0 0 0 0 21 0 90 82 87 0 0 0 66 67 32 89 0 0 5 0
0 0 0 0 56 0 0 0 0 0 0 0 0 0 0 0 76 22 19 0
0 0 0 0 51 75 0 0 0 95 0 81 0 0 0 0 0 0 0 6
64 0 38 72 0 0 0 0 0 31 0 0 0 0 0 0 0 48 0 45
0 11 0 78 78 0 0 0 93 0 63 0 0 55 53 0 0 0 0 61
0 0 25 0 91 0 70 0 55 0 75 0 0 99 26 0 0 0 60 0
0 0 0 43 93 0 0 83 0 0 0 0 0 13 18 0 0 93 0 0
22 0 0 0 87 0 72 0 13 0 79 73 58 0 0 60 0 30 0 0
25 0 92 28 0 0 0 89 61 69 0 0 0 0 12 58 0 0 17 33
0 0 0 0 24 72 68 0 0 0 0 0 0 0 0 0 10 0 0 0
0 78 0 21 0 8 0 2 0 0 0 0 0 0 0 0 0 99 0 0
0 83 52 84 0 28 94 67 0 0 93 0 0 0 65 57 89 64 64 0
0 10 0 0 63 0 0 84 44 0 95 0 51 0 0 72 14 0 0 0
0 0 0 83 0 33 0 0 34 0 0 27 0 5 0 75 0 0 17 0
0 0 0 0 0 0 0 0 60 0 0 0 0 54 61 20 0 0 0 0
0 0 0 0 0 37 82 64 0 0 0 0 0 70 0 27 54 0 66 85
42 36 0 0 0 0 0 27 98 0 0 0 0 0 0 0 0 0 0 0
0 77 0 0 0 10 0 55 35 55 0 0 0 0 0 35 0 0 0 72
0 0 38 0 0 0 0 0 35 0 0 0 0 0 41 0 60 0 87 0
