52 0 74 0 0 37 0 0 0 0 0 54 0 31 34 0 0 19 0 29 0 0 0 0 0 0 0 45 0 0 0 0 82 0 0 59 30 97 0 0 0 10 0 87 0 0 0 95 29 0
0 0 72 84 0 60 0 0 16 0 0 0 0 0 85 0 57 0 0 0 0 0 0 0 97 0 0 52 0 0 21 0 75 0 0 0 31 3 88 55 0 16 0 0 0 63 95 54 0 57
57 0 0 0 78 12 0 0 96 0 0 66 64 0 93 34 78 0 0 0 63 36 21 3 0 0 0 0 40 38 54 0 16 0 0 40 0 41 0 0 0 0 77 0 19 24 94 0 0 0
0 59 0 0 0 0 0 53 0 0 0 0 0 4 0 0 0 84 0 0 0 0 0 0 0 0 9 56 0 0 0 84 0 4 0 18 0 93 0 0 0 0 0 45 0 0 0 0 44 0
0 0 0 0 0 0 32 0 15 0 0 0 0 76 7 0 0 0 0 0 32 0 0 71 95 0 0 7 0 0 31 0 87 0 0 0 0 0 59 0 0 95 0 0 0 0 40 0 78 0
0 0 0 0 0 0 0 0 0 99 0 0 99 0 0 0 0 48 39 0 7 0 60 36 0 0 0 0 16 92 0 31 88 0 0 76 22 0 0 0 0 66 65 0 0 0 0 16 0 20
0 0 0 0 0 34 0 0 71 0 45 0 41 0 0 0 84 0 18 0 0 0 0 0 0 63 7 0 0 90 0 0 0 68 0 0 0 0 0 71 85 0 0 53 0 0 78 0 7 0
0 0 0 0 0 0 0 98 18 40 0 0 0 28 0 9 0 0 0 0 0 53 42 0 0 72 0 0 0 93 0 0 22 0 69 0 0 0 74 0 20 0 82 0 0 0 0 0 0 0
0 0 0 7 0 0 75 0 0 0 0 0 0 57 77 0 36 0 0 11 0 48 0 0 0 0 0 0 0 16 71 0 0 91 0 0 61 0 0 63 0 58 80 0 7 19 0 0 0 0
0 67 0 0 0 11 0 0 17 0 0 0 0 0 0 0 58 0 42 0 13 47 0 0 90 0 82 0 0 0 0 66 0 0 0 0 0 0 0 0 74 89 35 62 0 6 65 0 0 47
0 0 75 0 0 0 0 0 0 78 0 4 90 29 0 0 0 0 0 55 80 0 0 0 0 0 37 0 0 49 0 54 0 0 0 39 75 0 0 47 0 95 0 0 30 19 72 13 0 0
0 0 0 0 0 0 0 0 0 70 94 87 3 0 0 75 76 78 0 0 0 0 0 11 0 0 30 0 26 0 69 0 0 79 0 41 0 31 0 28 0 0 0 0 0 67 0 0 0 0
67 0 0 0 25 0 0 0 0 0 0 0 74 7 0 61 0 0 0 95 0 0 0 49 0 0 0 0 82 0 0 20 0 0 12 0 0 98 88 7 74 0 0 0 0 0 13 0 0 44
0 82 54 0 67 0 0 0 0 0 0 0 0 16 0 0 0 0 17 0 0 20 0 0 55 0 94 47 63 91 0 0 0 0 79 0 0 0 18 0 69 0 0 0 0 0 0 0 89 0
0 0 13 0 0 71 0 75 0 0 0 0 0 72 59 0 0 66 64 0 0 0 13 44 17 0 0 66 0 20 0 0 24 0 17 0 69 0 43 0 77 0 0 0 25 0 0 11 35 94
0 0 0 0 0 0 21 0 70 0 0 99 65 0 0 0 44 9 12 6 2 18 39 0 0 0 0 0 70 0 0 53 0 0 6 24 0 0 0 0 0 0 91 0 0 0 0 0 0 92
0 58 40 0 0 17 0 0 0 0 0 0 0 17 7 27 0 13 0 65 79 0 0 9 0 0 0 0 0 22 56 73 0 66 22 0 0 60 0 0 81 57 51 17 10 41 2 0 97 0
0 27 73 70 0 85 0 59 0 0 0 0 54 0 0 39 0 0 30 0 0 73 62 0 0 15 0 0 0 0 0 0 0 0 0 78 0 41 0 0 0 75 0 0 56 63 14 0 0 0
0 0 0 0 57 20 0 0 55 0 34 0 0 0 46 79 82 75 0 0 0 0 8 0 92 0 54 0 0 0 0 0 64 0 0 0 0 0 37 58 0 0 0 0 0 0 0 59 0 0
0 0 37 0 22 0 81 0 0 56 19 24 34 0 15 0 0 0 0 0 0 68 89 0 0 99 0 0 0 0 0 0 0 0 0 0 0 0 0 0 0 0 0 0 0 0 79 0 95 59
0 0 0 62 0 0 0 0 89 59 0 19 55 0 0 21 0 0 0 0 0 0 52 0 36 0 0 99 0 0 37 6 45 0 57 0 0 0 0 22 0 32 0 4 0 0 0 35 0 0
0 0 0 0 47 0 0 0 39 91 0 0 0 0 0 0 0 0 0 85 59 0 72 0 0 0 0 20 0 0 0 16 0 0 68 0 3 0 0 0 0 0 0 0 0 85 0 0 0 0
0 45 0 0 0 0 97 42 0 0 0 15 85 0 90 0 0 0 0 0 80 0 0 0 0 0 0 0 0 0 0 0 72 0 0 0 0 0 65 85 0 0 0 74 0 0 0 0 0 0
22 0 0 0 0 98 8 0 0 96 13 0 0 0 0 0 0 48 1 74 0 0 0 0 61 0 0 0 0 55 0 0 30 4 24 0 0 0 0 68 0 0 0 68 0 0 44 0 0 0
91 0 0 0 0 0 0 0 4 0 1 0 17 0 0 87 0 0 42 0 35 61 0 0 0 0 0 0 0 0 0 0 0 0 88 3 0 6 86 13 92 37 0 0 23 20 56 0 94 0
70 0 0 0 8 0 0 0 0 0 0 0 0 0 0 59 0 0 37 0 89 0 0 0 0 0 0 0 0 0 0 36 34 0 33 0 0 48 0 0 96 0 0 0 0 93 0 0 0 31
12 0 81 0 0 2 0 90 28 0 87 14 0 0 89 0 0 0 0 42 47 50 0 0 0 0 0 10 37 99 0 8 0 0 65 97 82 0 0 0 0 0 35 61 0 0 64 81 0 0
0 0 0 0 0 0 45 0 0 0 16 64 0 0 0 0 2 38 12 0 0 0 0 0 0 52 0 0 0 0 7 0 0 51 0 0 0 0 0 32 0 0 0 37 70 0 0 0 0 38
0 0 4 0 45 71 0 1 11 5 97 0 88 0 0 0 0 0 0 0 0 0 0 50 0 10 0 0 0 8 52 0 82 0 35 0 38 0 0 0 6 0 0 0 90 0 0 6 0 98
0 32 0 0 60 0 0 0 0 96 93 0 97 0 31 0 0 0 0 22 69 72 0 13 0 44 0 0 0 0 0 0 0 0 0 43 9 0 20 0 75 0 0 0 0 0 0 0 0 0
41 0 0 27 0 7 0 0 57 0 3 0 0 0 0 0 0 80 70 73 0 0 0 48 18 71 0 0 0 99 78 0 0 26 0 0 0 0 29 0 0 94 0 70 0 0 0 0 0 50
23 0 90 0 0 0 56 0 0 0 79 0 0 0 0 0 57 71 0 10 95 0 0 0 0 0 1 0 0 32 0 81 78 0 54 90 0 0 51 0 0 0 0 0 0 62 78 0 0 0
74 37 0 0 0 31 40 0 0 0 0 95 0 0 0 0 0 0 0 1 0 95 0 0 10 0 4 0 0 57 0 0 0 0 47 0 52 0 0 0 0 0 59 39 0 0 0 0 44 92
0 8 0 0 3 55 0 0 0 0 0 0 0 0 9 33 0 0 27 0 66 6 0 0 89 0 0 0 0 0 0 0 0 93 0 0 80 0 0 79 28 0 0 0 0 0 0 0 0 47
53 0 91 0 11 0 0 85 0 0 0 0 0 77 0 53 9 0 0 0 0 0 0 81 99 24 0 0 0 0 0 0 25 0 88 0 0 0 32 0 0 68 67 0 57 0 46 86 0 64
0 0 13 0 0 56 81 36 69 2 0 2 0 0 47 0 0 0 0 0 0 0 43 91 0 0 0 0 0 27 0 0 0 0 0 0 0 0 0 0 78 6 0 0 43 0 12 0 0 0
10 0 0 0 60 91 0 87 0 71 0 0 0 0 0 0 0 0 60 0 98 0 0 99 9 0 0 36 0 0 0 0 0 26 0 69 0 57 0 0 67 0 85 0 0 38 0 0 0 0
0 0 95 0 0 90 19 87 0 42 0 54 0 0 20 0 6 84 45 0 0 0 0 63 19 32 0 0 0 57 0 8 0 0 0 0 0 94 43 37 0 0 0 0 7 0 0 14 0 64
7 0 12 38 0 0 37 0 66 41 0 0 0 0 38 0 43 0 0 0 0 0 45 0 0 83 0 0 0 0 0 0 3 27 84 0 0 12 0 53 0 0 72 0 0 0 0 89 52 39
59 53 33 0 0 44 65 0 0 0 72 15 0 0 2 41 0 2 78 51 0 0 3 33 0 0 0 51 0 0 0 3 0 0 0 62 0 47 0 0 0 71 0 55 0 0 13 0 0 0
0 0 60 0 0 52 99 49 0 0 0 0 0 35 0 0 0 0 0 0 0 0 25 0 53 0 0 0 89 0 0 0 17 0 80 41 0 0 0 0 0 0 0 21 73 0 2 26 0 0
0 0 0 0 0 0 0 0 57 0 51 0 80 0 0 10 91 0 0 0 0 0 23 0 70 0 0 51 0 0 0 34 0 0 0 0 99 0 18 0 0 33 0 0 84 0 40 0 0 0
0 0 94 0 0 0 90 0 38 0 0 13 97 0 0 0 67 0 0 62 47 0 0 61 0 35 61 0 16 0 0 0 0 48 3 0 0 0 62 0 2 34 78 21 91 15 0 0 0 0
0 0 0 0 99 0 54 0 44 62 0 0 92 0 0 0 0 77 0 91 0 0 0 51 0 0 50 0 0 0 0 0 0 0 0 0 0 0 11 34 0 30 0 0 6 0 15 0 0 0
0 39 0 98 5 0 14 0 0 6 0 3 67 0 0 0 0 31 61 0 35 2 66 63 39 76 10 0 54 0 0 0 0 0 2 35 79 0 0 0 0 79 0 78 69 0 0 0 0 0
0 0 65 0 0 0 0 0 0 0 0 0 15 94 0 0 57 0 0 0 0 85 0 0 21 0 0 0 0 0 0 55 0 0 73 0 92 0 0 0 0 0 0 44 0 0 0 0 85 0
59 0 0 0 0 5 91 0 0 49 0 0 0 37 0 0 0 17 0 11 0 51 9 0 0 24 0 0 0 0 0 0 0 0 0 33 0 0 99 16 0 77 0 0 7 0 0 0 0 0
0 0 0 14 50 39 84 0 84 0 0 43 65 85 0 0 0 60 21 0 0 0 51 0 0 88 15 14 18 0 0 93 0 84 4 0 0 0 44 0 0 50 79 0 0 0 73 0 0 0
59 0 0 0 0 0 0 84 0 4 0 69 0 0 32 97 0 0 0 39 0 95 38 0 0 0 39 0 0 19 43 0 0 0 0 0 0 15 0 0 0 0 0 0 0 98 0 0 70 0
0 0 0 30 9 66 0 0 0 0 0 12 0 11 48 0 0 0 0 0 0 0 0 0 0 28 29 0 0 0 0 0 0 0 86 46 0 0 0 0 0 0 0 0 0 0 0 38 0 0
