82 20 83 0 0 0 0 0 52 0 49 0 0 0 7 0 56 93 0 0 0 0 0 0 0 0 0 0 0 0 0 0 9 0 0 31 80 0 0 0
96 0 0 0 0 56 0 0 0 0 97 0 0 0 0 24 63 0 0 48 0 37 0 8 0 0 0 0 53 0 24 0 66 49 0 24 0 0 0 0
43 0 47 0 0 0 0 0 0 0 0 0 87 24 0 0 0 0 0 0 0 0 11 0 0 0 84 0 0 0 0 34 0 75 0 0 0 0 0 0
0 0 0 0 19 0 0 0 0 0 53 0 0 0 7 0 0 0 0 0 0 36 0 0 0 60 0 0 0 0 0 0 9 41 53 0 63 0 0 0
92 73 0 0 0 0 0 0 0 0 87 0 0 0 0 0 0 0 0 14 0 72 0 0 0 0 0 0 0 0 31 39 87 0 0 0 0 0 0 0
0 0 25 0 97 0 0 0 0 0 0 13 0 0 17 0 0 31 32 0 0 60 0 0 0 0 48 68 82 0 0 0 0 0 0 0 0 0 0 0
0 0 0 21 0 0 0 0 41 0 11 0 0 0 0 0 0 15 0 0 11 0 0 0 0 0 12 11 33 0 0 51 95 0 0 0 0 0 0 0
94 0 0 0 0 0 0 0 0 0 92 0 0 0 0 0 0 0 91 37 0 8 0 0 0 0 52 0 0 0 0 8 0 0 0 0 0 0 0 0
0 0 0 40 0 0 0 88 0 0 38 0 92 0 36 0 0 0 0 0 0 0 0 0 0 0 0 0 3 0 89 0 0 0 0 0 0 32 82 0
0 0 0 16 0 30 99 0 0 33 0 0 0 0 0 0 0 47 0 0 0 76 0 0 0 0 0 0 0 0 0 7 0 0 0 0 19 67 0 40
0 0 0 0 54 0 73 0 0 0 73 0 0 0 0 0 0 0 0 53 0 0 0 0 0 0 0 0 0 0 78 0 0 29 0 0 0 0 47 0
0 0 89 0 0 0 11 0 0 0 3 0 0 2 0 0 0 0 0 0 0 42 12 0 0 0 0 0 0 0 0 0 64 0 0 0 0 0 0 0
0 0 69 0 0 0 53 0 0 79 0 0 0 76 0 0 19 0 0 0 0 0 0 0 19 0 46 0 0 0 0 0 0 0 43 0 0 0 0 0
35 0 0 21 0 0 0 84 0 57 83 0 84 0 0 75 0 0 0 0 47 65 68 0 0 0 0 61 96 13 0 92 0 0 71 7 0 0 0 0
0 0 97 0 68 0 0 0 53 0 25 0 0 0 0 64 0 0 0 0 0 0 0 0 0 0 0 94 0 0 0 0 53 0 0 0 0 0 0 0
54 0 0 0 0 0 13 0 41 45 40 82 0 0 10 0 0 0 0 75 0 0 0 0 0 0 0 0 0 0 0 0 0 0 44 0 0 0 75 0
0 0 0 0 0 0 0 50 55 0 0 0 0 0 0 0 66 0 0 0 0 31 0 40 0 0 0 0 0 0 0 0 34 0 0 0 0 0 0 0
0 0 85 0 0 0 94 0 97 0 0 0 0 0 3 0 0 0 0 0 0 0 0 17 0 0 0 0 0 0 0 0 0 0 0 0 0 41 64 26
0 73 0 0 0 0 0 0 0 89 0 0 0 0 0 0 0 0 0 0 0 0 95 0 99 0 0 0 0 0 0 0 0 0 39 0 0 52 27 0
0 0 0 0 36 0 0 75 0 96 0 0 0 0 11 0 0 0 60 0 0 85 0 0 0 0 0 29 0 0 33 0 60 74 0 27 0 0 0 0
0 28 85 0 0 0 0 0 0 76 77 0 2 0 72 0 19 0 36 0 0 83 0 0 0 0 51 0 0 0 14 0 0 0 0 0 0 0 0 0
0 0 0 0 0 0 0 0 0 82 32 10 0 0 72 0 32 0 41 0 0 0 0 0 0 0 0 0 30 65 81 72 0 88 0 15 0 0 0 0
0 0 0 3 0 0 0 80 0 0 0 73 27 0 33 0 44 0 0 0 0 18 80 0 0 0 0 0 0 97 0 0 0 0 0 0 0 0 6 0
0 0 0 0 0 78 0 0 0 26 0 0 0 0 0 0 0 0 12 68 55 55 0 0 96 91 0 0 0 0 89 0 0 3 27 0 0 0 0 12
0 0 0 54 57 0 0 0 0 0 0 72 0 0 0 0 0 0 0 0 0 3 0 0 18 0 0 70 18 0 53 0 0 35 0 78 0 0 0 0
0 0 0 0 0 0 0 0 0 0 0 0 99 0 0 0 40 0 0 0 0 74 0 37 0 0 0 0 0 0 0 0 0 0 0 0 0 0 0 9
42 61 0 0 0 0 0 0 0 0 0 0 0 0 0 0 95 0 0 0 0 56 0 0 0 0 23 0 0 0 0 55 0 0 0 64 0 0 0 0
0 0 34 0 41 50 0 0 0 0 0 0 0 0 0 0 0 40 47 53 0 3 0 0 0 12 0 0 0 0 90 33 0 0 0 45 0 0 56 0
0 89 0 0 0 0 0 0 0 0 0 0 0 59 0 0 61 0 0 0 0 8 56 0 67 0 0 60 0 0 0 0 0 0 0 0 0 0 0 97
14 74 0 0 0 0 0 0 57 85 0 0 0 0 27 0 7 0 0 41 0 0 75 0 0 0 52 1 50 0 0 0 0 76 0 0 0 0 62 0
65 0 67 51 0 79 0 0 0 0 0 0 72 30 0 0 49 26 0 0 0 73 13 0 0 0 0 0 0 38 74 0 0 39 0 0 0 28 19 27
48 95 0 0 0 0 0 0 0 0 15 0 0 0 0 21 0 60 32 40 0 0 10 0 5 0 25 0 0 0 0 0 0 0 10 0 0 0 18 0
0 0 0 0 0 0 0 0 85 68 0 84 1 88 0 0 0 0 0 0 0 0 7 0 0 73 0 0 11 0 0 68 0 60 0 0 36 0 56 60
0 0 0 0 0 29 3 99 0 72 0 0 0 0 0 0 0 0 6 0 0 34 0 27 0 51 48 0 11 0 76 0 0 0 0 0 0 0 0 0
0 0 0 43 0 0 0 41 0 78 0 0 0 0 0 0 0 55 0 0 0 6 0 19 47 0 0 0 26 50 0 0 0 0 0 0 0 0 0 24
66 52 0 0 0 68 0 0 0 0 0 0 0 68 0 0 44 0 0 21 0 0 0 0 0 0 0 0 0 0 0 89 20 0 64 0 0 0 0 0
0 81 0 0 0 0 0 0 73 0 0 79 0 0 0 0 0 77 72 22 0 7 63 0 0 0 0 30 0 0 0 0 53 0 0 0 0 61 0 84
0 0 0 0 0 0 0 0 0 0 0 0 0 0 0 0 0 0 0 45 0 0 0 0 0 0 12 0 91 0 0 0 27 0 63 0 0 26 0 0
0 0 0 0 86 83 0 0 67 0 0 0 0 0 0 0 75 0 0 36 0 45 0 0 0 0 0 0 18 0 36 44 0 0 74 48 0 17 0 0
0 0 44 0 0 0 36 0 18 0 38 0 0 0 0 0 0 0 0 0 0 21 0 0 91 0 0 0 0 0 0 69 0 35 0 32 97 0 0 0
0 39 0 0 0 0 0 90 0 34 0 0 0 0 0 1 59 0 0 0 0 0 0 0 56 0 0 0 0 0 0 11 0 0 85 0 0 0 0 0
0 0 0 0 0 0 0 0 0 30 65 0 0 86 0 0 0 10 0 0 0 0 87 0 0 0 28 23 0 0 84 0 0 0 74 53 0 0 0 0
0 82 0 0 0 0 0 0 10 0 43 0 0 0 0 0 0 0 0 0 0 0 0 0 0 0 0 0 0 0 0 0 0 33 0 0 68 0 0 71
74 0 0 0 0 0 0 0 0 0 0 1 0 84 0 75 0 0 76 0 0 0 0 0 15 0 17 0 43 0 0 0 0 1 0 0 64 80 4 0
5 82 0 0 0 0 94 54 0 0 0 0 24 89 0 0 9 0 0 0 0 38 0 0 0 0 0 0 0 0 0 0 0 99 0 0 52 0 0 38
0 0 0 54 0 74 0 0 0 11 0 0 70 0 0 24 0 0 0 0 0 0 0 17 0 0 0 0 90 0 0 0 0 0 0 36 0 0 0 0
0 0 48 0 0 0 0 81 0 24 0 0 0 0 0 0 43 0 0 0 5 83 0 32 0 0 54 0 0 0 0 0 0 0 0 0 0 0 0 0
42 0 24 0 0 77 40 0 53 0 0 87 0 73 0 0 33 0 0 20 0 51 23 0 74 0 0 27 0 0 0 0 0 63 0 0 0 12 0 0
56 0 0 15 54 0 0 0 0 4 0 48 0 0 0 0 13 0 20 0 0 0 0 0 0 75 0 0 0 0 0 0 0 81 0 0 0 0 0 0
0 0 0 0 0 0 0 0 19 0 0 0 0 58 0 0 0 30 76 0 0 0 0 0 0 0 93 0 0 0 0 45 0 0 0 1 0 0 0 64
