83 0 0 45 0 0 85 0 0 0 0 0 0 0 0 0 66 0 0 0 0 35 0 0 0 0 0 80 0 0
39 0 0 0 0 0 0 26 0 0 0 0 0 47 0 0 0 0 35 61 0 0 0 0 0 0 0 0 46 0
0 0 0 0 0 12 0 0 0 0 80 90 11 0 0 0 0 0 0 65 88 0 0 0 0 0 0 72 0 0
0 0 91 96 86 18 50 86 0 0 0 0 0 92 84 0 0 0 0 0 0 0 25 0 0 0 0 0 0 0
0 0 0 47 27 0 0 29 0 0 50 68 3 0 0 0 0 0 33 61 0 0 0 0 56 0 0 90 0 0
0 0 0 0 0 0 0 0 98 0 0 0 0 0 59 0 0 0 34 0 0 0 63 0 0 30 0 91 0 80
0 0 0 0 0 0 0 0 0 0 0 0 0 0 60 0 0 2 0 0 0 39 0 0 89 0 43 0 79 0
38 0 0 0 71 78 0 0 0 0 0 20 0 50 0 0 0 0 0 0 36 29 73 0 0 73 0 0 0 66
0 0 0 0 0 0 0 0 52 0 0 28 56 0 0 0 0 0 25 0 0 50 0 0 0 0 0 0 68 13
0 0 0 0 7 0 0 0 42 0 4 0 0 0 0 0 0 0 0 0 54 71 0 0 0 79 68 0 0 0
