0 1 0 0 0 0 0 0 0 3 0 0 0 58 0 51 0 0 0 82 0 0 0 0 0 0 0 0 0 0 0 93 0 0 0 70 0 0 0 0 0 0 0 0 0 83 0 99 0 0
0 0 26 0 0 0 0 0 56 0 0 0 0 0 0 0 0 0 73 61 0 33 0 0 0 0 0 0 0 0 0 48 0 0 85 0 0 0 0 0 0 0 48 0 0 0 0 0 0 86
0 0 0 0 0 0 0 0 32 0 0 38 0 0 0 0 89 0 0 0 90 0 0 0 0 77 0 92 0 94 0 0 0 70 90 0 0 0 0 0 43 0 0 0 0 0 61 0 0 16
0 0 0 76 0 0 0 0 0 0 0 0 0 39 0 0 0 0 0 0 0 0 0 0 0 0 0 0 0 0 0 30 46 99 0 39 0 0 0 0 0 0 0 0 0 28 0 0 0 0
0 0 0 61 0 61 0 41 0 0 32 0 0 0 0 0 0 0 0 0 0 0 0 0 0 0 33 61 0 0 0 0 0 0 0 0 0 0 0 0 18 0 0 0 34 0 0 0 0 0
0 99 0 0 0 0 0 0 0 0 22 0 0 0 0 0 0 0 0 0 1 0 0 0 0 0 0 0 26 0 74 0 0 0 17 0 0 0 42 0 48 0 49 0 0 0 0 51 57 0
0 0 0 0 0 1 0 0 0 0 0 0 0 5 0 0 0 0 0 1 0 0 0 12 0 50 0 0 0 0 0 0 0 11 0 0 0 0 0 14 0 0 63 0 77 95 0 0 34 0
0 38 34 0 0 0 0 0 0 0 0 55 0 0 0 0 0 0 95 91 0 0 0 0 0 0 0 0 0 0 52 0 0 0 0 0 0 0 0 0 0 15 0 12 0 0 22 0 0 0
0 2 0 0 0 0 0 0 95 0 47 0 80 13 0 0 0 0 62 0 0 0 79 0 0 0 70 0 0 71 0 0 0 0 0 0 0 39 0 0 0 0 0 40 0 0 15 0 0 0
0 87 0 0 0 0 84 0 0 0 0 37 0 0 0 0 0 0 0 0 84 95 43 0 0 0 0 0 0 0 0 0 0 0 0 0 27 0 0 58 0 0 0 0 0 0 0 0 89 81
