0 0 18 67 0 0 0 30 0 0
69 46 0 0 0 44 0 0 52 50
79 0 0 39 37 0 0 0 0 0
0 0 0 0 0 0 0 8 0 29
96 0 60 0 0 13 0 0 0 0
0 13 99 92 55 0 0 0 0 0
0 46 0 0 0 0 0 0 72 0
0 0 62 0 0 0 0 64 0 0
0 0 97 0 26 0 0 0 69 0
0 0 0 88 0 55 91 0 45 0
0 0 0 0 0 53 69 0 0 21
14 0 0 0 0 0 0 17 0 0
14 0 0 0 0 0 0 0 50 0
0 0 43 0 0 90 0 0 0 0
44 71 0 0 21 28 0 0 86 90
0 0 0 0 0 0 0 0 0 0
97 13 0 8 0 0 44 58 33 0
46 94 0 0 95 95 0 0 0 0
0 98 0 85 80 0 5 0 28 0
0 0 0 0 0 0 98 0 90 0
0 0 0 0 0 27 47 0 70 0
0 0 0 0 0 0 68 0 24 38
79 32 0 0 0 0 0 0 0 0
52 40 0 0 0 0 0 0 0 0
0 0 0 13 37 65 73 0 35 0
44 69 0 0 0 0 0 97 72 38
13 82 12 0 69 0 39 46 0 71
0 0 0 14 52 0 0 0 0 0
0 0 0 40 0 0 0 37 22 0
42 50 50 0 0 0 56 2 0 0
