0 48 97 0 0 52 44 0 44 97 0 0 0 0 0 0 0 0 0 0
3 29 43 72 0 0 0 9 0 28 0 0 87 0 0 0 0 0 32 81
0 12 9 24 0 0 33 0 0 0 0 0 0 75 25 0 0 0 0 0
4 71 35 0 0 0 0 0 0 71 1 0 87 34 3 0 0 0 0 0
0 0 0 0 0 66 80 60 40 87 0 0 0 0 92 56 0 0 76 0
0 0 0 0 0 10 0 66 21 20 0 96 0 0 0 94 0 92 76 0
0 77 0 87 27 0 0 0 0 0 0 23 0 0 77 0 55 0 0 0
0 0 0 0 25 0 26 0 13 0 0 36 0 22 0 0 0 0 0 0
0 9 91 0 0 36 0 0 92 33 44 0 75 68 0 0 71 0 55 0
0 0 0 0 0 91 54 44 0 0 75 11 74 0 0 0 25 78 80 0
0 0 0 0 59 0 0 0 0 0 0 39 0 0 59 0 80 0 0 0
11 0 70 13 96 0 0 90 11 0 58 37 15 16 28 0 0 78 0 0
31 0 3 0 0 0 0 12 33 0 14 65 46 0 18 0 29 41 52 17
0 0 0 93 0 0 0 0 0 0 0 40 17 75 78 15 0 0 0 0
1 21 64 0 0 0 0 0 0 0 0 87 0 30 0 0 0 0 0 0
67 0 35 7 0 0 73 0 0 9 0 0 0 0 64 0 0 89 81 50
0 39 0 0 0 0 0 0 0 0 0 0 0 0 0 0 0 57 0 42
0 0 0 19 0 0 0 95 56 0 98 0 87 15 1 0 0 0 0 0
0 0 0 0 0 0 10 0 0 0 41 38 82 0 68 0 0 0 0 18
0 0 0 0 0 0 0 0 0 0 61 0 0 0 0 82 0 0 0 0
65 23 0 0 0 0 0 30 0 0 0 0 8 75 0 42 0 17 0 0
0 0 0 0 0 21 2 0 0 0 0 26 0 0 0 0 70 0 0 22
0 0 0 87 67 0 0 27 0 0 0 0 71 66 0 0 0 0 64 0
0 0 0 0 26 0 97 87 0 95 0 0 0 0 0 0 0 78 38 0
0 0 0 0 0 34 0 0 0 0 0 0 0 41 0 0 0 23 0 61
0 10 0 0 0 0 0 56 0 0 0 0 0 83 0 0 0 0 0 0
0 0 0 5 0 29 0 21 18 0 0 0 85 0 0 0 0 0 0 75
0 0 0 0 0 0 0 46 0 0 97 0 0 0 0 29 0 0 0 0
0 17 0 0 0 0 99 0 52 0 53 66 0 0 36 0 81 0 89 0
0 13 0 0 0 0 13 0 8 0 0 29 0 0 91 30 0 0 0 0
80 0 0 44 0 79 98 21 87 4 0 0 0 69 0 0 0 66 0 85
0 0 15 0 0 58 0 0 0 0 0 0 0 54 0 29 0 0 0 0
17 28 73 45 6 19 0 0 0 0 0 0 16 54 74 9 0 29 0 0
36 0 0 26 0 0 0 0 8 0 0 83 0 26 74 66 0 76 0 0
67 68 0 0 86 0 65 27 0 30 87 0 0 0 0 0 0 0 0 0
60 0 25 1 0 0 0 20 13 0 0 0 19 0 0 78 0 0 67 0
37 0 11 0 0 0 0 0 51 0 0 0 80 0 88 0 0 43 80 0
12 0 0 89 0 0 0 13 0 0 0 0 0 47 64 0 64 0 11 0
0 49 0 0 0 0 0 0 26 24 0 0 0 0 0 0 0 0 52 97
87 0 68 0 0 0 17 0 0 0 74 0 0 0 93 0 0 72 0 0
0 0 0 0 0 79 0 0 0 0 0 89 0 0 41 0 0 0 0 0
0 93 0 0 0 95 0 85 0 0 0 0 0 0 0 0 0 0 72 0
32 62 12 0 0 0 12 0 0 0 0 91 0 0 84 63 89 0 0 0
0 18 0 0 0 0 85 0 0 44 0 17 0 0 0 0 0 0 50 59
41 0 80 11 96 0 58 65 49 0 0 0 0 0 9 89 0 0 0 0
0 0 0 0 0 79 0 0 0 0 0 20 0 0 96 0 80 0 0 0
0 0 0 18 0 0 0 0 0 0 0 2 0 0 0 0 61 0 89 0
0 4 0 0 45 0 20 0 59 4 0 51 41 0 0 0 47 0 0 50
0 18 0 0 0 0 30 0 31 0 0 0 26 0 18 49 0 28 78 0
20 0 0 0 58 0 0 18 0 0 2 0 8 0 0 0 16 0 52 76
