23 3 0 0 0 0 0 9 0 12 0 0 0 91 0 0 0 0 82 79 0 0 7 0 0 0 0 0 0 0
0 0 0 0 0 0 0 0 0 0 0 0 0 0 80 0 32 13 50 0 0 9 15 0 10 0 0 0 72 0
0 6 0 0 0 0 37 0 0 0 0 23 0 0 79 72 0 0 0 0 0 14 0 0 38 25 91 0 0 0
0 0 0 0 0 0 79 0 0 0 90 57 33 4 0 0 93 0 12 0 0 7 74 0 0 0 0 0 0 72
0 0 0 0 0 0 90 0 0 0 0 50 0 0 18 0 6 0 0 7 28 0 0 0 0 90 0 7 0 0
0 0 0 0 0 0 0 6 0 64 0 0 0 0 0 0 0 0 23 0 0 25 0 0 0 0 75 0 0 32
0 0 0 0 56 54 79 21 0 0 0 53 0 0 0 0 0 88 0 0 62 0 0 0 89 0 20 39 0 0
0 0 50 12 0 0 40 8 0 0 22 0 0 51 0 0 0 0 0 71 0 56 0 58 76 0 0 0 0 82
11 0 0 0 48 45 0 0 0 79 0 0 28 0 0 0 0 0 0 0 48 0 0 0 0 0 0 57 0 0
0 0 58 0 67 0 0 0 76 0 0 0 0 0 61 0 76 0 33 0 0 48 0 0 0 0 0 81 0 0
0 0 0 0 0 70 75 28 0 77 0 90 0 0 48 9 0 35 77 11 60 54 37 0 0 0 71 0 0 67
31 89 0 0 0 0 87 81 0 0 0 22 0 0 0 0 10 0 0 60 0 46 35 0 0 44 11 11 72 90
94 0 0 10 77 0 0 28 0 0 0 0 0 0 0 0 0 0 0 53 0 0 0 0 76 62 9 28 0 0
0 0 41 0 0 0 0 0 0 0 0 14 0 0 0 0 83 75 0 83 56 0 18 0 33 0 30 72 48 0
0 16 0 71 0 43 0 34 0 0 10 0 41 0 0 0 34 0 0 0 0 2 45 79 0 39 0 0 15 0
0 0 0 0 7 0 0 0 0 0 0 0 0 0 0 34 0 0 48 58 0 0 0 0 87 0 0 91 0 23
0 41 18 29 0 0 86 98 0 0 0 0 0 0 29 0 36 70 0 0 53 0 39 43 84 0 0 0 0 0
0 0 0 0 40 0 0 0 0 0 0 83 0 79 68 0 70 0 0 0 0 0 18 0 0 0 0 52 0 0
0 25 0 0 0 0 0 7 40 32 0 0 6 50 0 0 79 0 0 0 0 99 50 94 0 0 0 0 0 0
0 0 91 0 0 0 0 23 14 82 0 0 0 0 31 58 0 83 0 0 0 0 0 6 0 0 12 0 0 0
72 0 82 3 0 0 63 0 98 0 87 0 0 0 0 0 0 0 0 0 0 0 80 0 0 1 0 0 0 0
0 0 35 0 0 0 47 4 0 0 0 0 48 0 51 87 0 0 75 0 5 4 0 85 85 0 0 0 0 16
0 0 0 0 0 0 37 60 0 0 67 0 25 0 50 0 99 39 0 0 0 0 0 56 0 27 0 0 62 57
0 0 0 77 0 0 0 0 0 0 0 63 0 0 0 0 0 0 62 0 0 0 0 0 0 72 0 71 0 0
0 4 0 0 0 10 0 0 0 0 0 84 0 0 61 0 0 0 0 0 0 0 0 79 0 0 90 0 0 0
13 0 52 0 0 43 0 0 0 84 0 87 0 0 0 17 89 0 19 22 0 0 0 0 0 0 46 37 51 0
0 0 0 0 26 0 66 0 0 0 0 1 0 0 0 69 0 0 0 0 0 0 0 0 0 43 0 0 0 0
0 0 0 52 97 0 0 19 0 8 0 4 83 0 1 98 32 4 0 0 39 0 0 0 0 0 0 75 0 0
46 0 0 0 0 52 0 52 0 22 0 0 87 0 0 34 0 10 0 0 0 94 0 0 0 90 17 82 0 0
20 0 0 48 75 0 0 0 4 76 0 0 34 60 36 7 87 9 60 0 9 75 0 70 0 89 1 0 0 0
0 0 0 0 0 0 91 0 49 0 0 0 35 76 0 0 0 0 0 0 26 0 0 0 0 0 1 0 0 77
98 0 0 58 0 63 0 0 92 15 0 57 0 0 0 0 0 75 0 0 0 20 0 0 0 0 0 53 0 0
0 0 0 0 0 50 0 0 79 56 0 72 0 12 0 80 15 0 0 90 81 0 0 0 0 0 0 24 0 0
8 55 0 61 71 94 0 0 0 0 52 94 99 87 0 0 83 27 97 45 42 0 79 0 0 0 0 0 0 0
66 0 0 0 0 0 0 0 0 0 0 80 0 0 0 0 65 23 0 41 0 0 2 0 0 0 0 0 8 0
0 0 74 43 73 12 0 0 10 98 0 75 48 9 51 0 0 0 96 0 0 0 0 73 94 32 7 69 9 0
0 0 96 0 0 0 55 0 0 0 0 53 0 0 0 0 0 98 0 0 27 73 64 22 19 0 91 0 0 73
0 33 73 0 0 0 0 0 0 15 0 0 0 0 96 25 0 0 0 86 86 0 0 0 8 0 17 0 0 82
0 0 47 0 0 26 0 66 61 0 0 0 0 0 0 0 0 0 0 42 0 0 0 0 0 0 0 0 0 0
0 0 88 19 55 86 0 69 0 80 57 45 0 50 63 74 0 0 0 17 0 0 0 0 82 0 0 0 0 0
