0 0 0 72 0 0 45 0 0 0 0 0 0 0 0 52 91 75 0 0 0 13 0 0 27 0 0 0 49 0 0 0 0 0 0 0 0 0 1 0
0 14 6 79 37 0 22 0 0 0 85 0 26 0 2 0 0 13 20 0 15 55 17 94 43 0 47 37 0 69 0 42 63 0 32 0 0 0 0 0
0 0 0 0 71 0 0 0 55 8 0 99 0 0 99 52 53 43 34 0 0 32 0 0 0 58 0 44 0 0 96 87 0 45 0 88 0 0 0 77
25 0 0 0 8 0 0 0 0 0 0 0 0 35 0 0 0 0 81 88 0 0 0 0 0 0 0 0 99 0 0 0 8 0 0 0 64 0 0 46
0 85 79 0 83 0 88 0 0 0 0 0 0 0 0 76 0 0 0 0 0 0 50 0 0 0 0 5 0 0 0 0 3 35 0 28 57 8 0 0
0 59 0 0 0 0 21 59 74 0 0 0 67 0 0 75 69 95 0 76 56 0 5 87 0 39 19 93 86 0 58 46 0 0 0 0 68 0 0 0
9 0 0 60 97 0 0 0 0 0 46 0 13 0 0 78 0 39 0 0 0 0 79 0 0 0 98 0 0 0 0 0 0 61 0 27 63 0 0 0
0 0 0 0 0 0 0 0 84 0 0 74 0 0 0 9 14 0 28 36 0 0 0 76 0 0 96 50 0 0 0 38 0 4 73 0 0 0 0 0
0 0 24 0 0 0 0 0 0 0 0 0 0 0 0 0 0 0 0 0 41 0 0 0 0 0 0 44 49 0 0 23 12 0 50 0 0 0 0 0
27 27 0 21 83 0 17 50 0 18 89 0 98 66 0 64 0 0 0 0 0 15 96 71 0 59 0 0 0 19 0 0 83 96 72 52 63 0 0 89
0 59 0 0 54 0 19 0 80 0 0 0 0 0 0 0 90 0 0 82 0 95 0 21 0 0 0 70 0 0 0 88 0 0 0 0 0 0 49 0
0 0 0 0 0 0 0 0 0 46 0 76 0 43 0 62 1 0 0 0 11 0 0 74 0 0 1 15 0 0 41 0 52 35 0 0 0 74 80 88
58 0 0 74 0 37 0 0 0 0 0 20 0 0 0 0 36 0 0 0 64 0 0 42 9 0 0 93 0 0 0 31 0 0 0 0 0 0 38 31
0 0 3 0 0 7 0 38 0 0 0 71 0 0 0 92 0 0 23 0 0 0 44 49 0 0 0 0 54 0 0 0 98 0 0 61 0 77 0 0
0 0 8 0 0 0 0 26 3 14 60 58 0 0 58 0 0 0 54 0 0 0 0 55 57 0 0 27 0 18 0 0 96 6 0 0 0 0 0 0
0 0 0 83 28 23 0 0 47 0 43 0 0 33 0 0 60 27 7 53 0 0 6 0 0 0 77 0 59 0 75 0 0 0 0 0 56 0 88 0
0 88 0 0 0 0 95 0 0 16 75 83 92 0 0 0 77 12 51 95 0 0 0 0 0 47 0 88 80 0 0 0 40 49 0 83 0 0 0 0
0 0 89 20 13 0 0 17 28 0 83 0 59 42 0 5 0 0 0 0 0 0 0 0 0 0 0 0 49 0 0 0 46 0 84 0 0 0 0 0
0 0 79 0 0 28 45 0 55 35 58 0 0 0 12 0 52 0 74 94 0 31 59 0 0 0 0 95 61 90 0 0 0 15 0 0 0 0 0 0
0 0 17 0 0 0 0 0 57 0 41 61 0 0 55 0 0 0 0 33 0 0 38 0 47 92 19 0 0 0 0 0 0 26 0 0 0 57 0 0
0 0 0 0 0 0 67 0 26 0 0 24 0 0 24 6 0 0 0 94 82 0 0 0 0 0 0 0 0 0 0 0 0 38 91 93 0 0 82 58
0 24 0 0 15 98 0 0 21 0 0 0 0 0 0 0 48 41 14 0 0 0 0 0 0 0 0 0 0 35 0 0 35 0 0 21 50 82 0 0
0 0 39 28 0 0 0 2 6 0 78 0 0 0 95 19 0 0 91 0 0 86 0 0 0 9 0 15 0 0 36 0 58 0 0 0 7 54 62 0
0 0 0 0 0 0 0 0 37 0 0 0 0 0 0 0 9 0 0 0 0 0 0 27 54 92 89 94 0 25 0 0 37 68 0 56 0 72 0 0
0 0 0 0 0 0 0 0 0 73 0 0 0 0 0 0 0 0 39 0 19 0 85 0 73 67 0 0 0 0 0 0 0 95 0 0 0 0 94 0
0 43 86 0 0 0 0 0 0 0 0 0 0 0 0 32 0 53 0 0 29 0 0 0 0 0 18 0 0 45 0 0 0 0 0 0 0 0 0 0
0 0 0 0 70 0 0 19 0 0 0 0 42 28 72 0 0 0 0 0 0 0 1 12 0 11 11 20 0 0 81 0 0 0 0 0 83 19 0 0
63 0 0 0 11 0 0 0 0 0 29 0 0 0 0 0 0 0 0 0 92 0 10 0 0 25 0 0 35 0 0 0 0 0 0 33 0 92 0 47
0 0 28 0 0 0 94 78 0 0 63 55 55 19 70 0 0 0 0 0 0 0 0 0 0 0 51 0 23 0 0 0 0 0 0 0 0 0 0 0
0 60 36 0 24 0 39 30 0 63 11 69 0 40 51 0 74 0 43 0 64 28 0 0 43 0 34 0 0 0 0 53 0 0 0 6 0 4 0 0
23 0 37 0 15 0 0 0 44 73 0 9 0 73 0 0 0 0 5 8 0 0 0 46 0 0 0 0 0 0 0 0 1 0 0 0 0 0 68 0
0 0 0 0 0 87 0 0 0 40 0 0 0 0 3 0 47 0 17 0 26 0 0 54 0 0 0 14 0 0 73 29 44 0 72 0 95 53 0 0
0 90 0 0 97 0 78 0 0 0 0 0 19 0 58 0 25 0 0 82 6 0 0 40 36 51 99 50 0 93 0 0 37 87 0 0 0 0 95 76
0 31 0 0 36 8 0 0 0 19 71 0 58 0 0 0 0 46 0 0 0 70 1 0 0 0 99 12 0 0 0 0 79 0 58 41 0 0 0 3
0 20 0 0 0 82 0 0 0 0 0 2 0 0 0 0 37 0 0 0 0 0 2 0 0 0 0 0 0 35 0 0 0 0 0 0 0 0 0 31
58 0 0 21 0 28 0 19 99 0 94 68 0 0 30 0 0 0 44 0 17 0 34 57 0 30 0 0 0 64 0 0 98 89 0 0 9 2 13 0
0 40 0 92 98 0 0 0 48 33 0 0 0 0 21 91 69 36 21 0 0 0 0 0 89 0 9 20 0 0 0 53 0 13 98 31 0 55 0 0
0 0 0 0 0 0 0 0 0 0 0 14 0 0 0 0 75 57 0 0 0 99 0 0 0 31 0 0 95 0 0 0 0 58 15 0 61 0 0 0
0 0 0 5 99 0 16 4 68 0 0 0 84 0 0 0 0 0 0 0 0 0 46 0 92 76 0 0 0 0 0 0 0 0 0 0 0 0 0 0
31 0 0 0 0 0 0 64 0 27 0 75 0 0 87 21 54 0 0 0 0 21 24 0 0 0 0 0 5 84 0 0 42 0 21 54 0 0 0 0
