99 0 60 96 0 26 0 0 0 79 0 0 39 0 0 98 74 74 43 0 0 29 0 17 63 0 0 26 0 0 0 0 0 96 0 0 0 45 0 0 43 0 0 0 98 42 87 57 0 0
0 97 90 0 0 0 0 0 0 0 0 0 8 0 0 0 0 0 0 0 0 0 0 76 0 0 0 0 0 0 11 0 0 0 0 0 26 0 0 0 0 53 0 0 0 0 0 0 0 72
74 0 0 0 0 0 0 0 0 0 0 23 0 0 0 0 0 55 18 24 0 0 8 0 0 0 53 16 7 0 84 0 39 0 0 0 0 0 60 11 64 0 0 46 0 0 4 65 59 0
0 0 22 95 0 0 0 35 0 0 0 25 0 0 0 0 9 0 0 0 82 0 67 0 0 0 0 0 0 3 0 0 0 0 0 0 65 87 0 0 0 0 78 29 0 0 0 0 0 6
0 45 0 0 96 0 0 0 24 0 30 75 1 0 0 0 70 40 89 0 0 0 0 56 24 90 0 0 0 0 0 7 0 81 0 0 0 8 0 10 0 75 48 0 0 0 77 0 0 0
0 35 0 0 0 0 0 2 0 0 0 0 0 0 15 98 0 89 26 0 3 0 48 0 0 0 0 0 0 0 0 0 54 0 85 0 16 8 0 0 0 37 34 0 89 0 49 0 0 11
93 24 0 98 0 34 52 75 0 52 0 0 34 0 0 60 86 0 0 0 0 90 0 42 0 88 0 94 0 17 63 0 17 34 0 0 0 69 42 48 0 0 0 0 11 0 0 73 0 0
0 20 0 0 12 0 0 0 31 0 14 0 0 89 0 0 0 80 64 0 0 0 0 0 0 24 0 0 17 18 0 0 0 0 0 0 18 0 0 40 0 0 95 0 0 0 0 3 0 0
22 0 35 0 0 52 0 15 0 0 0 0 0 52 27 0 56 0 0 0 0 99 0 98 46 50 0 0 0 0 42 0 0 0 0 0 0 0 80 30 0 0 0 0 0 0 0 0 0 0
0 0 0 0 77 98 67 0 0 0 0 13 0 0 0 0 72 0 0 0 84 24 0 0 79 0 0 0 81 87 45 0 0 0 0 50 0 85 4 0 0 0 16 0 0 64 0 0 36 0
0 0 0 0 9 0 59 40 0 0 59 6 98 0 85 88 0 0 0 0 0 0 15 0 0 0 0 0 0 77 0 0 0 0 33 0 37 74 0 12 24 37 0 0 51 31 81 4 0 1
0 0 0 94 0 30 0 0 0 9 0 29 0 0 0 0 0 0 0 40 33 0 0 21 0 0 0 0 0 37 70 0 60 0 0 0 0 0 0 0 0 0 0 0 0 0 1 0 0 49
0 0 93 0 0 0 93 10 14 0 0 0 50 0 53 0 84 0 0 0 0 26 0 1 0 0 0 0 48 0 0 0 0 30 0 69 0 0 0 0 0 0 0 0 0 0 0 0 30 0
0 77 30 67 57 28 87 89 0 0 25 0 98 0 0 27 72 0 0 0 97 0 0 0 0 0 0 0 0 0 0 66 0 39 85 84 0 0 0 0 0 0 0 25 0 97 98 72 5 0
0 0 0 55 0 0 37 0 0 0 0 0 9 0 62 87 0 0 56 0 0 2 0 74 0 0 0 0 0 81 65 0 0 0 14 0 0 0 0 0 0 0 4 0 0 0 0 49 17 21
0 0 0 25 0 0 0 0 11 0 0 0 0 0 48 10 0 43 0 0 0 28 0 35 21 0 0 0 0 0 0 0 0 0 74 0 0 0 0 0 26 0 0 0 0 0 0 0 0 2
0 0 0 44 0 0 79 0 72 77 0 0 0 0 15 0 0 75 0 0 0 0 0 0 0 0 0 0 0 2 11 0 71 0 0 3 0 0 0 8 0 0 82 0 25 0 0 65 0 0
0 0 0 0 0 0 0 0 0 0 74 8 53 60 0 0 24 83 73 0 0 8 0 57 0 57 9 0 16 0 0 0 0 64 0 0 0 0 0 62 0 0 0 0 0 0 0 50 0 0
0 0 11 46 0 57 0 0 0 0 37 67 11 98 0 0 0 0 23 47 0 0 0 0 6 41 0 0 0 52 47 15 0 0 91 0 71 5 8 91 0 89 0 0 0 61 0 0 0 0
0 0 0 8 0 0 0 15 28 0 0 2 0 48 39 0 44 0 76 56 0 52 0 74 0 0 0 0 0 55 0 0 74 0 24 0 40 0 33 0 0 0 19 0 0 0 94 0 0 0
0 0 74 35 0 35 0 0 0 0 0 0 0 0 0 0 0 0 71 0 0 38 0 13 0 92 0 48 0 89 0 33 0 66 0 3 0 0 0 56 20 76 0 0 9 63 67 85 0 87
0 3 0 0 0 65 0 86 0 0 0 0 0 0 39 0 0 0 86 0 0 0 73 67 10 0 3 0 0 29 0 0 90 0 73 0 0 0 0 0 64 33 23 0 0 0 0 0 0 37
66 16 0 90 74 54 98 0 53 11 0 49 0 11 0 10 12 95 0 89 0 29 0 0 0 0 0 0 0 0 93 17 0 0 0 0 0 54 0 33 0 89 0 0 0 14 0 61 0 0
0 0 9 88 0 0 0 82 0 8 0 0 0 97 0 0 0 0 46 0 0 0 0 8 0 42 88 0 84 0 0 52 0 0 0 0 0 0 0 15 0 0 0 0 9 96 0 0 4 67
0 0 0 0 3 71 0 4 34 0 13 0 0 65 0 40 0 0 0 19 0 0 0 0 0 7 0 0 0 0 0 0 0 0 46 0 0 0 0 0 41 0 74 91 23 73 0 0 92 68
0 0 84 0 0 79 0 0 0 0 0 0 0 0 0 29 0 0 79 0 0 0 0 0 59 61 28 93 0 0 0 65 0 0 0 0 67 0 0 99 0 62 0 0 80 0 0 59 0 0
0 0 81 0 0 3 0 15 0 5 51 0 0 0 0 88 0 6 0 4 0 0 41 43 6 56 0 0 0 0 0 88 0 0 0 0 0 0 0 0 0 0 48 0 16 0 0 15 88 61
0 53 0 0 99 58 0 63 32 0 0 0 0 0 0 0 0 0 0 0 0 0 90 0 58 73 0 0 0 88 0 20 0 0 0 3 33 5 74 0 0 62 0 66 85 0 72 0 0 0
27 28 0 0 0 0 0 0 0 0 0 0 0 0 79 45 0 0 0 0 98 0 87 0 0 0 79 87 0 0 0 0 0 0 0 0 81 1 0 47 0 0 0 5 0 0 0 0 28 0
63 0 38 0 0 0 0 47 0 0 0 0 0 0 0 88 0 1 0 0 0 0 0 0 49 0 0 0 75 0 0 0 45 49 0 0 0 79 27 0 0 78 0 0 0 0 86 0 0 0
