0 0 30 0 0 0 8 0 0 0 72 0 98 63 0 38 4 0 0 79
0 0 86 0 0 0 0 0 0 55 0 0 12 48 0 0 0 0 0 0
72 67 0 22 37 0 0 35 0 0 0 0 34 84 39 0 64 63 54 0
35 50 20 0 95 76 0 0 93 0 90 0 0 0 65 21 0 0 22 0
0 80 77 62 0 0 0 0 0 56 21 0 12 0 0 0 0 0 0 0
0 13 29 73 0 0 11 0 65 43 0 0 0 0 0 71 0 0 0 22
1 0 0 0 0 80 0 0 73 0 0 0 0 98 0 26 95 0 0 62
0 0 96 0 0 0 56 39 0 0 0 0 0 0 0 0 0 0 86 0
42 0 0 26 0 0 88 83 0 0 0 0 0 0 0 61 0 89 0 0
58 0 89 0 63 0 26 0 0 0 87 30 37 0 0 0 35 1 0 0
9 13 59 0 0 0 0 0 0 0 0 0 44 0 0 0 0 32 19 0
94 0 0 13 0 0 0 0 10 85 0 0 0 0 0 64 64 51 0 0
0 0 0 0 0 0 0 0 0 0 0 0 51 0 0 0 68 0 0 0
0 0 61 23 65 0 0 0 0 74 0 0 0 0 0 0 0 0 48 0
0 0 0 11 0 0 0 41 0 0 0 0 0 0 1 0 0 0 71 0
8 0 0 0 0 98 5 0 0 81 72 0 0 0 86 0 0 68 6 0
0 0 0 0 0 69 0 1 0 0 25 35 0 0 0 0 93 0 55 0
65 7 4 0 0 2 0 0 0 0 57 0 29 0 0 0 0 0 0 20
86 0 26 20 0 0 0 0 0 0 0 0 0 84 0 0 79 29 91 0
92 61 0 0 0 0 0 35 98 67 0 0 17 0 0 0 64 0 0 53
0 0 0 0 0 0 0 0 0 34 53 0 0 28 41 0 0 0 3 0
69 0 30 80 0 0 0 72 0 0 0 0 41 14 6 38 14 0 0 51
16 17 12 0 36 4 0 0 0 0 0 88 0 86 50 0 0 0 99 0
85 0 0 0 0 0 0 0 0 14 85 0 0 0 0 0 0 11 0 29
0 0 10 0 76 0 62 0 0 0 0 0 0 91 70 66 46 0 0 0
0 0 0 0 0 0 68 0 0 71 0 0 59 0 0 68 0 6 0 0
0 0 0 0 0 0 66 0 0 0 79 41 0 67 91 0 19 48 89 0
0 21 0 91 0 62 0 0 0 0 0 0 0 0 93 0 0 0 0 73
0 85 0 0 0 0 17 28 31 0 65 0 0 0 0 0 65 0 0 0
0 0 54 75 0 91 0 24 76 0 8 0 0 0 0 0 0 0 0 0
