0 0 0 0 0 24 96 0 0 0 0 46 0 38 0 0 0 0 65 29
0 95 0 0 52 0 0 58 20 61 0 0 0 73 0 6 0 30 0 62
0 0 0 18 0 0 43 0 0 0 0 85 2 0 71 0 0 67 54 0
0 0 99 0 0 42 0 0 0 0 0 0 0 24 0 36 0 0 0 0
45 0 0 0 26 0 0 0 0 47 0 0 71 0 81 0 0 0 0 0
0 53 0 0 0 22 0 0 0 80 0 0 0 0 0 0 0 0 0 0
12 34 0 81 0 0 0 95 67 0 0 0 82 64 0 82 99 0 0 17
0 0 68 84 0 0 0 47 0 2 0 0 0 52 30 0 70 0 0 38
0 90 0 17 0 0 0 61 0 35 95 24 0 0 0 0 0 27 0 0
0 0 9 0 0 0 0 26 0 0 0 25 0 86 51 63 0 0 0 0
70 0 21 0 0 0 81 0 98 27 81 0 13 33 29 60 26 0 77 0
0 0 94 0 52 84 0 0 0 4 0 71 0 0 0 0 0 82 0 0
0 0 0 0 0 1 0 0 0 0 87 0 66 76 4 0 9 0 82 78
0 0 66 0 0 0 0 0 0 0 58 0 83 57 86 0 0 0 0 0
0 0 0 0 0 0 42 71 0 0 0 0 37 0 0 0 75 0 86 0
61 0 0 0 0 7 0 0 12 29 0 0 0 0 0 0 0 0 0 0
11 0 0 4 56 71 0 98 0 0 0 0 0 0 0 0 0 0 0 0
0 0 48 0 87 90 82 0 0 93 13 64 0 0 73 92 0 0 0 0
25 0 48 0 0 67 0 0 0 0 2 0 0 0 0 32 0 0 27 0
15 0 57 0 78 9 27 47 0 0 0 78 74 56 0 0 0 0 0 0
