84 57 0 52 72 0 0 0 0 0
0 0 4 0 0 60 43 0 0 0
0 0 0 0 0 27 0 0 68 0
47 0 0 10 0 97 0 71 54 0
0 42 0 77 0 0 76 0 0 0
0 0 94 16 28 0 0 9 0 0
0 0 19 0 0 0 44 0 0 47
0 47 0 0 0 0 0 48 0 0
71 0 4 0 0 0 0 0 11 0
0 0 0 0 60 0 0 0 33 51
81 0 0 0 10 0 0 46 36 0
50 0 0 0 0 0 0 46 11 68
0 0 83 0 0 77 87 0 0 84
16 0 0 48 0 0 0 0 0 0
0 0 32 34 0 0 0 9 48 0
0 63 0 59 0 0 53 0 0 0
0 13 0 0 0 0 0 2 0 40
0 0 0 12 71 0 0 0 50 13
0 0 0 37 0 0 0 40 0 0
56 0 0 31 0 80 70 30 81 0
0 39 0 0 0 10 8 57 0 0
0 7 0 0 0 60 0 0 89 7
0 0 96 0 48 86 54 0 0 0
0 0 39 87 0 76 93 0 0 0
12 0 0 0 84 85 0 0 0 0
0 78 0 53 95 0 0 0 0 49
43 0 0 0 77 0 0 1 0 0
0 0 0 20 0 0 86 35 0 0
58 21 32 97 0 66 0 0 0 67
0 0 0 1 0 0 0 0 0 0
77 34 86 0 0 0 0 0 0 0
48 0 0 53 0 55 47 0 0 0
26 0 0 0 0 59 99 0 0 45
0 26 0 0 90 0 40 0 50 0
0 0 0 0 0 0 0 0 0 0
0 53 71 0 20 19 0 0 0 0
92 55 0 0 24 0 0 93 59 0
94 0 0 0 0 50 0 0 0 46
0 0 0 0 0 0 0 0 0 0
0 0 61 0 0 41 0 0 0 0
