59 0 5 0 0 0 65 0 78 0 0 29 0 75 0 0 0 0 0 0
0 0 4 8 0 0 95 31 12 13 19 0 0 0 58 82 0 26 0 0
0 0 0 0 53 0 0 13 0 22 92 0 0 0 0 43 71 0 0 0
47 0 79 0 0 0 34 9 5 66 5 0 0 0 0 0 0 76 0 0
0 32 11 0 0 0 82 0 69 0 0 0 0 0 0 49 59 0 27 0
79 58 0 0 90 44 0 0 89 0 0 0 0 6 0 16 81 0 0 8
0 29 0 0 0 0 0 30 0 0 0 0 0 36 0 0 0 0 0 0
0 70 91 0 0 0 0 0 0 0 0 0 0 0 76 0 0 9 0 0
0 0 0 0 0 25 0 0 0 0 85 86 15 0 0 0 0 0 0 1
0 0 70 33 0 0 0 61 0 0 91 0 0 0 0 0 0 0 0 55
0 4 47 28 0 0 0 56 0 0 0 0 0 62 0 33 79 99 0 0
18 0 0 2 0 0 7 0 0 0 0 0 69 16 0 0 7 0 0 49
0 0 0 0 99 0 0 0 24 66 0 0 0 0 0 0 37 87 83 98
0 83 19 24 0 0 43 45 0 35 0 13 0 72 90 12 0 0 31 85
60 0 0 17 0 0 0 0 79 0 0 46 0 91 17 98 0 99 18 0
0 66 0 20 0 0 0 80 0 0 0 0 35 0 39 0 20 0 0 0
0 0 64 0 0 0 0 0 38 0 0 0 0 0 91 0 0 0 0 32
44 0 0 56 0 49 19 0 0 0 88 0 0 46 0 0 0 0 0 93
0 26 82 0 0 0 5 0 0 0 0 0 0 0 0 0 14 0 0 0
0 0 0 0 0 0 61 0 0 0 0 24 0 0 24 0 0 39 0 0
