99 15 0 0 0 0 20 0 59 0 67 43 0 24 0 0 0 58 0 0 33 0 93 0 92 0 0 0 0 57
0 0 0 0 0 0 0 98 0 0 63 0 0 0 0 0 0 46 0 0 0 0 39 55 0 0 80 93 35 85
30 67 64 0 0 52 0 0 99 38 45 0 0 1 0 1 0 0 34 0 0 0 0 75 87 0 99 93 0 25
89 0 0 0 0 0 0 0 31 0 0 78 0 83 0 0 0 69 94 0 0 0 53 0 0 0 60 0 35 0
40 0 0 0 49 0 0 0 43 0 12 28 0 0 37 0 68 0 95 52 0 0 0 0 0 0 98 21 0 0
0 0 0 85 0 29 96 83 0 0 0 98 0 43 0 0 54 0 16 74 17 71 0 0 24 37 0 7 0 0
0 68 0 0 0 0 90 0 5 15 0 0 0 86 0 0 19 31 0 0 0 0 0 12 0 0 0 0 64 83
0 0 0 0 0 26 0 0 51 0 0 0 57 37 0 0 0 82 0 13 0 0 69 41 0 54 0 56 0 35
0 0 30 0 42 0 27 0 0 0 0 0 0 0 0 0 21 59 0 50 38 0 0 0 42 83 89 0 0 0
0 55 97 40 0 0 60 0 0 0 0 0 0 0 0 0 0 0 0 0 0 0 0 0 0 0 0 0 0 0
13 67 0 0 0 0 25 60 0 10 0 16 0 0 0 0 83 19 0 0 0 0 57 60 0 0 0 30 87 0
0 37 0 0 30 0 0 0 0 0 0 0 0 12 48 0 0 0 71 40 39 0 0 0 0 0 0 0 0 0
0 0 0 0 0 35 67 0 0 0 0 34 4 0 0 0 0 0 0 0 38 17 0 0 0 84 0 0 0 0
90 0 17 0 0 0 24 27 0 89 0 74 53 0 0 0 0 0 9 0 54 0 91 0 0 0 0 0 0 0
0 55 0 12 0 0 19 0 0 0 62 8 0 0 14 0 0 0 0 0 0 45 0 0 85 0 0 58 0 0
0 0 0 28 74 23 40 0 0 0 0 9 57 0 15 0 0 0 0 0 55 0 0 0 0 0 0 72 0 28
0 75 0 0 0 0 0 0 0 44 0 0 0 0 98 0 0 0 77 51 0 0 0 0 42 27 39 56 0 0
0 80 0 0 0 73 0 32 8 0 0 67 28 0 0 58 0 54 0 0 0 0 0 23 0 65 26 90 32 0
0 0 0 71 28 0 0 0 0 0 0 0 84 0 0 0 0 0 0 0 0 0 29 0 49 0 37 12 0 0
0 0 5 0 11 0 83 0 0 68 0 0 0 38 0 0 0 0 0 0 0 42 0 0 0 0 0 0 0 26
61 0 0 92 0 0 0 29 0 20 0 71 0 0 24 0 0 56 0 65 0 0 85 0 0 0 0 84 0 0
0 79 0 0 35 0 45 0 0 0 0 0 9 0 85 55 78 0 0 0 0 0 60 0 0 0 0 0 0 0
0 52 0 0 0 0 0 66 0 0 75 0 0 0 0 53 0 0 49 79 34 39 63 10 0 0 0 0 0 67
2 11 0 81 0 0 10 0 29 67 0 0 0 0 33 0 0 0 80 0 0 52 0 0 47 46 0 68 0 0
0 0 56 0 0 0 0 41 4 0 0 0 0 0 0 97 0 0 0 0 0 49 42 0 95 6 0 0 99 97
0 0 0 29 0 0 0 0 0 0 2 0 0 0 0 34 5 0 83 0 6 62 0 0 0 0 0 56 0 0
0 73 0 6 0 0 21 1 99 36 0 0 0 0 0 0 67 0 79 0 0 41 0 0 91 0 29 0 0 78
0 0 0 58 77 0 44 0 0 63 0 14 0 0 59 0 0 0 58 82 29 65 63 0 0 0 0 67 11 10
10 0 0 12 0 4 0 0 31 26 67 0 0 0 80 0 0 0 0 31 2 0 0 10 28 0 0 0 42 0
98 0 0 0 0 93 20 0 0 58 83 0 52 0 0 0 75 20 0 0 13 0 0 0 77 0 0 12 0 0
0 0 4 0 0 0 0 19 0 0 0 0 77 0 0 27 0 0 26 97 12 0 0 0 54 0 4 7 0 80
19 0 20 0 0 98 97 35 0 0 0 0 0 49 0 43 0 0 16 0 0 0 50 21 90 0 57 0 0 0
0 0 0 0 64 0 48 0 0 65 73 0 96 0 35 0 36 0 0 0 0 0 0 0 0 50 0 91 28 0
0 56 0 20 4 22 0 0 0 0 0 13 0 0 0 82 0 0 0 99 0 95 0 61 0 9 11 45 72 0
0 0 0 0 98 0 0 0 84 0 41 92 0 0 0 0 82 83 0 0 0 2 0 0 0 0 0 65 0 0
15 0 81 0 31 0 74 0 0 25 0 0 0 89 0 64 0 14 0 38 0 0 0 0 0 27 0 0 0 11
39 0 0 0 0 6 0 0 0 0 0 0 99 0 44 55 82 0 18 0 0 0 0 21 0 0 0 0 56 8
0 0 0 7 0 0 63 0 18 0 0 0 0 36 73 0 33 0 0 0 0 45 23 0 0 43 97 0 38 0
0 0 64 0 0 50 0 37 0 0 0 0 0 0 0 0 0 99 0 0 94 37 0 0 30 6 30 65 45 0
0 0 0 0 0 0 0 0 0 94 15 0 0 0 0 0 0 0 0 0 4 0 0 35 0 0 19 38 0 86
0 0 34 0 69 0 22 95 0 0 0 37 0 0 0 0 0 0 0 48 19 0 0 0 0 0 0 71 0 0
56 0 0 38 58 0 0 0 0 0 0 0 0 0 90 0 0 48 0 0 0 0 0 0 0 0 47 0 0 31
0 0 0 0 0 5 0 0 37 63 0 95 0 50 0 0 0 16 94 0 0 34 0 14 0 81 0 0 0 0
0 72 0 0 0 0 0 19 0 77 0 0 0 0 0 0 0 79 0 0 0 0 0 77 0 0 0 65 0 0
78 0 0 0 9 38 52 13 0 0 53 0 37 0 19 0 0 0 0 0 0 0 0 0 0 0 0 19 0 0
0 9 0 0 0 0 22 0 0 0 31 96 0 0 0 0 0 0 0 0 80 27 0 0 11 0 43 0 0 0
2 48 79 13 0 35 0 0 0 81 0 0 52 0 53 0 0 0 0 0 0 83 0 0 0 0 0 0 0 0
0 0 0 0 0 74 0 0 0 84 32 0 0 28 0 87 0 0 0 0 0 0 0 0 50 0 0 56 0 0
0 84 0 38 0 79 9 0 0 0 4 98 91 0 35 10 21 0 0 0 19 0 0 0 29 0 64 0 66 0
0 80 0 0 0 0 0 10 0 0 43 0 0 0 59 0 0 0 95 0 0 50 0 85 0 49 22 4 23 0
