0 0 0 0 0 0 0 23 85 0 0 0 50 95 0 0 0 0 0 2 68 0 0 0 0 0 0 0 86 0
99 6 0 15 0 0 56 0 0 82 82 0 0 58 0 23 0 0 0 0 0 0 0 34 0 0 0 99 77 0
3 93 0 0 0 0 76 0 95 0 0 0 77 0 0 0 1 53 0 0 0 5 0 0 25 46 97 5 0 0
93 27 9 61 0 0 0 7 19 0 0 86 0 58 15 39 28 0 0 0 0 0 0 0 3 0 0 48 36 0
0 44 0 0 0 77 0 0 0 0 0 0 0 42 0 5 0 0 0 55 0 0 0 44 0 31 0 0 0 0
0 0 99 0 0 0 0 0 25 95 0 0 83 62 0 0 0 0 0 0 0 50 0 0 0 0 0 0 73 0
0 0 0 60 85 0 0 96 0 0 0 0 0 0 0 38 86 0 3 93 32 0 0 0 0 0 0 0 0 27
24 0 21 91 0 0 31 28 2 0 0 0 35 0 0 0 0 87 52 0 0 90 0 0 0 89 0 0 0 0
0 14 0 0 0 16 0 0 0 63 0 0 0 85 22 0 0 27 4 65 0 97 2 90 30 35 0 0 0 0
98 57 34 4 0 11 0 85 12 0 0 0 93 0 0 0 0 0 83 3 0 0 0 68 0 0 89 0 0 0
8 0 0 0 0 0 0 0 0 23 67 23 0 0 0 21 38 0 0 0 0 80 69 0 0 77 0 0 0 13
0 0 0 32 0 10 77 54 0 0 53 0 45 0 0 0 0 0 0 0 0 0 76 5 0 45 0 27 0 0
0 48 12 59 0 0 3 14 0 0 39 63 0 0 0 58 87 53 0 50 0 0 27 0 88 0 0 0 18 0
0 0 29 0 0 0 76 41 0 0 0 0 0 51 0 18 33 0 0 8 0 84 0 0 0 0 0 0 0 0
0 0 0 0 1 0 14 7 0 97 2 38 0 0 0 77 0 67 0 30 0 0 41 12 0 6 0 0 0 0
0 0 0 0 0 0 15 0 0 0 20 0 0 0 35 34 0 0 0 0 28 92 95 0 0 0 0 0 0 53
0 0 0 0 86 0 99 11 0 0 17 0 77 0 0 60 87 0 0 84 0 0 64 0 0 0 0 0 0 14
0 0 96 30 32 0 2 0 0 0 0 0 0 69 21 0 0 0 19 0 1 0 26 13 0 0 0 0 0 0
0 36 0 0 0 79 0 0 0 0 0 19 0 18 0 0 0 12 0 65 0 0 21 0 0 58 71 0 0 66
0 85 0 23 0 31 60 0 93 0 24 0 0 43 0 96 0 0 0 45 0 0 12 0 7 76 0 98 0 0
0 51 0 0 0 0 0 78 0 0 0 0 0 56 0 0 0 0 0 0 0 0 46 0 0 0 0 0 0 16
0 78 85 0 69 0 0 0 0 79 0 0 0 0 3 0 0 37 9 40 46 0 84 0 0 0 0 0 0 68
0 0 0 0 0 0 0 0 0 0 0 78 0 0 26 0 0 92 0 0 23 0 14 7 0 0 6 0 0 0
0 1 0 0 0 0 0 7 0 0 0 0 0 0 0 0 0 0 0 0 0 68 0 0 0 0 75 0 0 24
0 0 0 7 0 0 0 0 13 75 0 0 0 0 0 0 0 0 88 0 0 71 56 0 0 0 0 0 0 0
60 0 39 66 0 0 83 54 0 9 0 45 93 0 0 0 86 92 0 0 0 0 0 6 0 0 0 0 0 0
0 27 59 0 0 33 0 90 0 0 0 0 0 18 42 0 36 0 0 0 49 0 0 6 0 41 0 0 0 0
0 0 0 0 0 0 0 0 0 0 0 0 0 0 33 0 26 72 93 58 0 0 0 0 7 28 7 96 0 95
0 0 0 0 0 0 0 36 0 0 46 0 0 0 76 0 0 0 20 0 0 0 0 0 0 0 0 0 0 24
83 0 79 0 0 0 69 70 0 47 21 54 0 0 78 0 43 0 0 0 0 0 0 0 3 0 22 0 0 86
18 91 68 39 25 34 0 2 0 0 0 26 0 0 0 0 0 0 0 0 22 80 0 65 0 34 0 0 76 0
0 59 0 0 98 7 0 0 0 94 0 0 0 0 41 0 0 0 0 23 0 0 9 0 0 25 0 0 0 0
0 76 81 0 0 92 0 0 0 0 19 85 0 31 0 0 0 0 0 57 0 30 52 0 0 4 0 62 50 0
0 15 74 14 0 0 0 0 0 0 42 86 0 73 0 0 0 92 0 0 25 25 0 17 44 0 98 0 0 0
0 0 89 0 0 40 35 93 0 14 19 20 5 97 0 0 0 0 0 0 0 22 0 0 34 0 0 0 0 0
0 0 0 0 0 0 0 0 0 0 33 0 70 65 21 16 0 0 0 21 0 0 48 0 0 0 21 0 0 0
28 0 4 32 0 0 0 33 0 16 0 35 63 57 0 0 0 0 0 4 0 21 0 0 0 0 0 25 6 0
0 67 86 0 0 12 0 0 0 52 12 0 0 0 9 77 91 0 0 0 10 96 59 0 0 0 0 51 0 0
0 0 0 19 0 0 0 0 60 0 0 0 0 0 32 0 0 0 79 68 0 0 25 21 0 0 76 0 0 35
33 0 0 0 59 14 10 0 0 1 0 96 0 94 0 0 15 42 0 94 0 0 0 0 94 0 0 0 0 0
