0 0 0 0 0 0 0 0 0 20 26 0 0 43 0 1 0 76 0 66 6 0 30 97 14 0 0 0 0 0 0 0 92 0 97 0 89 0 0 0 0 0 0 0 0 43 32 88 0 41
26 46 20 0 81 0 58 72 20 0 0 0 0 26 31 0 0 0 0 58 0 0 60 86 0 0 0 81 0 22 0 69 68 0 0 15 99 41 0 17 0 0 0 38 78 20 0 0 0 0
0 0 0 29 50 0 0 0 8 0 48 0 57 16 99 0 0 0 0 0 0 0 85 0 36 0 0 0 72 67 0 77 0 24 0 63 0 0 0 0 0 0 0 0 0 0 65 0 0 98
75 0 6 41 0 0 0 52 0 0 0 0 4 0 0 31 0 0 87 31 0 0 0 0 0 0 36 0 0 0 0 90 92 50 0 0 0 77 0 0 0 0 0 61 0 25 63 0 97 9
23 0 30 0 0 0 0 0 0 76 15 0 0 2 52 0 16 0 0 0 75 66 0 0 49 79 9 8 0 0 90 0 0 0 83 0 0 94 18 97 0 0 0 0 17 0 0 0 0 0
0 0 0 0 96 0 0 0 91 37 96 0 0 0 0 0 0 0 42 0 44 27 0 0 37 14 0 0 0 0 0 0 0 0 0 0 0 41 0 0 0 0 0 78 0 0 0 0 0 0
0 0 10 0 0 0 6 0 0 44 0 0 26 26 69 0 0 93 0 55 0 0 35 0 0 0 52 19 0 0 47 0 0 69 51 0 0 0 0 0 0 77 87 70 26 17 35 0 0 0
29 0 71 0 0 34 0 0 0 11 0 0 76 0 0 91 40 0 73 0 0 0 0 0 0 99 0 38 0 0 0 45 0 1 0 0 0 0 0 0 9 43 71 0 0 0 0 0 16 0
0 77 0 9 0 0 46 92 48 80 0 0 0 0 0 0 89 0 15 5 0 0 0 0 0 0 0 0 0 0 2 0 11 98 0 0 0 45 0 0 0 99 0 88 29 0 0 1 0 96
0 0 0 68 16 0 0 96 79 0 47 0 0 0 0 0 0 0 0 52 60 0 0 0 0 0 98 0 0 2 0 98 9 46 0 0 52 78 54 0 83 0 84 34 0 34 0 0 94 0
0 0 60 41 0 0 0 0 3 0 0 0 0 0 0 0 37 0 0 0 0 9 0 45 81 0 0 42 0 0 0 12 0 0 0 0 51 0 47 0 0 27 70 84 46 0 41 57 0 0
0 0 0 0 0 45 0 76 16 52 0 23 70 5 0 28 0 0 14 0 0 1 0 82 26 53 0 0 0 0 8 0 0 0 0 4 94 0 0 62 0 70 0 0 54 0 0 0 78 0
0 0 53 31 0 0 0 0 0 96 0 63 0 51 68 0 0 14 4 92 0 0 0 39 0 54 46 0 0 0 0 0 95 0 0 0 0 0 19 0 26 53 0 75 0 11 89 83 0 66
53 0 19 0 68 0 60 0 5 58 0 0 54 3 0 0 0 0 0 0 0 0 0 0 0 76 28 52 0 0 52 0 0 0 0 0 0 86 0 0 0 0 0 0 63 0 0 0 0 0
0 0 0 34 86 81 0 0 0 14 99 0 58 0 0 0 0 0 60 0 0 37 0 0 89 0 58 0 0 0 0 43 39 0 76 45 0 0 1 0 0 0 61 74 0 0 53 0 17 0
0 0 0 0 37 0 76 0 0 0 96 44 0 0 0 0 0 0 0 0 44 61 0 0 0 0 0 46 0 0 60 0 0 0 0 0 0 90 0 0 4 0 64 35 0 0 79 0 0 0
0 0 0 0 0 0 0 0 0 0 72 17 0 22 0 0 0 0 45 29 0 0 0 0 86 0 89 0 0 0 0 96 0 0 0 0 51 70 0 0 0 0 78 0 0 0 69 97 0 0
0 0 0 16 0 29 0 32 0 34 56 0 80 0 66 0 18 0 0 24 0 0 0 0 0 0 12 0 0 28 0 0 1 94 0 88 26 18 0 0 0 0 0 58 0 0 56 0 0 0
0 3 58 98 25 0 11 14 0 99 0 0 0 0 0 0 80 0 0 43 0 0 78 72 0 0 51 0 82 2 63 0 0 0 10 60 0 69 0 16 0 63 0 0 50 0 0 0 0 0
0 19 86 0 0 35 63 0 0 0 41 0 0 0 50 58 36 0 0 3 0 23 80 0 14 0 0 0 0 0 0 0 66 0 29 14 0 26 0 0 65 0 0 0 0 0 60 99 0 0
0 0 17 0 0 0 0 78 0 85 8 0 38 0 98 0 0 38 27 0 0 0 0 0 13 48 18 0 0 49 0 2 0 92 0 27 3 0 0 25 0 0 0 0 0 85 0 41 0 0
0 53 0 0 0 0 24 9 0 0 96 72 0 0 58 16 0 0 28 13 0 28 33 0 93 0 0 34 14 41 93 29 0 97 0 0 20 0 0 0 0 60 50 39 0 0 0 0 0 0
33 0 0 0 23 0 0 0 0 0 22 78 31 0 0 33 4 0 0 0 0 0 0 0 72 0 58 0 0 54 0 0 0 24 77 69 0 8 0 0 0 0 42 0 0 38 0 46 97 0
0 0 0 0 0 0 0 0 0 0 0 0 0 0 0 0 0 0 0 0 82 0 0 0 0 34 0 39 0 48 0 83 0 0 0 93 0 0 0 0 98 33 0 98 42 0 0 28 65 0
26 8 0 0 0 0 0 0 0 36 0 26 0 0 0 0 0 0 0 0 0 68 64 0 0 0 13 75 0 0 0 0 0 73 9 96 32 0 0 0 0 0 0 0 72 58 0 85 0 0
0 99 0 0 0 0 0 0 0 0 0 0 0 0 49 96 0 54 98 0 19 43 0 0 75 11 46 0 61 79 98 44 65 0 0 0 40 0 0 0 0 0 0 0 0 0 43 0 0 0
31 21 62 68 62 0 0 0 0 71 0 60 86 0 65 0 0 0 0 0 52 0 0 0 0 0 0 0 0 79 66 99 0 0 87 0 0 64 60 8 0 0 0 33 0 19 0 0 0 80
72 0 0 0 0 0 0 69 0 0 77 0 96 0 92 0 0 0 0 62 0 0 0 0 0 94 90 0 0 0 0 0 85 43 0 34 0 0 0 0 0 0 79 0 0 0 0 0 57 85
0 16 0 0 62 0 0 0 0 0 32 12 0 55 0 88 24 40 98 41 71 0 88 0 44 0 0 0 0 0 86 94 69 98 0 0 0 0 0 71 31 0 0 81 0 0 28 0 0 0
0 0 0 0 0 0 39 0 0 74 2 41 85 0 0 0 0 0 60 49 11 0 0 18 75 0 0 0 0 0 10 0 0 90 0 0 0 0 0 82 67 87 0 95 0 71 0 0 0 52
0 85 0 0 32 0 0 0 0 0 0 0 0 80 0 0 66 32 0 0 0 0 75 0 0 0 9 12 0 0 0 56 0 0 52 0 0 0 0 23 0 0 15 0 0 0 0 41 0 0
0 0 0 0 0 0 0 0 49 0 0 0 0 0 0 0 0 0 0 11 41 0 0 0 0 0 82 0 22 0 52 0 0 82 38 0 0 0 25 0 0 0 0 12 33 0 0 0 0 0
0 0 0 0 0 0 22 0 0 90 0 0 0 0 0 0 0 28 0 0 4 0 0 0 37 0 0 0 0 75 0 0 0 8 0 44 0 0 0 84 0 1 0 0 73 87 0 0 93 45
0 73 0 21 0 0 0 0 68 2 67 0 0 0 82 0 0 0 0 0 0 44 0 0 0 87 0 0 0 0 0 0 0 0 95 0 0 0 24 0 0 0 63 0 0 0 0 0 66 0
0 99 0 0 0 76 71 0 0 0 66 0 89 0 8 0 0 13 0 0 0 0 36 68 25 0 0 0 0 0 0 0 0 6 27 0 37 0 10 0 6 48 0 42 0 53 81 0 0 0
0 0 0 0 91 0 0 0 0 0 25 0 0 0 0 0 0 0 0 17 0 74 0 0 62 0 85 0 0 30 0 0 0 0 0 0 78 12 0 69 63 0 45 37 0 0 0 0 39 0
19 0 0 49 0 0 0 0 78 14 93 0 0 5 0 0 0 75 16 19 29 37 67 0 0 0 89 58 0 0 73 0 56 0 0 95 0 0 57 0 0 15 0 0 0 0 0 0 0 83
75 0 0 0 0 0 0 0 0 0 0 36 93 0 0 33 32 35 65 50 82 0 0 0 0 5 0 0 65 0 0 0 0 0 42 76 0 0 0 0 0 0 0 0 0 10 0 0 0 44
45 3 0 0 57 0 0 0 0 65 0 23 0 0 0 0 0 0 0 0 0 67 0 0 0 52 0 0 94 0 0 0 0 0 0 0 0 11 0 0 0 99 0 0 0 0 0 0 0 57
23 0 0 0 0 90 0 0 0 0 0 0 0 0 0 0 0 0 0 0 0 0 0 0 0 0 0 0 0 0 0 0 0 0 0 0 0 0 0 0 0 90 0 0 0 0 63 0 7 0
0 0 0 40 0 0 0 79 0 26 0 0 0 38 0 0 0 0 0 0 50 0 0 0 29 0 29 65 0 0 0 0 42 0 0 0 0 0 0 14 0 26 0 81 26 78 0 0 0 0
0 0 0 60 8 0 0 21 49 54 52 0 0 0 0 0 0 0 0 0 19 0 41 20 0 69 0 0 0 0 0 0 0 99 36 0 0 0 0 0 0 0 0 83 94 0 0 83 0 0
0 0 0 82 0 0 91 0 27 0 63 0 0 0 0 0 0 0 25 0 0 0 0 97 0 0 0 0 10 0 85 0 0 71 0 0 16 59 0 0 0 0 22 0 0 27 13 36 0 11
0 0 0 0 60 41 0 60 0 13 0 33 0 73 68 0 0 0 0 0 0 0 0 53 69 0 0 0 0 0 0 0 0 0 0 0 0 17 0 33 0 0 0 0 47 0 0 0 0 15
75 0 0 0 31 0 54 70 0 0 0 0 0 0 5 0 0 57 0 0 0 1 11 0 0 0 12 0 0 0 0 7 17 0 0 96 0 0 0 0 0 0 17 41 0 0 20 0 20 0
0 9 65 0 0 0 0 0 0 0 0 0 0 0 54 0 0 44 0 44 58 46 0 98 0 91 0 0 0 14 27 0 0 0 0 14 0 0 28 52 0 0 0 60 51 0 0 0 0 55
0 0 0 0 0 0 0 0 5 0 83 0 66 0 0 0 0 0 0 1 0 3 92 0 0 0 43 0 24 39 34 0 51 0 0 0 0 0 0 0 0 0 85 59 33 0 99 0 11 0
0 0 0 0 0 63 0 0 40 0 0 0 0 26 0 31 62 0 0 23 20 0 71 31 52 0 0 73 84 41 0 35 49 8 0 92 0 0 90 0 0 81 10 0 0 0 0 40 0 0
0 0 0 0 0 56 0 0 98 56 0 35 0 0 0 0 0 0 0 0 89 0 0 0 45 88 77 69 0 0 0 0 0 54 93 0 54 0 25 0 0 27 0 0 0 26 88 0 11 0
13 81 26 0 0 0 0 0 76 0 0 31 0 70 31 0 0 0 0 0 29 0 45 0 0 54 0 0 94 26 49 0 0 0 42 94 0 0 0 0 0 0 0 0 3 0 0 0 57 0
