98 93 0 0 0 0 0 56 0 0 46 10 14 9 80 0 0 0 0 0 42 0 0 0 0 0 0 86 0 0 0 99 0 0 42 51 0 0 0 0 0 26 0 0 0 0 0 96 12 11
0 0 0 88 74 0 0 95 0 0 0 92 86 0 30 76 0 0 47 78 0 47 0 0 0 87 0 0 12 0 0 0 0 0 80 0 0 46 0 0 0 0 52 0 99 0 37 0 0 0
0 0 2 0 0 29 47 0 0 0 0 24 76 0 0 0 0 92 0 0 0 0 38 0 0 0 0 0 0 86 0 0 73 0 87 0 51 0 43 0 0 0 82 0 0 0 90 0 0 0
11 71 0 0 28 35 48 0 0 28 0 66 31 0 33 0 27 54 0 0 0 0 47 0 0 34 0 0 0 0 0 0 0 0 64 0 54 0 0 0 95 93 14 0 0 0 13 0 0 0
0 0 0 0 64 58 0 22 0 43 0 0 0 0 0 0 0 0 0 0 62 0 0 0 0 37 0 87 0 0 57 0 0 54 0 0 33 0 0 0 76 0 57 34 22 11 0 0 0 0
0 5 0 55 88 0 0 0 0 86 0 0 0 0 0 0 7 15 98 67 0 0 0 0 0 0 0 0 0 70 47 0 72 73 20 0 0 0 88 0 0 78 87 96 0 0 78 0 0 0
45 0 5 0 0 18 34 0 0 81 18 92 0 86 0 13 0 0 0 0 37 0 68 0 0 0 0 0 0 0 47 0 33 8 0 0 63 0 86 0 42 0 41 80 0 98 0 83 0 0
0 0 0 69 0 0 0 0 0 0 0 81 0 0 0 0 0 0 0 36 0 57 0 0 0 60 0 0 46 0 0 0 9 51 0 0 5 36 0 0 46 94 0 0 95 91 0 0 0 49
0 0 0 0 98 52 0 0 0 0 0 0 0 86 0 0 0 0 0 38 0 5 0 47 0 36 77 86 94 0 0 0 0 0 0 0 74 0 3 0 0 74 0 56 71 91 0 0 0 0
0 0 0 0 64 0 0 0 0 7 51 19 0 93 0 53 62 8 0 0 0 0 56 55 0 0 0 17 93 0 65 0 0 26 65 36 0 0 0 0 0 58 0 0 0 0 43 13 0 0
0 55 0 0 0 0 0 0 42 0 0 88 0 0 0 0 0 0 0 46 0 80 0 62 0 34 83 0 0 78 0 66 0 30 36 0 62 0 38 0 40 0 90 0 0 0 0 0 57 0
64 0 0 0 0 0 0 0 0 0 0 0 84 71 0 0 0 18 37 0 0 0 3 0 0 0 33 0 0 0 27 0 78 6 0 0 0 12 0 0 0 42 0 0 0 0 72 0 1 0
71 0 0 0 0 54 0 0 0 80 32 14 0 68 0 0 0 0 0 0 90 0 0 79 0 0 0 0 51 0 0 0 0 0 0 0 0 0 0 31 42 0 0 0 0 0 29 0 41 79
0 0 0 0 0 0 83 0 0 24 0 92 0 0 0 7 0 65 20 52 0 0 0 0 42 0 0 0 0 0 0 0 54 0 0 0 34 99 0 0 0 97 1 84 0 0 60 0 0 0
0 68 0 9 0 0 76 0 0 0 0 0 0 0 0 0 0 42 0 0 0 0 0 0 49 0 66 97 33 0 0 0 83 12 19 80 54 0 0 0 0 0 0 0 0 0 63 0 76 74
0 12 55 0 0 41 92 31 0 53 0 0 90 0 0 0 23 0 0 88 0 0 87 0 96 0 0 7 0 0 0 11 0 0 0 52 0 0 0 0 67 0 13 1 0 97 0 0 9 0
0 0 0 0 61 86 0 42 0 19 0 98 0 9 0 32 0 0 0 23 0 0 0 0 0 2 58 15 0 0 0 0 42 0 81 0 46 60 81 84 72 0 88 79 0 0 0 37 72 0
0 28 0 0 0 0 0 0 72 0 16 8 0 0 0 0 0 0 0 34 0 0 0 0 0 0 8 61 25 0 0 0 0 70 0 0 0 0 33 0 0 23 0 4 73 0 0 93 0 65
0 0 95 92 0 0 25 93 96 94 0 0 0 0 0 0 56 0 0 99 0 0 94 0 0 0 0 0 0 0 8 0 0 0 0 0 0 0 73 88 0 0 0 60 0 0 0 0 81 0
0 0 0 26 0 0 63 0 0 0 0 0 0 0 0 0 0 0 0 0 0 0 77 0 0 99 91 0 78 0 0 0 0 0 96 0 15 49 0 0 43 0 0 96 0 0 0 0 0 0
