0 0 79 40 0 0 0 0 0 0 0 0 0 0 12 0 0 0 55 79 0 0 0 0 84 0 0 0 65 0 0 0 0 0 30 0 36 0 0 0 0 0 0 0 0 0 76 0 0 0
92 59 0 0 0 0 0 0 0 0 0 0 0 0 0 0 0 0 0 0 0 0 76 67 0 43 0 0 80 0 0 56 0 0 48 23 0 0 0 95 31 0 69 20 0 22 78 0 0 0
0 82 0 0 0 0 0 2 0 1 0 45 0 71 0 0 65 10 0 0 0 0 84 0 0 0 0 0 0 0 0 70 80 0 0 0 0 0 0 0 0 0 0 0 0 0 0 0 0 17
0 0 0 0 0 0 0 0 13 0 9 0 0 6 0 0 66 0 0 0 0 0 32 0 0 0 0 25 0 0 77 0 0 0 0 0 0 0 0 0 0 0 3 0 0 0 61 0 0 0
0 0 0 0 0 0 0 0 0 0 0 0 0 18 0 0 0 0 74 2 0 0 0 0 0 0 0 43 0 0 0 0 0 0 0 0 0 0 0 0 0 0 0 0 19 41 0 77 0 43
0 0 4 0 0 0 12 0 0 0 0 0 0 0 22 34 0 0 0 9 0 0 0 0 0 28 0 0 2 0 0 0 0 0 49 34 0 0 0 91 0 60 0 0 0 0 0 0 0 0
0 0 50 0 0 0 0 0 0 0 0 6 0 0 0 0 1 0 0 48 0 0 0 0 0 0 17 0 0 0 0 70 0 0 0 0 55 74 0 0 0 0 39 0 0 46 0 0 0 30
0 0 74 0 0 0 0 0 0 0 0 0 0 0 0 77 0 0 9 0 0 0 0 0 0 0 0 0 28 15 34 46 93 0 0 0 0 0 0 0 0 0 31 0 0 0 0 0 0 0
0 0 0 0 0 0 0 0 0 0 0 0 0 0 0 0 0 0 0 0 0 0 38 0 0 0 0 0 0 45 0 0 0 18 0 0 0 0 0 0 0 0 0 0 62 0 0 53 0 0
0 0 0 0 0 0 0 0 97 81 67 0 0 0 0 42 0 0 0 0 0 0 0 43 0 0 59 0 0 0 0 10 18 0 0 0 64 0 0 0 0 0 0 0 21 0 0 0 0 0
