0 0 97 0 20 0 0 0 0 27 0 32 0 0 0 79 39 15 26 0 94 43 0 0 21 0 0 0 5 19 16 0 0 78 87 0 38 86 0 0 0 0 0 20 0 0 0 0 66 0
53 0 0 67 0 0 0 0 0 0 58 0 0 82 0 99 0 50 0 36 0 0 0 0 0 0 0 0 0 35 13 0 46 59 64 84 0 0 44 0 45 0 0 0 0 0 0 10 0 0
0 0 95 16 0 0 0 60 0 0 0 0 0 0 0 0 0 0 0 0 0 29 0 0 93 0 90 12 0 0 0 0 54 48 0 0 0 0 0 0 0 0 0 24 0 0 0 66 0 0
26 0 0 0 0 90 82 0 0 0 54 0 0 0 0 52 0 0 0 9 0 32 46 0 0 46 0 62 0 97 0 0 0 0 0 0 0 0 0 0 0 0 0 0 0 55 0 83 0 0
0 18 0 0 0 0 66 0 10 10 0 27 0 0 0 79 0 43 0 95 98 52 0 74 0 0 0 0 87 97 0 71 0 0 27 0 0 89 0 0 0 44 0 46 0 8 0 0 0 0
49 48 15 0 0 0 79 90 0 0 0 0 87 0 0 0 0 0 0 0 0 0 0 0 85 0 0 0 94 65 61 73 0 82 42 27 0 0 0 0 78 0 0 98 36 76 0 0 33 0
60 0 18 0 0 32 10 0 51 0 0 0 57 0 99 79 33 0 0 51 61 0 0 0 0 75 32 16 55 0 38 0 0 0 81 0 0 78 19 0 0 0 0 0 70 0 0 0 0 0
20 0 0 0 26 0 9 0 0 0 0 0 0 32 0 6 76 61 0 0 85 59 92 96 0 0 0 2 20 31 0 0 0 0 14 79 0 0 93 0 20 0 8 36 0 97 0 0 0 88
0 0 0 56 0 0 20 0 0 0 95 0 0 0 75 0 22 0 61 0 0 79 0 0 0 0 99 0 0 0 0 0 0 33 84 78 7 0 0 0 0 68 0 33 0 0 0 93 0 50
0 48 25 0 0 0 0 94 0 70 0 0 0 0 0 0 0 68 42 0 0 0 0 0 35 0 92 0 0 0 0 75 0 0 90 0 0 97 0 57 0 40 0 0 0 65 39 22 0 0
0 0 0 0 0 81 0 0 87 78 13 99 0 0 0 25 95 0 0 0 0 0 0 0 41 0 0 66 30 0 0 0 45 0 0 0 15 81 0 68 0 0 5 0 85 44 0 0 96 33
0 0 22 0 0 0 0 0 0 0 0 0 0 94 0 41 0 0 0 54 0 0 0 87 0 0 0 0 0 0 99 0 85 0 0 1 79 0 47 0 0 91 0 86 0 31 45 71 0 0
0 0 0 0 0 0 16 0 0 93 0 0 0 0 0 27 0 0 0 0 29 0 98 0 0 0 71 0 0 0 33 0 0 0 0 0 53 0 0 0 0 0 0 43 30 0 0 99 0 0
0 0 0 0 15 98 13 63 0 51 0 55 0 0 0 0 0 0 0 0 0 0 0 0 0 36 0 0 0 65 0 7 40 49 68 8 0 42 0 64 11 0 98 45 0 0 8 0 0 76
31 0 0 7 0 32 0 83 0 0 57 71 0 0 0 0 0 8 0 0 73 33 0 79 5 0 2 0 68 91 22 60 0 97 0 0 71 0 0 48 0 0 56 0 0 0 43 0 6 0
0 0 0 0 77 0 92 0 35 0 17 0 0 53 0 0 0 28 0 0 0 59 0 0 22 0 80 80 0 96 12 0 0 0 78 0 52 0 0 0 34 17 1 84 0 0 90 0 0 0
0 0 68 0 0 0 75 0 75 4 0 0 19 0 45 91 0 32 0 0 0 0 47 0 9 0 13 0 0 62 33 0 22 0 0 50 20 53 60 0 0 0 24 0 0 0 0 0 0 0
82 92 0 6 17 0 92 0 0 0 26 0 0 0 43 0 0 77 0 0 0 0 0 57 8 19 0 0 0 0 0 59 0 87 43 0 0 29 0 0 0 33 0 0 0 0 0 0 0 0
0 94 18 0 0 0 0 0 0 0 3 0 0 16 0 0 79 0 0 55 0 58 0 28 22 0 70 0 0 0 0 0 0 0 0 63 0 0 94 0 0 67 0 0 0 40 0 72 0 0
93 0 0 0 89 75 0 0 0 0 49 0 7 0 57 0 59 0 83 0 0 0 0 0 7 42 88 28 0 87 18 73 7 0 0 0 0 0 64 0 7 0 0 16 0 0 0 0 27 0
0 0 16 0 0 0 0 0 0 0 0 34 2 0 0 0 0 0 0 0 0 67 0 0 0 0 0 0 56 0 0 0 38 11 61 0 0 0 57 0 0 38 73 0 87 17 0 0 0 45
21 0 37 0 0 0 0 0 70 60 22 29 0 0 0 0 0 43 83 0 56 0 0 0 0 0 15 0 0 0 64 13 71 0 0 68 41 2 0 0 57 0 81 23 0 0 69 0 0 0
0 0 85 0 0 93 0 0 20 0 87 0 0 0 0 43 85 0 0 0 0 0 0 0 0 0 0 0 0 0 0 0 57 12 0 0 94 0 0 86 48 0 58 0 5 84 0 0 0 75
0 45 0 43 0 3 68 0 0 0 76 0 0 0 0 52 65 0 18 0 0 0 0 0 74 0 0 6 83 0 0 0 78 0 0 0 17 0 0 81 96 65 0 0 0 0 0 75 0 36
0 1 56 87 58 0 0 0 0 0 0 0 50 0 0 77 0 58 0 93 0 30 0 0 0 13 0 0 25 0 0 0 0 0 0 93 0 0 0 0 0 0 62 25 97 0 58 80 0 0
0 0 6 0 0 0 0 0 98 0 0 0 0 0 0 0 3 0 0 0 0 57 57 0 0 0 0 0 0 0 95 61 4 0 85 69 13 94 0 0 0 0 0 17 0 0 0 0 0 0
40 0 0 0 0 0 3 16 99 0 60 0 0 0 0 0 0 26 0 0 0 0 0 0 90 86 46 0 0 0 18 0 0 0 0 0 29 0 51 0 0 0 59 58 28 0 0 0 0 0
0 0 0 0 0 88 50 13 63 0 0 31 0 0 0 0 0 0 0 0 0 0 23 83 0 0 0 0 0 0 0 27 0 26 87 0 0 9 0 0 0 0 0 0 0 64 0 0 0 0
0 0 31 0 0 57 0 0 0 0 5 0 0 0 0 0 0 0 0 0 0 0 0 35 52 0 0 0 64 35 0 63 77 0 0 0 0 0 26 52 0 0 0 0 0 33 22 0 33 77
0 0 19 0 0 51 93 0 0 0 37 5 12 0 66 0 0 0 0 0 0 0 0 0 76 0 0 0 0 43 0 63 7 0 0 24 33 0 0 0 0 0 64 0 0 0 0 0 7 0
75 1 0 0 0 0 0 0 36 0 76 72 1 0 83 66 15 5 12 0 72 0 0 0 0 0 0 0 8 27 0 23 0 0 0 0 0 0 0 0 80 16 48 18 0 36 0 77 0 46
0 0 0 51 26 0 0 26 0 0 0 25 0 95 31 13 89 0 0 0 64 38 0 0 0 0 0 26 13 0 0 0 0 40 0 93 0 32 0 91 0 0 0 0 98 0 0 20 0 0
0 0 0 2 6 0 0 0 0 0 66 0 0 32 0 0 0 97 0 0 36 0 0 0 0 0 0 62 0 0 0 0 64 13 44 0 0 0 92 81 0 0 0 99 59 92 41 30 22 0
0 0 0 0 96 31 0 0 0 0 0 0 0 0 0 0 0 0 95 73 0 0 0 19 0 0 0 0 58 0 86 0 48 0 0 0 0 0 82 0 0 0 0 0 39 0 75 0 0 0
0 2 0 0 0 64 0 0 4 0 71 33 0 0 0 0 0 23 89 0 0 0 0 0 0 0 0 0 0 67 0 0 0 80 0 0 0 0 0 96 99 0 94 0 0 0 24 34 0 0
7 0 0 0 0 72 27 0 0 97 0 0 30 0 0 0 0 48 28 27 0 0 0 0 0 0 81 0 0 0 0 7 0 0 0 16 0 0 93 0 76 0 0 0 0 30 22 0 0 0
0 0 0 0 95 0 0 0 0 0 0 0 0 0 0 0 0 10 99 0 0 67 0 0 0 44 59 0 0 0 0 0 0 91 95 0 0 0 0 0 0 0 56 0 0 50 31 77 0 0
0 0 0 0 0 74 0 0 0 0 0 0 0 98 0 0 27 21 0 39 0 75 0 19 20 0 80 0 61 0 0 57 0 0 88 0 5 0 0 0 19 0 0 0 0 0 32 87 0 82
66 0 0 0 0 0 0 0 0 0 0 89 84 0 42 0 51 0 9 0 0 0 4 0 0 0 0 13 0 0 0 0 0 0 0 72 0 0 21 0 0 0 0 89 0 0 15 0 0 0
0 6 38 0 0 91 0 59 81 25 85 85 71 69 0 0 0 0 0 0 0 41 44 10 0 0 0 0 0 0 5 0 0 0 0 0 8 0 90 80 0 94 13 72 53 0 0 0 0 0
