0 10 56 0 0 0 0 57 35 0 0 70 0 0 72 0 0 0 0 0 83 0 77 0 0 0 0 18 0 0
0 0 0 91 0 0 0 0 79 72 0 90 0 0 0 0 0 0 0 0 0 0 0 0 0 0 31 38 0 0
1 0 0 0 0 0 0 0 0 0 0 0 0 10 0 0 0 0 0 0 0 0 72 94 0 0 5 0 18 0
0 60 66 0 51 0 0 92 0 55 0 0 0 0 0 0 12 54 41 0 0 0 0 72 0 0 0 0 0 0
72 41 46 28 0 0 19 10 70 0 0 0 0 30 0 0 0 0 51 0 0 91 0 0 0 0 0 0 0 0
0 97 0 0 0 44 0 0 0 0 84 0 0 0 0 0 0 0 0 0 36 73 0 0 0 0 85 0 91 0
0 0 84 12 0 30 0 0 88 0 0 0 0 34 0 85 38 66 47 87 0 0 0 0 9 0 0 0 0 0
0 0 0 0 51 0 38 41 0 0 0 0 70 0 0 0 0 0 93 0 61 20 0 0 0 0 85 15 55 47
16 0 0 29 0 53 90 52 98 0 0 13 0 61 0 0 0 0 0 0 0 0 0 33 17 0 36 27 0 36
0 0 19 0 57 2 0 0 96 6 36 0 0 0 16 0 31 0 25 0 0 0 0 0 50 0 0 30 0 0
0 0 0 12 0 0 0 0 0 0 0 50 0 0 0 84 15 0 95 0 0 0 0 0 0 0 0 0 0 0
83 34 10 57 0 88 9 0 0 32 0 6 0 0 0 0 93 0 33 0 0 0 0 0 0 92 0 0 0 95
0 0 47 0 88 63 0 88 0 0 48 34 25 0 0 17 29 18 0 0 62 0 0 0 0 0 0 69 0 0
0 0 0 0 0 0 0 93 0 94 64 14 93 69 0 0 0 0 0 0 45 0 79 0 0 29 0 0 0 45
0 69 0 0 0 0 34 45 0 0 0 0 0 0 0 0 15 0 69 7 13 0 53 0 0 15 0 0 0 0
21 62 0 60 0 1 0 0 0 15 0 33 4 57 78 0 0 0 75 0 7 90 0 0 27 0 0 5 0 0
0 0 55 0 0 0 78 16 0 0 0 0 89 44 59 0 0 0 77 0 0 27 58 0 0 0 71 84 0 54
41 0 0 0 0 0 0 90 0 0 0 0 0 37 0 4 0 82 32 0 0 86 0 0 5 79 0 1 0 5
54 0 0 86 0 0 81 0 78 0 88 0 0 57 0 0 0 80 0 0 0 23 93 0 0 0 0 0 0 74
0 8 0 0 12 9 0 0 0 87 0 0 0 82 0 0 25 0 0 31 0 0 48 0 0 0 0 0 71 0
