24 26 0 0 0 50 0 0 87 0 0 34 0 0 67 0 0 0 0 0 76 0 0 0 27 0 0 7 0 0 0 0 0 0 0 8 0 26 49 61
0 17 0 52 38 0 0 0 0 37 75 97 0 0 0 0 0 1 0 0 0 0 0 23 0 78 0 0 0 0 0 0 0 0 0 45 0 0 36 0
0 0 0 0 0 0 0 0 91 0 0 88 0 0 0 0 0 0 0 0 0 86 0 0 90 0 0 9 0 0 69 0 0 0 0 0 0 0 0 0
0 0 0 61 66 0 17 0 85 0 0 0 0 0 0 35 0 0 0 11 97 0 0 0 0 0 0 0 0 0 0 0 0 0 0 0 9 54 0 0
0 94 0 38 0 0 0 0 0 4 0 0 0 0 0 0 0 0 0 6 0 0 0 22 0 0 0 0 0 0 0 0 52 27 92 0 0 0 0 64
72 0 0 47 0 0 0 0 0 91 93 0 0 0 0 0 0 0 0 0 46 50 0 0 0 0 0 0 0 0 0 55 0 0 61 69 41 0 0 0
0 0 0 0 0 0 0 39 0 0 0 0 64 47 0 0 0 0 0 0 61 47 0 29 0 45 78 0 29 0 0 0 0 0 0 59 0 72 0 0
0 0 51 0 60 0 0 0 0 0 0 0 48 59 0 0 0 0 0 0 0 0 0 0 0 0 26 89 0 65 0 0 0 0 0 0 0 0 0 0
78 0 0 0 0 0 0 66 0 0 0 0 22 0 53 0 0 0 0 0 0 0 0 0 0 0 0 0 48 24 0 0 0 0 0 43 73 33 29 0
59 0 0 0 80 11 0 0 0 0 29 18 0 0 0 20 0 0 0 79 0 0 0 65 0 0 0 0 0 50 0 0 0 89 54 12 0 0 0 0
0 2 0 0 3 0 89 0 0 99 0 51 15 0 0 63 0 0 0 60 0 0 0 54 0 93 0 2 47 0 0 0 0 0 0 0 79 0 0 0
45 0 0 0 0 0 0 0 0 0 0 0 0 0 0 0 0 0 0 0 0 48 0 37 0 0 0 0 0 94 0 0 46 0 0 0 0 0 34 77
0 0 0 0 96 0 0 0 0 0 0 80 96 0 0 0 0 0 0 0 0 0 0 83 0 0 0 0 0 0 0 0 0 40 0 0 0 0 1 0
0 0 0 0 0 0 73 0 0 0 48 0 0 0 0 65 0 35 70 0 0 0 0 0 0 0 0 0 75 0 0 66 0 0 0 57 0 26 10 0
0 0 0 0 0 0 0 89 25 29 0 0 0 72 0 36 0 0 0 27 0 0 0 0 0 0 0 0 0 0 44 0 50 84 0 0 0 0 0 0
0 0 0 0 25 0 28 0 0 0 0 58 0 0 0 0 0 82 0 0 91 0 0 5 0 0 0 0 19 55 0 45 0 33 61 0 0 0 0 36
0 0 17 0 0 20 0 35 0 0 45 0 0 0 0 0 0 0 58 54 0 0 26 0 0 0 37 0 0 0 0 0 0 0 0 0 0 0 0 0
0 0 38 0 0 0 0 0 0 0 0 0 0 0 0 54 0 0 0 0 0 0 0 0 0 0 0 0 0 0 0 0 0 11 0 0 0 0 87 22
0 6 0 54 0 52 0 0 0 73 0 0 0 0 0 0 0 0 0 0 0 46 0 0 0 0 0 75 0 62 0 6 0 75 0 0 34 0 0 88
0 41 0 0 0 0 0 0 0 0 5 0 0 0 0 0 34 64 41 0 0 46 0 0 0 0 0 0 0 29 0 40 0 0 94 0 0 0 0 0
40 0 0 0 0 2 0 0 0 0 45 35 0 0 0 65 80 19 0 86 0 0 0 0 0 0 0 0 30 0 0 0 0 0 0 0 72 0 0 0
0 0 0 0 0 0 13 0 0 0 28 0 0 0 89 0 0 0 0 0 0 0 32 30 0 86 42 45 0 14 0 0 51 7 6 0 0 0 0 0
0 0 53 0 0 0 0 0 0 0 0 0 0 55 0 0 51 0 0 0 0 0 0 0 0 0 0 0 0 0 0 0 0 0 0 0 81 0 16 84
0 0 0 0 0 0 0 62 0 0 0 0 0 0 26 0 0 0 16 0 0 0 0 0 70 0 0 0 71 0 0 0 0 0 0 0 0 0 0 0
0 0 0 0 0 0 0 0 0 0 0 0 0 0 0 21 0 0 80 37 52 0 0 20 0 0 0 0 0 0 0 58 57 0 0 22 0 0 0 0
24 0 0 0 8 9 0 0 1 0 0 0 0 0 0 0 0 18 0 47 78 0 0 63 0 0 0 0 0 0 0 0 82 0 96 0 0 0 0 0
0 0 0 0 37 0 0 0 0 0 0 28 22 0 0 0 0 0 27 0 79 0 0 0 68 0 0 0 0 0 48 81 0 2 11 0 0 86 0 0
34 0 0 0 0 0 91 0 35 77 0 0 0 15 0 0 0 33 0 88 0 0 0 0 85 0 0 0 0 0 0 85 0 0 3 0 0 0 0 0
0 0 0 0 0 51 0 0 0 0 0 0 97 0 0 0 0 75 0 6 0 0 0 0 0 0 0 0 99 0 0 0 0 0 0 64 0 57 4 0
25 0 0 0 0 0 29 0 62 10 0 14 0 0 0 0 0 0 2 0 0 0 0 0 0 0 0 0 27 77 47 56 0 0 32 36 0 73 0 0
19 84 0 24 82 0 0 4 0 0 0 65 0 0 0 0 0 0 0 0 0 0 27 89 0 0 0 0 94 0 96 0 0 81 9 67 0 52 0 67
0 0 0 0 0 0 0 0 0 0 0 0 0 45 0 0 91 81 0 93 0 0 0 0 0 78 0 0 0 0 0 0 0 0 0 0 0 0 0 0
0 68 0 25 0 0 0 0 0 0 0 0 0 0 66 78 0 1 0 0 0 0 0 72 0 91 0 21 0 0 0 0 0 0 0 0 0 33 0 0
61 46 7 66 0 0 0 46 41 0 0 0 0 0 0 69 0 0 0 0 0 0 0 0 0 0 0 0 82 57 0 0 0 0 0 0 0 0 15 0
0 0 0 0 0 0 0 0 0 88 0 0 0 22 0 0 0 0 0 0 0 0 0 49 0 0 0 56 0 0 0 0 35 0 56 0 68 2 0 79
0 0 41 34 0 0 0 0 0 0 0 0 0 0 0 50 12 0 59 0 0 0 0 0 0 0 58 0 0 0 0 0 0 0 88 0 87 0 0 0
0 0 0 0 26 0 0 93 0 0 0 84 0 9 18 15 0 0 17 0 0 0 49 0 0 0 0 85 0 0 0 0 0 35 99 20 0 0 0 0
0 0 72 0 0 0 0 0 0 0 0 0 0 0 0 14 0 24 22 0 0 0 8 0 0 13 0 0 0 0 0 0 0 0 0 0 39 0 0 0
0 0 0 0 0 0 0 0 51 48 0 0 0 0 15 0 0 0 0 26 0 0 0 0 0 83 0 0 0 0 0 0 0 66 53 0 0 50 0 0
0 0 0 0 0 0 0 0 0 0 0 21 0 28 0 0 0 80 0 0 0 0 0 0 75 0 0 2 0 73 0 0 0 0 0 64 71 0 0 0
0 0 0 7 0 0 90 76 0 0 0 0 0 0 24 0 0 51 0 79 0 36 23 0 72 73 0 0 0 40 52 0 0 0 0 0 0 27 94 24
46 0 0 0 88 0 17 0 0 0 0 0 0 0 15 0 0 0 0 76 0 85 0 0 0 0 72 33 39 0 28 0 0 0 0 24 0 0 0 0
0 80 16 0 0 0 0 0 0 0 34 0 63 0 0 0 0 0 0 0 0 37 0 0 54 0 43 0 58 0 0 0 0 0 45 96 0 54 0 34
93 0 0 4 0 2 0 42 0 0 0 0 93 0 0 0 0 72 37 0 0 0 0 0 0 0 0 0 0 0 0 0 0 0 0 0 0 0 0 0
0 0 57 0 0 90 89 0 32 0 0 0 0 0 0 0 24 0 0 0 0 0 0 3 0 0 78 0 0 0 0 22 0 96 0 0 27 0 0 0
0 33 12 0 0 0 0 0 0 0 0 0 0 0 0 0 0 0 0 0 0 0 0 51 0 0 0 15 0 97 0 0 53 91 0 0 83 0 0 0
81 0 0 0 27 50 0 65 8 0 0 0 0 0 19 0 36 0 0 0 0 17 0 26 0 57 0 0 0 17 27 0 0 92 14 0 0 0 0 0
93 7 0 0 0 79 6 0 0 0 16 0 0 0 0 44 0 0 31 15 56 44 0 40 92 0 0 54 90 0 0 0 0 0 0 0 0 65 0 0
0 0 62 38 0 0 61 0 17 0 30 0 0 0 0 0 0 73 0 0 0 24 55 0 0 0 50 0 0 0 15 52 0 96 0 0 0 15 0 56
63 46 0 0 0 0 0 0 17 36 0 47 0 0 0 79 23 16 0 0 0 82 9 0 0 79 0 83 0 90 76 0 0 0 33 0 0 80 21 0
