0 0 0 0 0 0 0 0 0 0 0 0 0 93 0 48 0 75 13 0 0 0 0 58 0 28 0 0 28 47
0 46 0 0 0 0 82 0 0 0 0 0 0 0 0 60 0 0 0 85 77 0 65 94 0 0 0 0 0 0
0 0 0 19 0 0 0 0 28 0 95 2 81 0 94 0 0 0 55 0 53 0 0 0 0 0 21 0 0 0
0 0 0 0 60 0 55 9 0 0 0 0 0 0 0 0 0 0 0 0 0 0 0 27 0 0 0 42 0 0
0 0 0 0 0 57 0 0 0 0 0 0 0 45 0 0 0 0 59 0 0 0 18 0 0 0 8 29 0 0
0 0 0 50 0 0 0 0 0 0 93 49 0 0 7 94 0 0 0 0 0 0 0 73 0 0 0 0 0 0
96 72 66 0 90 31 0 94 89 40 79 0 87 0 0 0 0 0 0 0 0 0 0 0 0 0 0 65 0 0
0 0 0 0 0 7 0 0 0 0 0 0 0 69 0 0 0 84 85 0 0 32 0 0 83 0 0 0 0 89
0 0 0 27 0 0 4 0 83 0 0 0 0 0 36 0 0 13 0 0 70 0 43 0 0 0 0 0 0 0
0 91 0 7 0 0 68 0 0 58 0 0 82 68 0 35 27 0 0 28 15 48 0 0 0 0 99 92 4 41
0 0 0 0 0 0 52 0 0 17 0 12 0 0 0 0 0 0 0 50 0 0 87 0 0 0 0 24 0 0
95 0 42 42 0 0 8 0 0 0 0 0 72 0 0 0 0 0 0 23 44 0 0 0 45 0 0 0 0 0
0 91 0 14 51 98 90 0 0 0 35 52 0 0 84 0 51 0 0 47 0 0 0 0 99 0 0 0 53 0
40 37 0 0 0 93 0 0 0 0 0 0 13 0 56 0 0 38 0 0 0 0 0 0 5 0 0 0 89 0
2 57 0 8 0 0 0 0 0 0 0 0 0 0 0 0 25 0 0 0 75 0 0 0 0 0 73 0 0 19
0 0 0 0 0 0 0 69 0 0 0 77 0 0 0 0 0 0 0 0 0 94 1 0 0 0 51 0 0 0
0 0 0 37 82 0 0 26 0 93 0 0 0 0 0 0 0 0 0 0 0 0 92 0 29 26 0 0 37 0
0 5 54 0 0 0 0 34 0 0 0 0 0 0 37 0 0 0 47 59 0 65 0 0 21 0 0 0 3 0
0 0 87 50 33 0 0 0 0 0 0 0 54 98 0 0 0 0 0 0 0 0 0 0 0 0 0 0 0 0
0 0 0 0 0 87 56 28 21 0 0 0 33 0 0 0 0 0 32 0 0 0 28 37 0 0 0 0 0 0
0 0 16 0 0 0 62 0 0 0 80 35 0 0 0 52 0 0 0 0 0 0 0 41 0 29 0 0 0 0
0 0 0 0 0 0 3 0 86 0 0 0 0 0 32 0 0 0 19 0 0 0 0 0 0 0 0 0 0 0
0 0 2 0 0 0 0 0 0 49 0 15 0 0 0 0 0 0 20 11 0 97 0 96 0 0 0 0 0 59
0 0 0 0 0 65 59 45 74 0 88 0 0 0 0 0 53 0 0 0 0 94 0 0 0 0 55 0 0 0
0 0 0 0 0 0 0 0 0 0 0 0 0 0 0 66 0 0 0 0 0 5 0 0 0 90 40 0 0 0
45 0 0 0 36 0 0 0 52 59 0 0 0 11 0 0 66 0 34 0 0 0 0 81 0 0 0 0 46 93
0 0 0 0 32 0 0 48 0 0 0 98 0 93 0 0 59 0 0 0 0 0 0 0 0 0 0 0 0 39
68 0 0 99 24 0 0 0 0 0 42 0 0 0 0 0 50 0 0 0 0 0 0 13 3 0 17 0 0 0
0 0 0 0 0 0 0 88 0 0 0 0 0 0 0 0 0 0 0 0 25 84 0 16 0 0 0 0 0 66
0 0 0 0 0 0 0 0 50 0 96 0 0 0 0 0 0 89 0 71 0 0 0 0 0 0 0 0 0 0
58 0 0 19 0 0 0 0 0 11 0 0 0 0 0 0 0 47 91 79 0 0 58 0 0 0 0 0 0 0
0 20 0 0 22 31 0 0 0 0 0 0 0 0 0 0 0 0 0 0 0 0 0 45 40 0 0 0 0 0
0 0 0 0 0 0 0 99 0 0 0 0 0 0 0 49 0 0 39 60 0 0 0 0 0 41 0 0 89 99
0 0 0 0 57 0 0 61 0 21 0 0 0 46 0 0 0 0 68 0 0 30 0 67 80 0 69 0 0 21
0 23 26 0 0 0 0 0 0 0 0 86 79 0 0 0 0 0 0 8 55 0 0 0 0 0 0 0 0 69
0 0 1 0 0 0 42 10 33 41 0 65 0 0 20 22 79 0 0 0 0 0 0 0 0 96 92 0 0 0
0 0 0 69 0 86 0 0 0 0 0 0 0 0 0 0 0 0 8 90 0 0 0 0 91 0 0 0 0 0
0 9 0 0 0 60 0 0 11 0 51 0 0 0 0 0 0 0 0 0 0 0 0 0 0 0 0 0 54 0
89 0 49 0 32 0 0 91 65 0 90 0 0 0 26 7 0 0 0 0 0 88 58 60 0 0 48 0 0 0
0 0 0 0 0 0 10 38 0 0 0 56 0 0 0 0 0 0 0 0 0 0 0 0 2 0 0 49 69 0
