7 0 0 0 43 86 0 28 58 52 43 0 74 0 97 0 0 28 0 0 0 0 0 0 54 0 0 77 0 26
49 29 45 0 0 0 0 0 0 0 0 0 0 0 21 10 0 0 0 28 13 0 0 0 25 0 0 0 0 0
0 0 0 0 0 8 0 0 0 80 0 0 0 0 0 80 0 0 14 0 87 0 0 0 0 0 0 0 0 0
60 0 0 45 30 0 0 62 0 10 0 0 0 0 0 0 0 0 43 78 0 0 0 53 40 86 0 0 0 85
0 0 93 0 0 54 0 0 0 68 0 0 93 0 17 0 0 0 26 80 0 0 0 0 0 97 0 0 0 0
51 16 26 0 0 0 14 0 30 0 0 0 0 0 0 17 15 0 0 0 0 0 26 0 91 0 0 0 18 38
16 15 0 0 0 91 95 0 0 0 90 90 0 0 0 0 0 0 56 13 0 0 0 0 0 0 0 0 0 57
0 0 0 0 0 44 0 0 1 0 0 0 0 0 0 0 25 0 0 32 0 0 0 3 0 27 0 0 0 86
33 0 63 0 0 43 66 12 0 0 43 39 38 0 0 89 0 0 57 0 0 67 0 58 79 0 0 0 0 0
0 0 60 55 0 0 64 0 0 92 29 51 0 0 59 93 0 82 0 0 0 77 59 43 39 28 0 0 0 0
0 0 0 69 66 0 0 17 0 0 34 0 0 75 51 38 0 0 7 0 99 0 65 0 0 0 0 0 0 0
61 0 34 23 0 0 0 0 0 0 55 0 0 7 0 0 0 98 0 0 0 0 0 5 49 0 0 0 69 0
0 24 0 0 0 0 0 45 0 0 81 0 0 0 0 0 0 0 0 0 29 46 20 0 0 55 0 0 0 38
21 16 3 82 0 0 0 0 0 0 76 0 0 0 0 0 0 0 0 0 0 90 0 0 0 0 0 0 0 0
0 65 99 0 0 0 23 80 0 0 10 57 92 0 47 81 33 0 0 6 0 0 46 0 17 0 0 0 0 0
32 74 0 0 0 37 75 0 67 0 80 0 0 0 96 25 15 0 0 0 0 18 0 0 0 0 0 0 0 41
0 0 0 0 0 0 0 0 0 0 93 0 0 42 0 80 0 70 0 0 90 0 0 70 0 0 0 0 37 86
0 0 0 0 90 0 0 18 0 73 0 0 0 17 0 0 0 0 0 15 0 0 0 0 97 0 0 0 87 0
0 0 0 9 0 6 0 48 0 0 24 0 67 0 23 0 0 19 0 0 92 0 97 78 0 91 55 10 0 78
0 39 0 0 0 0 0 25 0 0 0 27 70 0 0 0 0 0 0 23 0 0 95 0 0 6 0 0 4 0
83 78 19 99 0 0 0 0 0 75 0 0 63 24 0 0 89 0 45 0 37 39 0 0 0 25 0 0 0 0
0 0 0 0 0 0 0 0 0 0 0 0 0 19 0 0 0 22 59 0 0 0 35 0 0 0 0 0 0 0
0 0 0 0 37 32 2 0 0 0 0 17 41 0 18 17 0 0 97 0 63 0 8 0 82 0 62 0 0 0
87 0 78 0 0 0 0 0 0 45 39 76 0 0 0 0 0 0 0 0 0 0 8 0 0 61 1 0 70 0
0 0 0 0 0 0 0 0 0 8 0 0 0 0 0 0 0 0 52 0 2 0 0 7 59 0 0 0 0 0
50 11 78 0 81 0 0 0 0 40 0 6 42 0 18 0 31 90 54 94 0 0 16 19 0 0 0 0 0 0
0 0 0 0 82 0 0 0 51 0 8 34 0 0 55 0 0 50 97 0 0 0 37 0 0 99 0 0 0 0
0 0 0 38 0 0 0 13 29 0 0 0 0 20 26 51 0 0 81 0 63 0 0 0 0 23 0 0 1 0
0 0 14 0 56 46 0 0 0 31 0 0 39 33 62 36 0 0 0 77 52 72 0 0 0 53 0 0 63 0
19 0 0 0 0 0 0 0 0 0 50 0 93 23 0 65 0 0 0 38 82 0 0 0 47 0 0 0 0 0
95 0 0 52 87 42 67 0 58 0 0 0 0 91 0 40 0 0 0 0 0 0 0 9 0 0 37 0 36 0
0 61 0 74 54 12 44 65 0 0 0 0 0 0 0 70 75 0 0 0 0 0 0 0 0 0 0 0 0 0
71 0 0 89 0 0 0 0 89 0 0 3 11 0 0 0 10 0 9 0 0 6 34 55 66 0 47 0 98 79
76 0 20 0 55 18 96 0 0 0 70 0 0 0 0 0 0 56 57 57 0 70 92 0 11 0 0 0 0 0
28 0 0 93 0 0 10 0 0 0 84 0 12 0 71 88 0 0 0 91 38 0 0 0 0 0 1 28 0 0
0 0 0 0 0 0 0 0 0 0 0 0 0 0 0 0 43 0 18 0 0 0 23 35 62 0 0 49 0 0
0 8 85 0 0 0 39 0 86 0 78 48 0 0 0 0 81 0 0 0 42 0 81 0 0 0 91 54 0 0
0 0 26 0 67 66 95 0 0 0 0 38 0 0 0 69 81 1 37 0 21 31 45 53 11 0 0 79 0 4
0 15 53 0 39 73 0 90 92 0 0 0 0 0 0 0 0 48 73 0 0 0 0 70 0 0 0 34 0 36
0 0 52 0 0 82 0 0 27 0 23 92 0 0 0 0 0 0 0 37 20 0 73 7 0 0 44 0 0 0
0 0 25 0 0 0 0 0 87 36 0 0 62 29 97 0 0 87 0 0 0 0 0 0 71 0 0 0 14 0
76 0 0 9 42 0 55 10 0 0 0 0 0 0 0 0 0 0 69 0 0 0 0 69 0 68 0 35 0 0
0 80 0 0 0 21 0 0 0 0 94 0 16 81 0 71 57 0 0 0 22 44 0 0 0 0 0 0 0 0
2 0 0 0 0 0 0 0 0 61 0 0 0 0 46 17 87 0 97 0 0 61 0 71 0 62 1 83 0 0
67 0 0 0 0 0 0 14 0 88 0 0 0 72 0 0 0 6 0 0 0 0 0 0 0 0 0 0 0 0
48 0 0 0 0 0 0 0 0 25 29 91 0 0 64 0 0 73 0 0 61 0 75 82 0 0 81 97 52 0
0 0 0 0 91 0 0 39 48 76 51 0 0 0 0 12 0 0 0 0 82 97 0 0 12 0 0 0 0 0
0 0 41 13 0 0 0 0 0 23 0 63 24 0 0 0 0 9 56 0 0 0 0 0 5 0 0 69 0 93
0 53 0 0 0 92 84 0 0 42 85 87 0 54 0 0 23 0 0 0 75 0 0 0 0 0 20 83 0 19
0 0 0 27 87 64 0 0 0 0 67 0 28 0 0 0 83 39 0 0 0 0 95 0 0 0 62 0 0 0
