0 64 0 19 0 0 0 0 0 0 0 0 10 74 0 0 0 0 0 15 0 28 72 0 61 0 0 0 0 0 0 0 20 23 0 0 0 0 0 0 0 0 4 8 0 0 72 0 0 0
10 0 0 0 78 17 81 0 0 0 0 0 0 0 0 0 70 0 0 0 0 0 0 0 21 0 0 64 0 0 0 3 0 0 0 0 56 0 0 0 0 0 24 0 0 32 0 93 0 0
0 0 0 0 22 0 0 0 0 0 14 40 5 0 0 0 0 0 0 0 0 0 0 0 0 0 0 0 0 0 50 14 2 0 0 0 7 0 87 0 0 43 41 0 0 0 0 0 93 58
0 0 0 0 0 0 0 1 0 7 79 0 0 0 0 15 0 82 0 9 0 0 35 0 0 9 0 24 66 14 0 0 0 0 0 0 0 96 4 6 0 0 0 0 0 0 0 0 0 0
0 0 43 0 64 90 0 0 0 51 0 0 0 0 0 0 0 64 0 82 27 0 0 0 0 0 0 0 0 0 0 0 0 0 0 0 0 0 32 0 0 0 0 0 0 0 0 0 0 0
0 0 0 0 0 0 0 0 0 0 0 25 0 0 13 0 0 36 52 30 0 17 0 0 0 0 0 33 0 36 0 94 0 0 0 21 0 0 0 57 0 22 0 0 0 0 0 88 37 15
19 39 0 0 38 62 77 91 0 0 85 75 0 0 0 0 0 0 31 0 0 95 0 0 0 0 0 0 0 93 88 0 0 0 0 37 0 0 0 0 9 0 0 77 0 0 0 0 0 0
0 24 0 0 0 0 0 72 0 0 53 0 0 97 0 0 64 0 0 0 0 0 0 32 0 0 0 0 0 7 0 78 2 0 0 78 0 0 0 22 0 0 0 76 0 82 0 0 0 0
0 0 0 0 0 0 0 82 0 0 0 0 0 0 78 0 8 0 0 0 0 97 0 18 39 0 0 0 0 91 0 25 0 98 78 0 0 0 0 0 0 0 0 0 0 0 0 92 0 0
49 0 0 0 0 0 11 0 0 0 0 0 0 0 0 41 0 27 0 0 98 0 0 24 0 0 0 0 52 0 0 0 0 0 0 0 0 0 0 44 0 0 0 49 0 0 0 15 0 0
