0 0 0 0 0 0 3 0 0 70 0 0 0 20 0 0 0 0 0 0 91 0 1 86 0 15 0 0 0 0
0 0 6 33 0 0 0 0 0 94 0 0 29 69 0 43 0 0 0 0 0 0 0 0 0 17 0 41 0 0
0 21 0 0 0 0 0 0 51 1 74 0 0 84 0 0 0 0 0 64 88 0 0 34 61 0 56 7 0 0
0 0 0 90 47 43 0 94 0 0 95 0 0 0 0 0 0 53 0 0 0 50 0 0 11 0 0 17 0 0
0 0 77 0 0 0 0 0 0 0 0 0 0 0 0 0 67 0 0 0 0 0 99 0 0 0 0 0 0 0
89 0 0 0 0 73 0 24 22 72 68 0 35 0 0 72 0 0 0 36 0 0 0 82 80 0 0 0 45 0
18 0 8 91 0 0 0 60 0 94 91 57 0 0 0 31 0 20 0 0 0 0 0 0 21 0 0 0 0 0
0 0 0 0 95 0 0 0 0 0 0 0 32 65 0 81 0 0 4 0 0 0 0 3 0 0 0 0 0 0
71 13 0 69 0 0 0 0 3 86 43 0 23 0 33 0 0 0 0 64 47 0 0 89 0 0 18 11 0 0
0 0 57 0 18 0 0 0 0 0 88 0 0 76 0 0 41 0 0 64 0 0 0 5 0 0 97 0 0 73
91 0 62 45 0 0 0 0 0 0 0 0 0 44 0 79 0 0 0 46 0 0 7 31 49 0 0 51 0 0
88 0 0 0 1 92 0 0 0 0 0 64 0 0 0 0 0 0 16 0 0 19 68 15 0 14 0 61 0 0
16 0 94 0 14 49 97 40 90 0 0 0 0 18 0 0 0 79 54 0 0 81 0 36 44 47 35 17 1 98
70 0 61 0 0 0 70 34 87 0 0 0 71 0 0 0 52 0 0 0 96 9 65 63 0 0 0 0 0 0
0 0 0 0 68 0 0 0 0 0 98 0 90 0 36 0 82 0 0 0 0 68 0 0 0 0 11 43 0 0
0 0 0 22 0 0 0 0 0 0 56 52 60 0 0 99 0 30 0 36 0 80 63 0 0 0 0 82 0 0
0 0 0 0 0 0 0 0 0 44 75 18 0 75 0 0 96 26 0 0 16 0 0 0 0 0 90 64 26 83
99 72 0 0 22 0 0 0 0 0 0 25 75 0 0 17 0 0 0 19 0 0 0 0 0 0 92 51 75 0
90 0 0 0 0 0 70 0 0 27 0 62 0 0 95 0 0 2 0 0 91 35 28 0 0 0 0 0 0 0
0 0 0 0 67 0 0 0 0 0 0 0 0 0 65 0 0 0 0 0 0 0 0 13 0 0 46 0 0 0
60 0 92 0 0 0 0 0 32 0 0 0 0 0 0 0 73 23 0 87 0 94 0 91 0 3 0 0 5 24
0 0 27 44 22 0 0 0 24 0 0 0 0 20 0 27 43 0 0 69 0 0 61 0 0 0 0 0 0 60
92 0 80 0 0 43 0 0 0 0 0 59 1 9 0 0 0 38 0 0 0 0 77 0 3 0 0 14 0 0
45 0 70 0 0 57 54 0 0 0 5 0 0 39 29 0 0 0 0 0 0 0 0 0 0 0 0 8 0 0
0 81 0 0 0 67 0 0 64 0 61 18 98 85 0 0 0 15 33 0 83 0 0 64 0 0 52 0 0 0
81 88 52 0 0 0 0 0 0 0 83 95 0 0 0 0 0 0 18 0 64 0 37 0 73 0 99 0 8 75
8 0 80 7 0 0 0 0 0 0 0 0 0 0 0 0 0 0 0 0 0 0 0 0 0 30 25 0 58 0
0 0 0 49 52 34 84 0 96 0 0 0 0 0 0 0 32 14 0 0 0 0 0 65 0 12 0 90 0 0
0 22 52 0 42 0 9 53 0 0 0 81 0 0 0 0 19 96 0 91 0 0 29 79 83 0 0 24 0 10
18 0 70 0 0 45 0 99 0 0 0 23 21 0 0 0 0 0 0 0 28 7 0 0 0 0 37 3 0 6
92 72 0 0 0 0 0 39 0 0 0 8 73 34 82 0 0 0 8 16 0 0 0 62 0 90 0 0 0 0
0 0 0 10 0 0 27 0 0 92 0 49 11 0 0 42 0 59 70 0 0 0 0 0 0 0 82 0 0 0
85 53 0 0 0 8 0 0 0 87 90 42 0 91 20 0 0 91 0 0 0 0 94 0 47 0 0 0 0 0
9 0 77 67 0 0 0 0 0 0 83 0 44 0 70 0 74 98 10 86 0 82 0 0 43 0 0 0 0 0
0 0 0 98 0 0 0 0 0 0 7 23 0 78 0 16 0 0 0 0 0 0 0 0 47 0 67 0 30 0
3 0 93 0 0 0 0 0 89 0 0 41 0 0 3 52 19 0 79 0 70 0 0 0 27 0 0 0 0 0
0 0 0 0 0 0 0 0 66 80 0 0 0 21 6 58 42 0 0 0 54 24 0 20 39 0 0 50 49 88
18 31 0 4 0 0 0 91 27 0 0 0 0 0 18 0 0 0 0 0 0 0 0 62 46 22 0 0 0 0
0 0 21 44 0 0 0 27 0 17 38 0 0 0 0 0 10 0 0 13 0 0 95 0 0 70 0 36 0 0
39 62 1 0 0 43 0 0 0 94 0 0 3 0 1 4 0 0 68 0 0 24 0 9 0 47 0 0 48 0
86 0 10 0 0 0 83 0 0 0 0 0 0 0 0 0 10 78 0 23 0 0 0 45 0 0 0 12 0 0
0 0 0 0 0 0 0 0 0 0 0 46 0 0 0 31 0 42 0 0 31 0 0 57 0 0 0 0 96 0
0 0 0 83 99 0 0 0 0 56 0 0 0 48 34 0 0 0 0 0 0 0 0 0 0 71 0 0 0 0
9 0 2 0 0 0 22 0 31 0 0 0 0 6 0 0 89 78 0 0 0 0 0 1 16 0 0 5 0 67
0 54 59 82 94 59 0 18 46 0 0 41 0 0 0 0 0 8 0 0 0 0 0 52 0 0 0 0 0 45
0 0 0 0 0 0 50 11 0 76 51 92 17 0 39 0 0 0 53 3 7 27 40 0 0 0 26 0 96 0
30 0 15 0 0 0 0 82 71 0 0 0 57 0 0 0 0 36 71 0 0 0 0 0 25 0 79 0 0 0
0 87 83 0 0 0 0 0 18 0 0 0 0 0 0 0 61 0 66 1 0 0 79 0 60 13 86 0 0 0
0 0 0 0 0 37 88 39 57 0 50 99 44 0 41 29 88 0 0 0 27 0 3 32 0 0 0 0 0 0
0 4 0 62 0 0 0 0 0 17 0 0 0 0 80 92 0 58 80 0 0 0 73 0 0 0 0 68 0 43
