64 0 0 0 0 0 0 0 0 0
0 0 4 0 0 0 24 0 78 4
0 0 67 92 8 0 78 12 12 83
0 39 0 95 75 0 0 21 0 0
0 0 0 97 0 52 0 64 0 0
0 0 0 64 80 0 0 0 8 0
25 0 22 0 0 0 0 0 0 0
0 0 0 8 0 54 34 50 0 0
0 22 67 0 0 0 0 0 0 28
54 73 0 0 0 14 0 0 0 77
0 0 32 75 0 0 0 50 94 3
0 0 0 95 0 0 27 0 0 0
0 32 18 0 61 0 86 0 0 0
89 0 63 0 60 59 45 0 0 0
0 0 17 0 0 0 8 56 72 0
0 0 0 59 0 0 0 0 0 0
55 71 0 70 31 0 0 0 0 35
0 0 76 97 0 0 0 0 0 0
4 46 55 0 71 46 0 58 0 0
0 0 0 0 0 49 0 0 0 26
33 89 0 0 0 0 0 0 97 0
0 0 0 0 84 0 0 0 0 0
63 0 0 66 0 46 0 56 0 31
92 0 0 12 0 39 0 0 46 0
0 0 0 0 0 0 0 0 0 41
56 74 0 59 20 72 17 47 0 0
15 0 0 0 0 0 0 0 35 23
0 55 0 0 0 64 0 0 40 0
0 0 16 0 0 0 0 0 0 34
73 0 98 83 0 0 0 0 3 0
82 0 84 0 0 8 0 0 0 0
0 94 0 0 43 77 0 37 65 67
17 0 0 0 0 0 0 0 0 0
35 53 0 0 0 22 15 21 0 0
0 0 0 0 38 71 0 0 0 0
0 0 0 0 42 0 0 0 0 0
52 32 0 97 0 12 34 73 92 0
0 0 0 0 0 0 0 0 0 0
0 0 0 0 0 86 0 0 0 0
0 0 71 0 0 82 75 0 0 0
