0 0 0 70 0 0 0 10 0 0 0 0 0 0 0 0 0 0 0 0 0 0 42 0 0 0 0 0 0 0
81 0 0 0 0 0 0 0 68 0 0 0 82 0 0 5 0 0 40 0 42 0 0 0 0 54 0 26 0 0
0 0 49 0 0 0 2 0 14 0 0 0 0 0 0 0 0 0 0 0 4 0 0 0 88 0 0 0 57 0
0 0 0 61 0 0 97 0 0 0 0 0 0 57 0 0 0 0 0 37 0 0 0 0 46 0 0 0 0 0
0 0 0 0 7 16 89 83 1 0 0 0 84 24 93 65 0 0 0 0 0 0 37 36 0 45 56 0 0 0
0 0 44 86 0 0 90 76 0 0 0 0 0 0 0 38 0 0 0 0 0 0 0 9 0 0 0 0 0 35
0 0 0 34 0 0 0 0 95 0 0 0 18 8 0 0 0 63 36 0 74 0 16 0 0 0 0 0 0 68
0 0 0 79 0 0 0 24 0 35 0 0 0 98 0 0 76 0 0 24 0 0 0 0 0 0 0 0 58 0
27 99 86 0 0 0 0 0 0 0 0 0 0 0 0 78 0 0 0 0 31 0 0 55 0 0 0 12 49 0
0 0 0 0 0 0 0 0 0 0 0 0 0 0 0 0 0 22 0 0 0 0 0 0 97 0 0 0 0 11
0 8 0 23 0 0 73 0 0 0 0 0 0 0 0 0 14 1 0 65 0 0 0 65 0 30 0 0 0 0
0 63 0 0 0 0 0 0 0 0 0 0 0 0 0 0 97 0 0 0 0 0 0 0 0 48 0 48 0 39
0 0 0 0 42 0 0 0 0 26 0 0 76 0 52 0 85 0 0 0 0 0 0 0 0 0 0 0 0 0
0 0 0 0 0 0 0 0 0 0 0 0 76 0 0 63 0 0 0 25 0 0 0 0 0 0 0 0 0 0
61 97 9 0 0 65 0 0 47 18 0 0 18 49 0 0 0 0 0 0 0 0 0 0 0 26 0 27 0 0
0 0 0 15 0 0 0 0 0 0 17 0 0 0 0 0 44 3 0 42 0 0 0 0 0 0 0 0 0 0
41 44 81 0 33 0 0 0 0 0 15 0 46 0 37 0 0 0 0 0 0 0 0 0 0 0 0 0 0 0
0 0 0 0 0 0 0 0 0 0 0 13 0 0 0 0 0 0 0 19 0 0 14 0 0 24 76 0 0 0
12 0 0 0 88 0 0 0 0 0 0 0 0 0 0 0 0 0 11 0 0 0 0 0 0 50 0 0 0 0
0 0 0 0 69 0 0 0 97 0 0 0 0 0 0 0 0 0 0 0 0 0 26 94 20 0 0 0 0 0
0 87 17 0 0 0 0 0 0 0 0 0 25 0 0 0 0 0 0 0 0 0 48 0 0 0 0 77 27 0
24 0 0 0 43 0 81 0 0 0 0 0 0 3 19 50 0 0 0 0 0 0 56 0 30 0 0 0 4 0
0 0 0 0 0 0 0 0 0 0 0 0 0 0 71 0 0 0 0 0 0 0 0 37 0 0 0 45 28 0
0 0 0 0 0 0 0 0 0 45 0 0 0 0 0 0 47 0 4 0 0 0 0 0 65 0 0 59 0 0
0 0 0 0 0 0 0 0 0 0 0 0 0 0 0 0 0 0 0 0 0 0 0 0 0 0 15 0 0 0
0 93 42 22 0 0 0 0 0 0 0 0 0 0 0 0 0 0 91 81 0 0 0 0 7 0 0 0 0 0
0 0 0 54 0 0 0 0 0 0 35 0 0 0 0 0 0 80 0 0 0 0 0 0 0 0 0 0 0 0
0 23 0 0 0 0 0 0 9 0 0 0 0 90 21 0 66 0 54 0 45 0 0 0 0 0 0 0 0 23
0 0 0 0 0 0 31 0 0 0 0 27 0 0 76 0 0 0 0 0 69 0 0 0 0 0 0 0 0 0
0 0 52 55 0 72 0 0 38 0 0 90 0 12 0 66 67 26 0 0 0 0 2 0 0 0 0 0 0 0
0 0 0 0 22 0 0 0 0 0 41 0 0 48 0 0 0 0 0 0 61 31 0 0 0 0 10 0 0 35
9 0 0 0 49 0 0 0 0 0 0 0 0 0 0 0 0 0 0 0 0 0 0 63 81 0 0 0 0 0
0 0 0 0 0 0 0 0 0 72 0 0 0 12 0 0 0 68 0 0 0 68 0 0 0 0 69 0 84 0
0 0 0 76 0 0 0 0 47 0 0 0 0 4 0 88 0 0 0 0 71 0 0 0 51 0 0 0 0 0
0 0 16 0 0 0 0 0 0 0 0 0 0 0 0 0 0 0 23 0 0 0 0 37 0 0 0 0 28 0
0 0 0 0 94 0 0 0 96 0 0 0 0 0 0 0 0 0 0 0 0 0 0 0 0 8 0 0 0 0
0 0 0 38 0 4 0 0 0 0 0 0 50 0 0 0 0 13 0 78 0 0 0 0 0 0 96 87 0 0
0 0 0 0 0 0 0 0 55 0 0 0 0 0 0 0 0 0 0 0 0 0 0 6 0 47 96 0 0 0
0 0 0 0 0 0 54 0 73 94 16 0 0 0 0 0 0 0 0 0 0 44 0 0 0 0 0 0 0 0
0 0 0 0 92 0 0 80 24 0 0 0 59 79 0 0 0 0 0 0 0 0 7 0 0 92 0 0 12 0
0 0 0 98 0 0 0 92 98 0 0 0 0 89 0 0 0 0 99 0 0 0 0 66 18 0 0 0 0 0
0 0 0 0 0 0 46 0 0 0 0 0 0 33 0 0 0 0 0 0 0 0 70 0 0 0 0 29 0 80
0 0 0 0 0 0 0 5 85 0 0 19 0 0 3 15 0 0 0 0 42 0 0 28 42 0 40 56 0 0
0 0 0 0 0 0 69 0 67 39 16 17 0 0 82 0 0 0 0 0 0 0 0 0 0 1 0 0 0 0
0 0 0 0 86 0 0 0 0 0 0 0 0 0 88 0 0 98 0 56 0 0 0 7 0 0 0 0 0 0
0 0 0 0 0 49 0 0 82 0 0 0 65 2 0 0 0 0 45 75 5 0 0 0 0 0 8 92 0 20
0 0 0 0 0 0 0 0 0 80 40 0 0 0 0 0 0 0 0 0 0 0 0 0 0 0 0 0 0 0
0 33 74 0 0 0 0 0 0 0 0 0 0 0 0 0 0 0 0 0 0 0 0 0 0 0 0 0 0 0
0 0 0 0 0 0 0 21 0 0 0 77 0 0 0 85 0 0 56 0 0 0 0 0 76 0 0 0 0 0
50 1 0 0 0 0 0 90 0 0 82 0 0 79 12 0 0 0 0 49 0 0 0 0 0 0 0 37 0 0
