0 0 0 0 0 0 0 0 0 0 88 0 0 0 0 0 0 84 0 0
71 38 0 0 93 0 60 0 0 0 0 0 0 0 25 91 0 0 0 56
0 0 0 65 0 0 0 9 74 0 19 0 77 0 0 0 25 0 0 0
0 12 0 0 0 0 0 0 0 89 0 0 0 0 0 53 0 0 0 0
0 0 0 0 0 0 0 0 0 0 0 0 0 0 51 0 0 75 14 0
0 0 0 0 0 0 0 0 0 0 63 0 0 20 0 0 0 0 0 0
2 0 24 0 65 55 99 0 0 99 47 0 97 0 68 0 22 0 33 0
0 0 0 62 0 0 0 0 0 0 0 0 77 0 0 0 0 19 0 0
0 0 0 0 0 0 0 0 0 0 22 0 0 0 30 8 0 0 0 0
0 0 0 0 0 0 15 0 94 0 0 23 0 0 0 0 0 0 0 0
44 0 90 0 0 0 0 0 0 0 0 0 0 0 0 0 0 93 0 92
0 0 75 0 0 0 0 0 16 0 0 48 0 0 0 0 0 0 66 88
25 82 0 82 26 0 0 0 0 0 76 0 0 0 55 0 0 0 0 0
99 0 0 0 0 37 0 58 0 0 0 0 98 0 0 54 0 0 0 0
0 82 0 0 98 58 0 0 32 0 0 0 0 97 92 0 0 0 0 0
0 0 0 56 0 92 0 0 84 0 0 0 0 0 0 0 49 36 90 0
0 65 0 0 0 0 0 0 0 0 0 0 0 0 0 25 0 0 16 21
0 0 0 0 68 0 0 0 0 0 0 0 0 66 0 0 0 0 0 0
0 0 0 0 0 0 0 0 0 0 0 0 0 0 0 0 0 0 0 0
3 0 0 0 0 0 0 0 0 0 52 0 0 0 0 88 0 0 0 0
0 0 0 40 0 45 0 0 0 14 0 0 0 0 0 98 0 0 5 85
74 0 14 0 0 24 1 89 0 82 0 0 0 0 0 46 0 0 0 88
0 57 0 0 0 0 0 0 81 0 0 0 0 30 28 0 0 68 0 81
0 0 0 0 0 0 0 0 0 0 0 0 0 17 0 0 0 0 0 0
0 0 0 0 0 0 0 0 0 0 0 0 0 0 0 0 0 0 0 0
0 18 10 0 73 0 0 0 0 0 0 0 0 0 0 0 0 0 82 0
0 0 0 0 0 2 20 0 0 0 0 0 18 0 0 0 0 69 0 0
0 0 61 0 0 0 56 0 0 0 0 0 0 0 0 0 0 0 0 0
56 0 0 0 6 0 0 0 0 0 0 0 0 0 0 0 0 0 0 0
0 0 0 0 0 0 0 0 0 0 0 0 0 0 19 0 35 0 0 0
