12 71 0 0 91 0 0 0 0 0 0 0 83 42 0 0 80 92 0 0
0 71 0 1 0 0 0 0 77 16 2 0 94 0 0 18 0 67 0 70
0 0 20 0 87 0 95 0 0 71 0 0 0 0 0 0 0 78 0 0
1 74 0 0 0 0 0 0 0 59 0 0 0 0 0 0 0 0 0 0
0 0 0 0 0 5 0 0 0 0 0 0 0 0 0 0 0 0 0 9
56 98 0 29 0 0 0 6 0 0 58 0 36 8 0 0 0 0 0 69
67 37 0 0 54 0 82 0 0 0 66 0 0 47 0 76 25 48 0 0
0 0 0 0 60 0 0 0 0 0 0 0 47 0 54 0 0 0 0 81
0 0 62 0 0 0 8 0 0 0 76 0 32 17 94 26 0 0 0 79
0 0 35 0 0 94 52 70 33 53 0 0 0 35 0 56 0 0 0 0
0 0 0 7 0 1 0 0 82 0 73 0 0 0 0 41 40 0 0 0
0 0 0 0 0 0 8 0 65 24 86 11 0 47 0 0 41 0 0 0
32 24 70 0 17 0 0 0 68 0 0 97 0 0 89 0 0 7 0 0
23 0 82 0 90 50 1 87 39 58 24 50 0 17 44 19 68 0 0 0
0 48 0 0 0 0 0 51 63 36 72 0 0 0 0 94 0 14 0 0
0 0 79 0 0 76 0 8 0 32 0 0 0 0 8 11 47 0 0 0
0 22 54 0 54 0 0 0 29 0 0 0 0 0 0 29 0 0 1 97
78 0 92 0 0 0 0 54 90 0 31 0 0 0 0 0 0 0 0 0
0 0 61 0 0 45 46 0 0 76 0 0 0 0 0 63 0 32 0 0
46 0 0 0 0 0 53 0 0 0 11 0 0 0 0 0 0 81 0 0
