0 0 0 76 0 0 70 0 27 0 81 0 0 0 0 0 0 0 0 0 0 41 0 64 17 4 0 0 0 4 0 21 0 0 0 50 0 0 48 0 0 42 0 0 0 0 0 0 0 0
0 0 0 0 0 0 0 0 0 0 0 7 88 93 0 0 0 84 0 0 0 0 28 0 0 0 0 20 0 0 0 0 65 0 0 18 0 0 0 50 87 0 0 0 0 6 0 0 0 0
0 0 0 0 0 76 0 0 47 69 56 0 0 18 0 0 0 0 0 0 0 0 0 0 0 73 0 94 54 27 0 0 0 44 0 0 0 0 3 32 0 0 0 29 0 65 10 25 68 36
0 0 88 0 0 19 0 57 86 6 0 0 0 0 0 0 0 0 0 0 0 4 60 0 22 0 0 0 73 0 0 25 5 0 0 0 0 0 0 0 69 0 0 45 0 55 0 0 0 0
12 0 66 0 0 33 0 0 44 0 0 68 0 0 89 0 1 0 74 22 74 30 0 53 0 0 0 0 45 0 0 0 0 3 0 2 20 0 68 0 0 0 0 0 0 0 0 13 53 0
91 0 0 0 0 0 89 0 66 60 18 78 0 0 0 0 4 0 19 0 0 0 0 0 0 0 0 0 0 0 7 0 0 0 0 95 0 59 0 0 81 0 49 0 0 24 73 0 92 0
0 0 0 0 0 85 0 0 0 0 0 0 85 4 60 0 0 92 0 17 0 0 0 0 0 0 0 21 0 24 14 0 0 94 0 0 0 76 57 0 0 0 0 0 32 84 0 0 83 0
0 25 61 81 0 0 0 61 0 73 0 0 0 16 0 0 0 57 0 0 0 0 0 79 0 0 0 0 0 91 0 4 67 28 0 57 0 0 0 0 16 0 0 89 10 56 0 0 72 29
47 0 0 36 0 0 0 0 0 0 88 14 0 0 33 0 0 0 0 0 0 0 0 18 0 0 0 0 0 0 0 0 20 0 0 0 93 83 89 0 58 0 0 25 71 0 50 0 0 0
88 91 0 99 0 0 0 0 0 98 0 0 0 0 0 0 0 77 0 0 0 0 80 99 25 0 0 22 87 0 0 0 60 0 99 43 29 3 4 0 0 0 0 0 0 0 0 0 0 33
20 0 0 28 0 0 0 0 0 64 0 17 0 62 33 0 0 0 20 0 0 85 0 0 0 71 31 83 0 0 0 0 0 0 0 0 46 0 34 0 0 0 0 0 0 0 70 0 0 33
6 0 0 0 49 0 91 0 33 0 88 37 0 0 0 0 13 0 0 0 20 0 0 0 0 47 0 0 57 0 0 10 0 0 0 0 0 0 0 0 0 0 11 0 0 0 0 19 0 0
0 0 11 6 2 0 0 16 0 0 63 0 0 0 0 0 0 0 0 0 0 0 42 55 0 0 0 78 0 0 35 0 0 44 0 63 52 0 0 72 95 0 0 60 98 40 0 0 0 15
0 0 0 0 0 54 52 0 0 0 23 0 0 0 0 0 0 27 0 0 0 0 0 61 0 0 0 16 33 0 0 27 0 0 0 24 28 0 0 0 44 0 11 0 97 0 0 0 0 78
34 0 0 59 0 0 0 0 0 30 62 0 0 0 69 0 0 0 0 73 0 0 0 0 26 0 30 0 0 0 0 0 81 0 0 0 63 0 0 0 0 0 48 43 0 0 0 6 0 95
0 0 0 0 0 30 32 0 0 34 0 0 0 0 0 93 0 0 0 0 0 0 0 90 0 0 67 0 95 0 0 92 52 0 0 0 0 65 0 0 0 0 0 0 0 0 2 99 0 0
0 19 0 0 84 0 0 0 31 8 0 38 0 67 0 0 0 11 6 0 88 21 40 31 0 52 0 0 91 38 0 0 0 24 0 75 0 63 95 0 0 0 39 36 0 0 51 0 0 3
0 1 0 0 0 0 0 57 0 0 0 0 0 71 0 0 71 29 0 17 75 0 0 0 0 0 0 0 60 0 1 0 75 50 22 0 0 41 46 0 0 0 0 0 17 36 0 0 0 31
0 0 32 0 32 80 0 0 0 0 99 0 51 51 0 0 62 0 0 0 15 80 0 0 0 70 83 0 0 0 70 21 0 6 34 26 0 0 0 0 19 47 0 66 0 0 0 0 0 0
0 0 0 36 0 0 0 0 65 0 0 0 0 99 18 0 35 73 2 55 83 0 99 1 21 0 0 0 0 0 0 0 30 0 0 0 0 0 0 25 0 60 26 0 0 0 0 0 0 0
0 0 0 0 0 0 0 47 61 0 0 87 96 87 0 0 62 49 32 0 0 11 0 0 0 0 0 0 0 67 0 24 0 0 0 52 0 28 0 0 0 0 0 0 0 11 0 0 21 0
0 0 0 0 19 0 40 0 37 79 34 98 0 0 0 0 0 0 77 0 1 0 0 0 0 37 0 0 0 0 7 0 84 0 38 0 90 17 94 83 0 0 0 43 88 0 0 0 0 0
0 0 0 0 0 0 0 54 0 24 0 0 0 0 96 0 0 0 0 0 0 73 48 9 0 0 0 0 0 0 0 50 0 0 93 0 62 0 0 79 0 55 0 86 0 0 23 74 0 2
0 0 55 0 0 0 32 0 55 0 6 47 0 97 0 0 0 0 13 97 39 0 39 0 0 16 0 56 95 0 45 0 86 0 0 0 0 47 0 80 0 4 0 0 64 29 0 0 0 0
27 0 0 41 0 16 22 39 0 0 0 0 0 20 0 0 0 0 47 83 97 0 0 27 0 43 95 60 0 0 0 0 0 0 0 71 0 38 0 0 0 0 0 41 0 0 0 34 43 0
14 83 0 60 0 19 0 0 0 0 19 0 0 0 0 0 0 0 0 0 0 93 0 0 34 0 54 2 0 1 0 8 0 4 11 0 0 81 0 0 82 78 0 0 77 78 0 0 57 0
73 0 0 0 56 0 0 0 0 65 0 0 0 80 0 86 0 70 0 64 0 0 0 0 0 64 0 0 18 30 0 0 50 76 0 68 0 0 42 0 35 20 0 0 0 0 0 0 0 0
0 0 51 0 0 0 0 35 0 0 0 0 0 0 0 68 43 0 0 52 0 0 0 0 0 18 2 0 0 24 0 0 0 0 37 0 23 0 0 0 0 26 0 0 0 33 0 0 19 35
53 0 0 0 14 0 0 0 0 0 0 0 42 76 15 0 0 16 49 89 0 0 0 0 0 70 0 0 0 0 80 24 63 0 0 0 0 67 50 59 96 94 0 0 92 0 0 0 0 41
0 0 57 38 72 81 0 88 88 0 6 0 19 22 84 32 0 62 0 0 0 70 0 0 0 0 0 0 0 0 0 46 0 13 4 16 0 63 0 45 0 84 0 0 0 0 37 0 0 0
0 0 0 0 86 0 15 0 0 43 0 0 0 0 66 5 0 17 37 0 0 0 60 0 0 0 0 9 11 0 0 0 0 95 0 0 0 0 0 0 0 0 0 74 23 0 0 94 0 0
0 0 0 0 73 0 0 0 0 43 0 18 30 83 64 88 6 0 97 50 0 0 0 0 42 0 0 0 0 21 0 0 0 54 5 0 0 0 0 3 0 4 99 0 94 0 0 95 0 0
0 40 0 0 0 0 32 19 0 66 87 0 0 33 0 0 0 98 0 0 0 0 46 0 0 0 0 26 36 0 0 0 15 0 0 0 0 0 83 0 0 0 11 30 7 0 0 0 89 0
0 0 0 0 0 0 0 0 0 0 0 94 16 0 0 0 0 19 0 77 9 64 0 0 75 70 0 0 0 0 0 26 54 0 0 0 81 0 34 0 0 0 0 0 8 0 0 0 5 0
39 0 0 0 0 0 0 72 0 0 21 0 0 95 65 0 22 0 48 0 5 0 0 0 83 0 15 76 47 0 0 33 59 0 16 0 0 0 53 0 24 0 0 0 72 0 87 92 0 0
0 32 0 0 0 0 52 0 0 63 0 0 0 0 0 0 0 0 0 0 0 0 56 62 76 0 0 86 0 0 0 73 0 0 56 0 0 0 0 76 0 0 0 0 0 14 0 0 0 0
0 95 0 0 8 0 0 0 0 87 0 0 48 0 0 0 0 0 0 71 0 0 0 28 0 0 0 24 0 0 0 54 45 91 28 0 0 0 91 0 0 0 0 0 0 68 0 46 0 0
20 2 0 36 0 0 0 5 0 25 25 0 0 0 51 0 63 0 0 0 0 0 0 61 0 0 0 72 0 0 0 82 53 0 0 93 0 24 0 0 0 0 0 0 0 0 0 0 0 0
0 0 0 20 0 0 0 54 0 0 0 0 99 98 57 69 0 0 29 0 0 0 0 27 72 90 78 0 21 34 0 37 0 0 15 0 0 82 0 0 0 74 0 45 0 0 0 0 90 0
0 0 45 84 0 0 26 0 71 0 40 2 83 0 0 96 0 35 0 0 36 0 82 0 85 15 0 80 0 0 0 0 0 70 0 0 0 0 0 0 0 63 0 0 0 29 14 0 45 0
41 77 0 45 0 0 0 0 0 0 0 97 48 96 0 9 60 8 0 0 0 0 15 86 0 27 70 0 0 0 0 0 0 18 0 0 0 0 0 88 36 95 0 60 0 0 0 0 0 52
0 0 0 97 57 0 23 65 0 0 0 42 35 0 10 0 90 0 30 98 0 0 0 0 38 0 0 0 0 0 86 0 72 0 25 11 4 5 97 0 0 0 0 63 96 0 0 0 85 0
13 0 66 0 0 0 0 0 49 73 9 38 0 0 94 0 36 41 2 0 26 0 0 0 0 0 0 0 16 0 4 0 0 0 13 66 0 0 48 0 0 0 0 0 0 0 0 0 0 0
0 0 0 0 95 0 18 6 0 0 0 0 0 0 18 0 91 0 0 0 0 0 0 41 0 0 40 0 98 0 54 11 6 0 0 55 0 0 52 0 0 0 65 6 0 0 11 0 32 0
0 0 74 0 0 0 0 0 0 0 96 0 91 0 0 0 66 0 82 70 0 75 19 50 0 0 0 9 0 57 20 0 82 35 0 0 0 61 0 82 0 81 0 0 0 0 0 32 0 0
48 57 83 0 60 0 94 0 87 0 0 0 0 0 52 0 41 0 0 85 0 56 83 74 99 0 0 0 0 0 37 0 0 0 0 23 41 0 55 14 0 0 52 0 0 0 0 0 12 22
0 58 0 0 0 0 0 63 0 0 0 0 0 1 0 0 0 0 0 81 36 0 0 30 86 0 70 27 19 0 96 0 0 0 0 0 0 0 0 0 0 0 89 0 0 0 76 0 0 0
0 2 0 0 50 0 80 0 87 0 0 0 93 0 76 18 0 0 0 0 0 0 21 0 51 0 0 0 0 0 53 46 20 0 0 0 0 0 27 0 53 20 0 74 29 0 53 0 0 0
0 35 0 0 67 35 51 0 0 0 0 2 66 0 0 0 0 0 0 96 0 15 0 0 0 96 0 0 6 94 0 0 4 61 34 0 0 0 0 14 12 0 0 0 0 0 0 0 0 0
0 0 0 82 0 0 27 0 0 0 0 0 0 0 0 0 0 0 0 0 0 0 86 0 0 60 0 0 0 0 76 0 0 0 41 75 91 0 14 0 29 0 0 46 0 0 48 15 0 0
