0 37 0 24 0 56 0 0 68 0
0 0 41 0 0 0 0 0 0 27
16 0 73 0 0 0 91 0 0 0
0 4 0 0 0 0 0 70 0 0
0 0 0 17 0 62 0 0 0 0
0 0 0 27 57 0 0 0 0 99
0 52 0 0 0 0 0 0 73 0
0 0 0 27 12 0 0 0 0 0
0 0 0 0 0 61 0 0 0 0
0 61 0 0 0 28 50 0 85 0
0 88 0 0 0 0 26 0 0 0
0 0 0 0 0 37 0 63 0 0
0 66 0 29 18 0 0 96 0 57
0 0 56 0 0 97 0 0 5 75
9 0 0 0 0 0 0 92 0 0
28 0 0 0 16 83 0 0 79 0
0 11 0 0 75 87 5 0 2 0
0 0 0 18 0 0 0 0 0 0
50 32 0 0 0 0 26 0 51 0
0 0 0 0 77 97 0 0 0 0
0 0 0 0 0 0 68 52 0 61
0 89 0 0 0 43 0 0 56 0
85 0 0 0 0 0 0 0 0 0
0 0 0 0 0 0 86 9 79 7
0 0 0 0 54 0 0 37 67 75
0 0 0 0 0 0 0 0 0 20
0 0 0 75 0 0 0 0 0 68
70 0 0 0 0 0 0 0 0 0
0 72 0 0 23 0 0 0 60 0
0 54 0 11 0 0 0 14 34 0
0 0 72 0 0 50 0 0 0 0
59 0 61 0 0 0 93 0 0 0
0 0 0 0 0 0 0 0 0 19
34 0 0 0 0 0 0 0 0 0
40 0 53 0 0 0 0 0 0 0
0 0 0 0 0 0 0 0 0 0
0 0 39 0 64 14 0 0 0 0
0 68 0 0 0 11 0 0 0 0
0 36 0 0 0 0 0 50 0 0
55 57 0 0 0 0 0 0 0 0
