47 63 25 60 80 0 0 15 0 0 0 88 14 81 97 0 0 0 0 34 0 0 0 54 54 93 0 49 0 0 29 0 0 6 38 0 34 0 92 54 93 0 48 0 0 0 0 0 0 4
64 93 0 60 0 0 0 41 37 0 59 72 0 0 0 0 0 0 0 0 0 60 48 91 0 69 46 99 0 0 0 0 0 0 0 88 78 0 0 0 0 0 0 0 0 0 0 0 15 0
0 0 27 0 0 0 0 0 0 0 0 0 0 0 34 0 11 0 62 0 0 0 66 0 0 0 0 58 0 0 0 0 0 0 0 0 61 34 82 0 40 30 0 0 0 0 0 13 0 0
0 84 80 0 0 0 14 0 0 0 95 0 72 0 3 0 0 0 85 0 0 93 57 59 75 0 91 53 0 0 3 82 36 0 0 59 43 0 59 0 0 0 0 99 73 0 0 46 0 60
0 0 0 89 15 0 41 96 34 0 8 0 0 0 24 0 0 0 0 0 63 0 0 0 45 0 73 0 0 0 89 0 2 20 47 0 0 7 1 0 0 0 0 0 0 0 0 0 0 12
0 0 0 71 0 0 59 0 0 26 53 54 0 67 62 0 57 55 0 0 0 0 90 57 11 0 0 0 23 0 0 0 0 0 48 0 0 52 29 0 0 0 0 0 52 0 0 0 0 0
0 0 0 0 22 0 0 77 22 40 0 0 0 51 0 42 77 0 54 0 0 0 0 0 91 33 0 0 0 0 0 0 6 0 0 0 0 0 73 0 2 0 74 92 0 0 0 0 69 56
0 45 62 0 0 0 0 0 0 28 0 0 0 14 0 68 0 0 0 0 26 50 0 0 0 8 0 0 49 24 0 0 19 0 0 0 19 72 0 0 75 0 0 18 81 0 0 0 0 0
0 0 0 73 0 35 0 54 0 51 0 0 15 81 85 0 3 21 82 0 0 0 0 10 0 0 0 0 0 0 0 43 0 0 0 47 0 95 21 15 0 0 0 0 0 0 0 0 0 0
0 9 0 1 0 0 82 0 0 0 0 75 42 0 0 29 95 0 0 5 61 47 0 51 77 0 38 5 0 0 0 37 0 20 0 90 0 0 29 0 53 0 0 61 0 0 0 0 94 0
0 44 1 0 76 0 35 60 0 0 0 0 0 0 0 91 0 94 0 0 0 91 0 0 69 0 0 0 0 0 79 45 0 0 0 0 0 52 84 50 0 0 20 97 0 0 0 0 31 0
0 0 0 18 0 0 0 0 0 0 0 59 0 1 0 51 0 0 0 78 75 77 0 0 0 0 99 0 22 40 56 61 88 0 62 0 92 0 0 0 0 9 89 62 0 0 0 91 0 0
85 0 26 25 0 0 0 0 0 0 0 0 0 53 13 0 0 30 43 0 0 0 0 0 0 0 0 0 50 0 0 42 0 14 0 0 0 0 0 0 0 0 44 0 41 0 0 0 0 0
0 93 0 60 98 83 0 0 0 0 0 17 0 0 54 0 0 0 0 0 0 0 0 0 88 0 0 0 0 0 0 0 0 0 0 77 0 0 0 0 88 0 68 68 0 0 0 0 72 0
0 0 0 0 0 0 19 0 0 0 0 0 2 0 0 0 0 78 0 95 0 84 75 0 0 0 0 25 0 0 41 0 0 0 61 0 87 0 76 0 0 0 71 74 0 0 0 42 0 0
0 0 0 0 49 66 73 0 76 45 9 57 0 0 0 0 0 0 0 25 12 0 0 0 0 22 0 0 0 0 0 0 0 25 34 25 0 19 0 1 0 30 0 0 75 0 0 94 0 0
0 0 0 0 38 0 0 0 0 86 0 0 51 96 0 30 12 0 37 43 0 0 45 0 0 0 0 0 12 0 0 0 0 0 0 0 0 0 0 57 47 78 0 3 0 0 0 0 65 0
0 0 0 0 17 0 0 0 0 58 75 0 23 24 0 0 56 2 0 1 40 0 0 0 85 0 29 0 0 0 0 0 0 0 0 0 0 0 0 0 0 91 0 0 0 0 0 0 0 45
0 0 0 0 33 0 0 0 9 85 0 88 0 0 62 0 0 0 0 0 0 88 0 97 0 0 0 0 0 0 0 5 17 0 0 50 0 12 0 8 99 0 0 0 52 60 33 0 0 0
0 15 0 82 0 0 0 0 1 0 0 0 0 0 0 0 0 0 66 10 0 6 0 0 0 0 1 98 0 40 20 0 0 0 0 0 27 0 0 7 98 0 73 0 34 0 0 0 0 0
