0 0 4 0 10 0 0 0 0 85 0 79 88 81 0 0 0 0 0 99
93 92 0 0 0 0 0 23 0 0 0 0 0 0 92 0 0 0 92 56
0 0 0 0 0 0 0 0 39 0 57 0 0 46 0 0 0 51 0 0
0 0 0 0 0 0 0 0 0 0 16 0 0 0 0 59 0 0 0 0
0 0 98 0 9 0 0 0 3 0 0 0 0 0 71 52 0 86 0 0
39 0 0 0 0 0 0 0 0 99 0 15 0 64 0 0 0 20 0 0
0 51 53 5 80 60 0 0 0 0 46 0 33 0 0 48 72 33 0 0
0 0 0 26 0 0 78 0 35 41 0 0 0 0 0 0 0 94 61 0
0 0 27 87 0 0 0 0 0 0 60 0 0 0 0 0 33 0 0 0
0 0 0 63 0 0 0 53 85 0 23 0 13 0 69 0 0 0 0 0
0 0 0 0 0 0 0 0 0 0 0 79 0 0 0 0 0 0 0 0
0 0 0 0 0 0 0 0 0 0 0 0 0 94 0 0 0 5 0 0
0 0 95 0 0 0 5 32 0 32 0 0 0 0 0 15 0 91 0 0
0 0 43 0 64 0 0 0 0 0 0 11 0 5 0 0 0 0 45 0
0 0 0 41 59 0 0 0 0 0 0 0 0 0 0 0 0 48 98 0
0 0 0 0 91 0 0 21 0 0 0 19 0 95 0 0 0 0 0 0
88 0 54 69 0 0 0 0 0 0 0 0 0 0 45 0 0 0 0 0
0 0 0 0 0 0 0 0 0 0 0 0 0 0 0 45 0 57 79 77
0 92 0 31 0 0 0 0 78 0 0 0 0 0 0 0 0 0 0 0
0 0 0 0 41 0 96 0 0 0 0 0 0 0 0 0 0 0 0 0
0 0 0 0 34 0 0 0 87 0 71 0 0 0 0 0 0 0 0 0
29 0 52 0 40 66 0 0 0 0 0 0 0 0 45 0 0 0 0 94
0 0 0 0 0 19 0 0 76 0 0 0 0 0 0 72 0 0 0 0
0 0 0 0 0 0 40 40 0 0 0 0 65 0 0 0 0 0 0 6
0 0 83 49 0 0 0 0 58 0 0 0 0 68 0 0 62 0 0 0
0 0 27 21 0 0 41 0 0 0 0 25 0 36 15 0 0 7 0 0
0 0 0 0 95 88 0 23 0 0 0 0 69 0 0 54 41 86 0 0
9 52 0 0 0 0 0 0 0 79 0 95 0 71 0 0 0 62 37 49
0 0 0 0 0 0 0 83 19 0 0 0 0 63 0 0 0 75 0 0
0 0 0 0 0 0 0 0 0 0 0 60 0 0 1 80 55 53 20 3
0 0 66 48 0 0 0 95 0 0 94 0 0 0 0 53 0 0 0 0
64 4 0 33 0 0 0 0 0 0 0 0 0 0 0 0 0 4 0 0
0 0 0 0 0 0 0 0 0 0 88 0 0 0 0 0 0 0 61 0
0 0 26 72 0 0 0 17 6 0 9 5 8 0 80 0 0 0 0 66
25 0 25 0 15 0 0 0 64 0 0 42 21 0 0 0 0 0 0 6
0 0 24 32 18 0 0 2 0 68 0 0 44 70 0 55 0 0 0 0
0 0 0 36 65 0 0 0 16 56 0 0 0 35 0 0 0 0 0 0
0 0 0 60 0 0 0 78 54 0 0 11 0 0 22 3 0 0 0 0
17 0 49 0 0 0 0 0 65 0 0 0 0 0 0 14 0 0 0 74
0 0 0 0 0 0 0 64 0 0 0 58 0 0 43 0 14 0 0 0
0 0 0 0 0 0 0 0 38 0 0 0 0 0 0 42 0 0 97 73
0 0 0 83 0 0 0 0 0 79 0 0 0 0 0 0 0 43 0 0
81 3 0 16 0 0 0 26 0 0 0 0 0 0 0 0 33 0 0 0
0 0 90 0 0 0 0 0 40 0 0 0 0 0 0 0 89 84 0 0
0 0 81 0 80 0 0 0 0 0 13 85 0 0 66 0 0 20 0 0
18 1 0 61 64 0 0 0 0 25 0 36 0 0 80 0 0 0 0 0
58 0 0 0 0 0 24 0 0 0 0 0 0 89 0 57 0 0 0 0
97 0 0 0 0 0 0 81 0 0 0 0 0 0 0 0 0 3 0 0
4 74 85 0 0 0 0 0 0 0 0 0 0 45 0 66 0 91 15 0
0 0 96 0 21 0 12 0 0 0 0 0 12 0 61 0 25 0 0 0
