0 36 68 74 70 0 50 0 0 0 0 0 0 0 0 0 0 0 0 0 0 5 0 45 0 72 37 68 44 95
0 0 0 0 0 99 0 0 50 41 96 0 0 0 53 86 0 0 0 4 0 46 75 0 0 0 0 0 13 0
29 0 0 19 0 0 0 10 0 0 0 56 0 17 89 0 0 20 78 79 0 0 0 0 0 0 0 0 0 0
0 0 0 0 92 0 0 0 0 0 0 0 97 0 0 0 30 0 2 0 0 0 69 0 0 61 43 0 0 91
0 0 27 22 0 13 0 0 0 0 0 0 55 92 37 0 0 78 0 0 24 0 17 39 0 28 5 0 0 5
10 0 43 51 0 0 0 0 0 0 33 3 0 0 35 0 0 0 0 93 81 0 2 6 17 21 8 0 0 0
0 38 17 0 0 0 0 0 8 0 52 0 7 0 0 0 0 0 51 6 0 0 0 0 50 21 0 0 0 0
0 0 0 0 0 0 0 0 0 0 0 0 0 0 68 0 0 75 3 0 0 0 47 0 94 86 0 26 0 0
0 0 10 19 11 0 6 0 59 0 0 0 0 0 0 24 0 0 46 84 0 0 0 0 0 0 0 0 22 54
42 0 0 0 0 29 0 44 0 0 99 0 0 0 30 30 0 47 27 0 0 0 69 0 0 0 0 0 54 0
0 0 0 0 3 0 0 22 0 67 32 76 0 0 0 0 0 0 0 0 46 0 60 0 0 0 0 80 0 12
0 66 0 0 0 0 0 48 36 0 47 64 53 0 0 0 0 0 0 0 0 0 20 44 0 13 0 0 0 0
52 25 0 0 89 52 0 0 0 0 0 0 0 0 0 70 0 0 23 19 0 0 0 0 0 0 0 88 0 83
13 0 98 25 0 0 0 0 0 0 0 0 51 87 49 19 0 27 2 0 97 0 0 0 0 0 0 0 3 12
50 0 0 0 2 38 0 14 0 0 24 78 0 0 0 0 28 50 31 0 0 0 2 0 0 82 0 0 0 0
0 0 69 0 0 0 0 0 0 0 69 0 0 0 22 0 64 0 54 31 0 0 0 0 0 0 65 0 0 0
0 47 79 70 0 87 0 0 38 0 18 0 0 97 0 0 0 22 0 71 0 52 84 0 95 0 0 0 0 10
0 0 30 0 0 0 0 78 24 0 82 21 0 0 54 57 6 0 0 34 19 0 0 0 0 30 0 0 81 0
0 5 0 11 0 0 0 12 94 0 12 25 0 0 0 0 0 0 0 0 0 0 0 69 0 0 56 0 0 55
32 0 34 0 0 0 0 0 0 0 52 0 0 0 0 0 0 45 0 0 0 0 0 0 22 0 0 0 0 0
0 0 0 0 24 86 18 66 0 0 99 0 0 0 0 5 24 64 83 0 0 0 0 0 0 0 16 0 0 0
0 0 0 0 0 37 0 0 0 0 41 0 0 0 0 0 0 47 0 0 0 27 0 0 0 0 0 45 27 0
0 0 0 0 0 0 90 0 0 44 88 0 54 0 0 73 94 0 0 73 0 0 0 0 0 0 0 0 75 73
0 0 0 0 58 0 0 3 0 0 0 0 20 32 46 0 40 91 77 0 3 0 0 20 0 0 46 0 28 0
12 0 34 0 47 0 0 0 0 0 73 0 0 0 0 0 25 0 0 98 0 0 0 0 0 56 9 0 35 0
0 1 0 0 77 0 0 0 0 42 0 79 0 0 54 16 0 1 0 0 0 0 0 31 26 0 3 0 0 0
0 0 0 0 42 0 46 85 41 0 0 0 97 0 0 0 0 0 7 0 0 0 0 89 62 8 42 90 98 0
72 0 80 0 0 57 0 0 0 0 98 54 0 0 0 0 0 0 0 11 0 0 42 0 0 0 0 0 0 0
41 0 0 87 34 0 22 0 0 0 54 0 12 93 0 0 0 70 0 0 0 0 0 9 0 0 48 0 0 0
0 75 30 0 0 65 0 18 72 0 0 0 0 36 0 0 0 27 0 0 88 0 0 22 0 68 0 0 0 6
