31 0 14 0 0 72 53 0 0 0 0 15 0 0 0 0 0 0 0 0 0 0 0 0 6 83 0 0 0 0 55 50 0 0 57 0 49 83 57 85
0 0 93 8 0 0 61 0 0 79 0 0 0 0 0 0 0 0 60 89 44 0 0 0 13 0 0 0 0 0 28 0 0 0 0 85 0 43 0 0
13 0 0 0 0 60 0 0 0 0 0 0 70 0 21 0 0 84 44 0 0 0 0 0 40 0 86 0 0 0 0 28 14 0 0 0 0 71 0 0
0 73 0 0 0 29 8 0 0 75 0 40 6 0 0 0 44 0 82 0 0 0 34 0 0 0 0 0 0 0 81 0 0 85 30 0 0 0 0 23
0 4 0 9 0 78 53 73 0 0 0 47 0 0 83 0 0 0 0 0 0 0 86 0 0 0 0 0 0 0 0 69 0 0 0 0 13 0 0 11
0 0 78 0 0 0 0 0 0 0 0 0 15 75 11 0 0 0 0 84 0 42 0 0 0 31 0 34 2 0 0 74 0 0 44 0 54 0 0 90
0 0 2 18 0 66 0 76 93 3 44 0 76 0 0 0 0 31 0 35 57 0 12 0 0 0 68 0 0 0 43 42 0 0 0 0 0 41 22 0
0 0 97 85 0 0 0 22 0 0 0 0 0 35 0 16 12 41 0 11 84 0 0 0 0 65 69 8 0 0 0 0 0 0 85 85 56 0 2 0
0 0 0 42 0 0 0 0 0 0 0 0 0 0 0 0 0 0 0 0 0 94 88 0 0 0 36 0 0 82 0 0 0 0 66 0 64 84 24 20
0 0 22 61 27 0 21 0 0 0 0 0 0 0 82 0 35 13 9 0 77 0 0 39 0 0 83 93 31 0 0 0 0 25 0 64 0 0 14 0
0 0 0 0 0 55 49 0 53 0 15 0 0 0 92 0 0 0 0 0 0 0 0 0 0 0 0 0 63 0 0 59 0 57 0 0 0 21 0 0
0 0 0 0 56 85 0 0 20 0 0 0 79 0 8 0 91 0 0 16 0 0 0 7 0 0 0 0 0 0 0 0 64 0 0 0 0 0 0 0
69 0 36 0 0 31 80 0 12 0 0 0 0 78 0 0 37 0 0 0 0 0 0 0 44 0 17 0 0 0 10 0 0 0 0 0 0 61 0 55
0 0 29 0 0 0 37 38 0 63 29 54 0 0 0 36 0 0 44 0 0 0 0 28 0 0 44 0 0 0 0 0 0 0 0 0 0 0 0 60
81 0 0 0 0 7 96 0 97 93 23 68 41 0 0 0 96 56 0 0 55 0 0 0 46 71 0 37 0 0 7 29 84 28 0 0 3 38 0 0
0 8 49 0 50 0 0 24 69 0 99 0 0 0 0 77 0 0 0 73 0 0 0 0 0 0 0 0 0 0 66 0 0 0 0 43 6 0 0 0
53 0 0 29 0 0 0 0 54 0 11 0 0 0 6 88 69 54 0 0 0 0 0 0 97 31 0 0 0 0 0 34 0 96 0 0 59 52 28 76
0 0 55 0 0 0 0 0 11 31 64 28 0 0 0 0 36 67 89 0 57 0 0 38 0 0 0 0 0 0 48 8 55 0 0 97 1 0 68 0
31 26 0 0 0 96 76 0 0 22 9 0 0 0 0 78 0 0 88 24 0 0 0 39 0 0 38 50 3 0 0 0 63 0 0 24 35 0 0 0
0 0 0 0 23 0 75 0 34 0 41 0 0 6 0 25 0 0 0 0 0 0 0 0 59 78 0 57 0 0 45 0 64 0 0 0 0 68 0 0
