0 0 0 0 0 0 87 0 0 0 42 0 0 0 84 25 82 0 0 0 10 17 13 91 0 0 35 0 0 0 63 0 95 51 0 54 92 0 83 0
0 0 0 0 0 0 90 0 0 98 0 0 0 0 39 0 76 0 91 0 68 0 0 0 0 5 0 0 0 28 0 0 0 7 0 0 0 91 8 0
0 0 0 0 62 0 0 34 0 0 0 0 0 46 0 0 0 0 0 0 0 99 0 26 0 0 0 65 0 0 0 0 57 0 0 0 0 63 0 0
14 0 0 0 79 0 0 0 58 0 0 0 0 0 0 0 0 47 0 0 0 0 71 0 0 0 0 0 0 0 62 0 0 0 0 0 0 0 0 0
0 0 0 0 0 0 0 99 86 0 0 0 0 0 0 0 5 12 0 0 87 0 0 0 0 0 0 0 0 0 29 0 0 0 22 0 0 75 0 0
10 0 87 0 0 0 0 0 88 0 0 0 8 0 8 59 0 0 34 0 0 0 0 15 0 0 38 0 0 0 0 0 0 61 0 0 0 0 0 0
0 0 58 0 0 0 0 67 0 16 0 0 0 0 21 0 0 54 0 0 0 0 0 0 0 0 0 0 34 67 29 0 0 51 0 0 0 0 0 0
92 80 0 57 0 0 0 0 0 61 4 31 0 0 0 0 0 0 0 0 0 0 0 69 0 0 0 0 0 0 0 0 0 0 0 0 0 50 0 0
54 0 0 0 46 0 0 0 87 0 0 0 73 0 0 0 0 0 0 0 0 95 0 0 0 67 0 0 0 0 76 0 0 0 0 0 0 0 0 0
92 0 0 0 0 0 0 0 0 0 96 75 0 0 0 0 85 3 0 5 0 0 0 6 0 90 0 22 78 0 0 13 0 0 70 0 0 0 0 0
97 0 0 0 0 0 0 90 71 0 0 0 0 4 0 84 0 0 0 0 0 0 0 0 0 0 0 0 87 0 51 0 53 0 47 0 0 29 0 0
6 0 0 0 0 0 54 0 3 0 0 24 0 15 0 0 0 0 0 6 0 65 0 0 11 89 0 0 0 0 97 23 68 0 0 0 0 0 0 0
0 26 0 0 0 95 0 87 0 0 0 0 0 0 0 0 67 0 0 0 0 0 0 0 0 55 0 0 0 80 0 67 0 7 0 0 0 0 0 25
0 0 0 0 33 0 39 70 0 0 0 98 0 0 0 73 11 0 0 0 47 0 48 0 0 0 88 68 0 0 44 0 0 0 47 0 0 45 0 16
0 0 40 0 0 20 65 0 86 0 0 0 0 0 0 0 0 0 0 0 77 0 0 57 0 0 76 0 0 0 0 0 0 19 0 0 0 0 0 0
0 36 0 0 0 0 6 0 0 61 96 0 0 0 0 0 0 0 0 0 52 0 0 52 99 77 53 0 0 0 0 0 0 5 0 0 0 65 63 0
0 79 0 0 0 0 54 0 0 0 86 0 0 34 0 0 0 0 32 0 0 0 36 60 0 40 0 2 62 50 0 70 93 0 74 0 9 0 66 0
0 0 0 0 0 0 62 11 89 0 0 0 0 14 96 96 96 0 0 0 0 49 0 72 0 0 0 0 0 0 0 0 0 0 0 0 33 0 0 5
37 0 65 0 0 0 81 46 0 0 0 0 0 0 0 0 0 0 0 24 0 0 0 72 0 33 0 0 0 56 0 0 15 0 77 94 0 0 0 0
0 95 0 0 0 0 72 0 99 0 0 0 0 0 0 31 0 0 0 0 0 0 46 0 10 0 0 0 0 94 0 0 0 0 75 4 79 98 80 0
4 0 0 74 23 99 47 0 0 0 0 0 0 0 0 0 0 0 0 0 0 0 0 0 0 0 0 0 0 0 0 18 0 0 0 0 0 4 0 0
0 0 72 0 80 11 7 0 0 53 0 0 0 0 0 0 0 0 46 0 0 0 0 0 45 0 0 0 0 0 0 44 0 53 0 50 0 66 0 92
37 0 0 0 0 20 0 0 0 0 0 0 0 0 0 17 0 0 0 0 0 0 57 0 0 54 0 0 0 50 91 0 50 62 81 0 18 0 87 81
0 0 0 0 0 0 0 0 0 0 15 0 0 0 91 4 0 73 0 0 0 0 0 48 0 0 0 0 0 0 0 0 0 3 0 0 0 0 0 0
0 61 92 0 0 0 53 29 66 0 95 0 46 0 0 0 47 38 0 0 21 0 3 0 0 0 81 73 0 0 0 0 0 0 52 38 95 14 0 96
0 0 0 0 0 0 0 0 0 0 0 0 0 0 0 0 0 68 0 0 7 0 0 0 0 56 0 0 0 0 89 0 0 0 58 0 0 0 0 0
0 0 0 0 0 0 66 97 0 0 0 0 0 0 0 84 0 0 99 0 0 0 0 97 32 0 0 41 66 0 0 0 61 0 0 0 0 0 0 0
0 0 0 0 0 0 0 0 0 0 60 0 0 0 0 0 0 0 0 0 0 0 0 0 0 0 0 0 66 0 0 0 0 0 0 0 27 0 0 0
0 30 62 94 0 0 0 0 0 0 0 0 0 0 0 0 0 0 0 0 87 0 0 0 52 0 28 57 0 0 0 0 0 0 47 7 0 0 80 0
0 19 18 79 0 0 0 15 53 8 0 0 42 0 0 0 18 0 0 0 0 0 0 0 0 0 0 0 0 43 0 0 0 0 0 57 41 49 0 0
0 0 0 0 0 0 27 0 0 0 58 0 0 0 97 38 42 0 0 37 0 0 0 0 0 0 0 0 0 0 0 0 21 0 78 0 0 0 0 0
0 0 0 0 0 0 60 0 0 0 0 0 40 0 0 0 0 0 0 0 0 0 0 8 0 0 14 0 0 0 48 78 0 0 0 0 71 0 0 94
0 0 0 0 0 0 0 0 0 0 0 81 0 38 0 0 0 0 96 0 0 0 0 0 0 52 44 0 0 93 0 0 0 0 0 0 0 0 0 0
21 0 84 0 95 73 0 0 0 0 42 0 46 0 0 0 0 0 0 0 26 0 74 0 0 64 0 0 0 0 0 50 0 0 0 0 0 0 0 0
70 0 0 21 0 0 0 62 0 0 14 0 0 0 67 0 0 33 0 61 0 0 39 0 0 15 22 0 6 0 21 0 78 0 13 0 0 0 0 0
0 0 0 18 0 0 0 0 0 0 0 0 89 0 0 57 0 0 0 0 0 0 0 0 0 0 0 38 0 43 0 0 0 0 68 0 0 37 64 0
0 17 0 0 0 0 0 0 0 28 0 0 0 0 0 0 0 0 0 59 0 0 0 0 0 0 0 0 0 37 94 0 0 0 79 0 0 0 0 0
0 0 0 0 0 0 0 0 0 0 44 76 0 0 0 0 51 0 0 0 0 0 0 0 0 0 87 0 0 0 0 0 6 0 0 0 0 0 0 0
0 0 0 1 86 27 0 93 0 0 0 99 0 0 0 0 95 23 0 0 0 0 0 0 0 0 0 0 0 75 0 0 0 0 0 49 45 0 0 0
0 54 17 0 83 52 66 0 51 0 0 0 3 0 1 0 0 0 0 32 0 0 0 0 31 14 0 0 38 35 0 0 86 52 0 0 0 0 0 75
