0 0 0 36 0 0 0 0 0 0 0 55 0 0 0 0 88 86 26 12 0 0 70 3 14 0 46 0 0 0
0 0 0 44 0 4 78 0 0 0 96 93 0 59 82 35 0 71 0 0 0 0 0 89 0 50 0 89 63 0
0 0 41 0 67 0 59 0 0 0 31 0 0 0 0 35 0 0 0 0 24 0 60 0 0 0 72 0 0 0
0 74 0 64 0 0 0 0 0 0 0 0 0 61 0 0 0 0 92 0 76 40 0 0 0 54 70 18 49 0
0 22 7 0 0 0 0 0 0 71 0 0 84 25 69 15 0 0 0 0 0 0 0 0 0 70 0 0 0 6
0 0 0 20 97 6 0 86 56 0 0 39 0 0 0 2 18 0 77 0 0 53 0 0 0 0 0 0 0 0
0 0 0 0 0 0 0 0 0 0 0 1 34 0 0 0 0 0 0 0 51 0 0 0 0 0 0 73 0 0
38 0 0 0 0 0 92 0 0 0 0 0 31 86 0 14 0 0 78 0 0 0 0 78 0 48 56 0 0 0
0 53 0 0 0 0 0 0 0 9 92 0 0 0 82 73 0 13 0 0 0 0 57 39 37 0 49 0 0 0
0 0 0 0 0 3 46 0 0 0 84 8 0 0 85 0 86 0 0 0 0 77 10 0 0 0 61 1 0 81
0 45 0 0 0 7 78 0 86 0 0 46 76 46 0 0 54 0 81 0 3 23 0 49 29 0 0 0 0 55
0 92 0 0 0 0 0 71 92 0 68 48 0 0 0 0 90 0 0 0 0 13 0 0 46 0 44 0 36 0
0 0 0 0 0 0 79 0 20 44 73 0 0 0 0 0 52 23 0 0 49 80 0 19 0 0 0 65 0 89
84 0 76 0 95 0 0 0 0 0 97 49 0 0 91 0 0 0 27 0 0 52 33 0 38 60 0 0 0 25
87 36 0 45 0 0 75 46 0 0 58 52 0 0 60 0 42 0 0 0 0 0 0 0 0 0 0 0 0 21
79 0 0 14 0 55 43 0 0 11 50 0 0 0 0 0 0 0 0 0 0 98 0 79 0 2 0 0 35 0
79 0 0 78 62 10 0 0 0 8 78 0 79 0 0 96 47 0 0 39 0 0 0 98 0 0 0 26 0 0
0 0 59 0 88 0 0 0 45 0 73 0 77 0 0 90 69 0 0 0 64 0 0 0 0 39 0 0 0 0
0 42 91 0 0 0 0 7 0 0 0 13 0 32 0 3 29 0 4 11 0 0 0 0 20 0 0 0 0 0
0 0 0 0 54 0 0 0 79 0 7 0 0 0 0 0 12 0 55 0 0 0 0 0 23 0 0 0 0 0
