0 0 0 64 0 0 40 0 0 29 96 81 2 0 0 0 0 0 0 10
13 0 0 0 0 0 0 0 26 0 16 0 0 0 0 0 0 0 37 0
0 18 0 0 93 0 0 0 0 58 10 0 0 0 0 0 0 93 17 37
41 0 13 2 17 0 0 12 83 0 22 57 0 72 0 0 0 68 0 0
0 26 18 0 0 81 0 0 53 45 0 0 0 0 49 0 0 0 83 0
0 72 0 0 0 96 95 14 0 17 0 0 0 77 0 44 75 52 0 20
0 33 0 9 0 64 0 94 0 0 0 0 0 0 0 34 0 2 0 0
0 60 0 33 0 0 98 59 0 6 42 0 0 0 82 0 2 8 4 0
0 0 37 76 0 0 0 65 0 0 0 0 35 0 0 0 0 50 0 0
0 0 92 0 0 8 61 49 24 0 0 0 7 0 66 68 43 0 0 0
0 0 0 0 0 77 0 58 0 0 0 0 0 0 0 0 0 0 0 97
0 0 49 0 34 0 0 41 0 0 0 0 0 47 0 0 22 0 0 0
0 0 0 63 0 0 0 0 70 0 0 0 0 86 46 0 0 0 0 0
0 0 0 36 48 0 0 0 13 0 98 67 11 0 0 0 89 42 56 0
0 0 48 0 0 0 0 0 0 0 0 0 0 0 86 0 0 71 92 0
0 7 3 0 0 43 72 0 88 0 0 96 0 0 0 84 67 0 0 71
71 0 0 0 0 0 0 0 0 19 0 32 0 0 42 0 0 0 0 0
40 0 0 0 0 0 57 0 0 43 0 96 0 0 0 0 0 0 0 0
89 90 0 0 0 0 83 0 38 0 0 30 0 50 0 0 0 0 33 0
0 0 0 0 0 0 0 83 0 0 0 0 39 0 0 0 0 0 0 78
0 32 0 0 60 91 0 0 9 20 36 4 0 19 0 0 0 0 0 48
0 0 99 0 0 0 0 1 0 0 51 0 0 46 0 93 0 0 0 27
0 11 26 0 0 32 31 0 0 0 0 0 0 0 25 0 0 0 0 0
72 0 0 0 89 51 0 62 64 33 0 18 0 0 0 6 76 61 0 88
0 41 37 0 96 0 0 0 0 0 0 0 0 0 0 40 27 86 0 0
0 91 0 29 76 0 0 0 0 0 0 0 0 0 0 0 29 34 0 0
0 91 6 0 35 0 33 99 94 0 4 0 0 49 0 0 0 0 32 4
0 0 92 88 65 0 0 62 0 0 0 0 0 15 0 0 61 0 0 0
0 0 0 0 0 0 0 0 0 60 50 18 0 0 0 0 21 0 85 0
0 0 0 0 89 57 80 0 0 0 0 0 0 42 0 72 0 63 23 0
0 0 0 25 0 0 0 0 0 0 0 88 0 19 0 55 18 0 0 0
24 0 0 0 65 0 0 64 0 0 0 35 0 0 0 0 22 0 0 17
0 0 0 0 0 0 0 77 55 71 0 0 51 0 98 0 95 0 26 0
88 45 0 0 0 0 0 89 0 18 0 0 0 82 92 26 0 0 58 68
0 0 0 0 21 45 0 0 0 0 0 71 41 0 28 0 0 0 0 31
76 0 6 0 0 0 0 26 0 0 6 0 0 0 0 0 72 95 0 0
33 0 94 0 0 0 96 0 0 96 0 39 0 0 0 0 0 12 61 0
0 0 0 0 0 0 5 0 0 0 0 76 0 0 0 0 13 0 43 9
78 97 0 0 0 0 0 0 58 0 9 0 86 0 0 0 80 0 0 0
0 53 90 0 98 0 89 0 0 0 75 7 32 0 0 0 0 0 55 0
