11 0 0 0 0 0 0 0 0 84
55 0 0 0 0 0 17 0 0 22
47 92 20 0 0 0 0 0 0 0
0 0 0 0 90 0 0 0 0 0
84 0 94 0 8 0 67 44 0 64
0 10 2 57 0 0 0 0 9 0
0 0 2 0 0 94 0 0 0 0
56 3 0 0 0 14 30 0 0 58
0 0 0 13 0 0 0 35 0 0
0 0 88 48 44 5 0 0 0 17
0 7 0 13 43 0 0 22 0 19
46 0 32 0 0 70 0 0 31 0
0 0 0 0 90 0 4 20 0 0
0 63 0 0 33 0 0 0 0 0
83 0 31 0 0 0 0 0 3 0
0 0 0 61 62 30 0 0 0 0
96 0 0 0 0 0 48 24 29 0
25 87 0 0 0 0 0 0 0 64
52 95 0 0 15 93 80 0 0 11
0 75 1 0 84 0 0 0 12 5
0 0 6 0 0 69 21 99 0 17
25 0 0 0 0 0 90 0 93 0
50 0 0 0 0 0 0 41 0 0
0 0 64 0 0 0 0 0 66 0
0 0 0 0 31 0 45 69 0 0
0 0 0 0 0 85 78 0 0 92
0 0 87 50 57 0 0 0 0 0
0 0 0 0 0 0 0 0 18 0
95 0 0 27 0 0 1 91 50 0
0 0 0 0 72 0 0 85 0 0
