0 0 0 75 0 0 0 0 48 0
39 0 48 0 0 0 91 0 0 0
0 0 82 0 0 0 0 0 0 0
0 0 0 0 0 0 0 0 8 0
0 0 0 0 81 95 53 0 0 0
0 0 0 0 0 9 0 0 84 0
0 99 50 0 0 0 0 0 0 81
0 0 0 52 0 15 0 0 94 0
0 0 45 0 55 0 10 0 0 0
0 0 0 59 0 0 51 0 53 0
0 60 0 0 20 0 0 92 0 0
0 2 0 50 24 0 0 0 0 0
0 0 0 0 64 0 0 0 0 0
30 87 0 0 0 66 67 25 0 0
0 0 0 0 7 0 0 0 0 0
0 0 0 0 0 0 0 76 0 0
0 77 0 60 32 0 0 0 0 15
0 0 0 0 0 63 0 0 0 55
0 0 0 3 83 0 0 0 0 87
0 0 9 0 0 58 0 0 0 0
78 0 31 25 0 0 2 0 83 84
0 0 49 0 0 0 0 0 0 26
0 57 0 12 0 0 75 0 43 14
0 0 0 0 3 0 0 0 92 0
0 90 0 0 0 23 0 0 0 0
2 0 90 0 3 0 0 0 0 0
0 0 0 0 0 0 0 0 0 0
0 0 0 0 61 0 0 0 0 0
0 0 0 68 0 0 0 0 0 0
0 0 0 0 0 68 0 0 0 0
57 0 0 0 36 0 21 0 0 0
0 46 0 0 0 0 0 0 0 0
0 0 0 0 0 54 71 0 24 0
0 13 0 0 36 0 0 0 54 0
27 0 0 7 0 63 4 0 0 0
93 0 0 72 0 0 0 0 0 0
0 7 2 0 0 0 47 0 0 0
0 0 47 0 0 0 0 0 0 0
55 0 0 0 88 19 0 0 0 0
0 0 31 0 0 0 0 0 86 17
