27 0 0 0 0 0 0 0 0 0 14 0 65 0 0 0 68 0 0 0 71 0 45 0 0 0 75 0 89 0 83 0 0 0 0 0 0 0 0 0 0 0 0 0 34 38 0 0 0 0
0 0 40 0 0 64 0 0 0 55 0 0 0 0 0 0 0 19 0 28 24 42 0 0 0 23 93 0 66 0 0 0 0 0 0 0 17 44 0 0 62 0 0 26 0 0 0 0 66 81
0 95 0 53 0 0 0 0 0 0 0 66 0 0 0 0 0 0 35 0 0 0 0 0 0 9 0 0 0 0 0 0 70 0 33 0 0 0 0 85 0 0 0 0 0 0 0 67 0 0
97 17 0 0 0 0 0 0 0 0 0 0 0 0 46 0 0 49 0 5 0 0 4 0 0 0 0 0 39 26 0 90 0 0 0 0 0 39 0 51 0 0 0 0 10 0 0 0 0 0
0 0 0 0 75 0 0 0 0 0 0 92 95 76 0 0 0 0 0 85 0 0 0 0 0 0 0 0 0 66 29 28 38 63 0 0 42 0 0 0 85 0 0 0 0 0 0 0 0 0
0 13 0 0 0 32 0 53 0 0 0 0 0 0 78 0 0 0 0 0 0 0 0 0 0 0 87 0 0 0 0 0 0 0 44 0 40 0 0 64 46 0 0 0 0 0 0 0 0 47
62 50 0 51 41 51 72 0 66 0 5 81 0 0 0 0 0 0 0 0 5 98 0 0 0 37 45 0 3 0 0 0 0 0 0 14 0 68 0 0 0 0 0 71 69 0 0 0 18 0
0 0 0 0 77 0 0 0 0 0 0 0 0 0 0 0 0 0 0 0 0 16 46 0 0 95 0 9 81 60 0 0 0 56 0 0 0 20 0 0 0 0 0 0 0 0 0 0 96 0
0 0 0 0 0 0 16 0 0 0 0 17 0 0 12 0 0 91 0 0 0 0 0 0 0 0 35 0 0 0 60 0 0 0 0 0 0 0 0 0 0 0 0 0 0 0 8 0 0 42
35 29 0 0 0 0 55 0 0 3 0 0 8 0 16 0 0 40 0 0 0 0 0 86 0 0 0 0 0 73 0 0 0 0 0 7 27 0 0 0 99 55 0 82 0 0 57 83 0 0
