0 0 0 0 0 11 12 53 0 0 80 0 0 0 95 0 68 14 0 0 0 0 0 60 73 0 0 0 27 0 0 0 0 3 0 0 0 0 32 0
91 0 0 79 0 0 0 61 0 0 0 70 0 24 0 0 0 18 76 4 0 79 0 0 5 0 0 0 0 54 75 0 0 0 0 0 0 78 0 0
0 0 0 89 63 0 0 0 52 0 55 0 0 65 45 73 0 0 0 18 0 0 0 14 0 0 0 44 0 0 9 0 42 0 25 0 0 0 67 0
0 0 15 0 0 0 0 0 0 0 53 0 66 0 0 0 0 0 0 0 0 52 0 0 0 0 0 0 6 22 0 0 0 88 0 0 5 0 0 44
67 0 0 0 0 77 51 0 0 0 54 0 0 0 0 73 0 0 0 93 19 0 0 0 2 0 0 0 0 0 0 0 39 33 29 53 8 0 0 0
20 39 0 0 60 0 0 19 40 91 59 90 0 0 0 2 0 0 0 0 0 4 43 0 0 0 0 0 0 2 98 25 19 0 0 62 42 0 0 0
0 0 72 0 0 0 70 0 0 0 0 0 0 0 13 0 0 0 0 93 0 0 67 10 14 0 0 0 0 0 0 56 0 0 0 0 0 17 0 0
0 0 0 0 0 0 84 0 52 2 42 0 86 0 17 72 0 18 0 0 0 11 0 0 0 0 0 47 0 0 0 69 0 82 0 25 0 0 0 0
0 0 0 0 0 0 0 84 0 0 0 0 0 94 0 53 0 37 82 0 33 0 0 0 0 61 31 31 51 0 0 0 15 0 0 0 0 0 0 0
0 1 0 0 0 0 44 0 0 0 0 0 0 0 27 0 0 0 96 0 0 0 0 0 98 0 0 0 0 29 0 58 93 30 0 0 72 0 0 0
0 3 82 0 75 0 79 0 74 0 98 0 47 33 0 0 0 0 0 96 0 0 0 0 0 0 66 0 76 0 0 0 77 80 0 0 0 64 0 0
0 0 62 0 1 57 0 0 14 0 0 90 75 0 0 57 79 0 38 89 0 0 0 0 66 0 35 85 0 0 45 9 0 0 84 0 0 17 0 83
28 33 0 0 0 90 24 0 0 0 0 0 14 0 10 60 0 0 0 37 0 91 0 0 0 0 39 0 0 11 0 61 79 0 2 0 0 53 0 0
10 0 14 0 2 0 0 14 0 0 0 56 0 73 0 2 0 0 0 0 0 0 37 0 0 95 56 0 0 0 0 0 28 0 0 0 0 0 82 0
67 0 0 96 0 0 38 0 0 94 0 61 42 0 53 34 55 0 0 0 0 0 0 0 49 0 0 11 68 15 0 0 0 0 0 0 0 0 0 0
0 0 76 0 98 0 0 0 0 0 47 0 0 68 0 42 0 0 0 63 50 0 0 21 0 0 0 0 0 0 0 0 0 56 0 56 86 0 0 0
0 0 0 75 0 0 0 0 0 7 0 82 0 38 94 0 95 0 61 0 98 51 20 0 17 0 7 0 99 0 68 0 0 0 0 0 0 0 61 0
34 4 0 0 3 94 32 0 0 0 0 0 0 0 0 0 0 0 58 0 0 95 15 19 91 62 5 0 0 0 0 28 0 81 42 0 0 0 0 80
56 0 54 0 80 0 0 0 22 3 0 87 0 0 0 50 41 0 73 0 0 24 0 0 0 39 4 0 0 50 0 0 0 0 0 33 67 0 0 19
59 0 0 7 0 0 0 0 5 0 0 45 0 0 0 0 12 0 0 0 12 25 95 0 0 77 0 71 0 68 24 1 0 0 45 0 0 0 0 26
