0 0 0 0 34 0 86 0 0 0 4 0 51 0 0 0 0 0 0 0 56 0 0 0 0 0 25 0 0 0
0 10 0 0 0 0 0 75 0 66 0 0 0 0 0 56 0 0 0 63 17 0 0 0 0 0 0 0 0 0
0 0 22 0 0 53 82 8 0 0 0 0 61 0 0 54 0 0 87 0 48 0 0 0 0 0 0 0 0 87
29 0 31 0 0 0 61 0 0 97 0 0 0 0 0 0 0 0 0 0 0 0 0 0 0 81 31 0 59 0
0 0 0 0 0 0 0 0 0 0 0 0 0 21 0 0 0 0 0 0 0 0 84 0 61 0 0 0 0 0
0 94 50 0 61 0 0 8 0 0 0 56 0 0 0 0 0 22 46 0 58 0 90 0 0 64 0 11 0 70
0 80 0 0 47 2 41 0 3 0 0 0 0 0 60 34 83 0 40 0 0 54 0 0 0 0 0 0 0 27
0 63 9 99 79 83 0 76 0 0 76 0 0 0 40 0 0 0 0 52 0 9 45 0 0 0 0 0 0 24
0 0 36 60 0 0 0 0 0 0 0 0 0 0 0 77 0 77 0 22 0 40 0 0 46 0 0 0 43 47
0 0 0 0 52 0 0 76 0 0 78 0 1 0 0 68 0 0 0 36 0 0 18 0 43 0 0 0 0 0
0 0 88 0 0 0 0 0 15 0 0 0 0 0 0 0 0 0 0 0 0 0 0 0 0 0 0 30 0 0
0 0 0 0 0 76 0 63 0 67 0 12 29 96 0 0 0 0 0 85 0 70 43 85 0 0 0 0 0 0
0 0 0 0 0 86 7 0 0 0 0 21 68 0 0 0 0 0 0 49 0 0 0 0 0 0 17 0 81 0
0 57 30 0 0 90 0 0 0 46 33 0 56 78 0 0 0 0 0 79 0 91 0 8 0 0 0 0 35 7
0 98 0 0 0 0 0 48 54 0 0 0 0 0 0 0 0 0 0 0 0 0 0 0 42 0 63 0 57 0
0 0 26 55 0 65 0 0 0 0 14 0 0 94 0 0 0 0 39 0 0 0 0 0 0 0 52 0 0 0
0 0 0 0 0 64 0 53 24 0 59 0 0 0 0 61 0 23 24 48 0 0 0 0 0 0 0 26 0 0
0 21 0 0 0 0 29 79 0 0 62 0 0 0 0 0 0 0 0 63 0 0 0 0 0 0 0 0 0 87
0 0 0 34 0 0 0 89 0 0 0 0 0 0 0 38 0 0 0 0 0 0 7 11 0 0 0 0 71 68
35 50 0 26 0 0 0 15 0 0 0 0 0 0 0 0 0 0 43 0 0 0 0 68 90 53 64 0 0 0
0 0 0 22 0 0 0 0 99 0 0 0 0 1 0 0 0 0 0 0 0 0 4 39 0 0 0 0 93 0
0 0 0 0 0 0 0 0 0 4 0 56 0 48 0 0 0 0 0 0 0 73 0 0 0 0 0 0 37 0
0 0 0 11 0 22 32 0 0 88 0 0 0 0 0 0 0 0 0 0 0 70 0 30 0 17 0 0 0 52
19 0 0 61 0 0 0 0 0 0 0 65 0 0 0 0 0 0 0 0 0 96 0 0 90 87 0 0 25 0
0 0 0 0 18 53 0 0 0 0 0 81 0 0 0 88 0 0 0 0 0 0 0 84 0 0 0 0 64 0
0 0 0 6 0 0 0 0 0 0 7 0 29 84 0 0 0 0 8 84 0 0 0 26 0 0 0 29 0 0
0 0 0 0 0 42 0 0 0 0 2 0 0 0 0 0 0 0 39 0 0 41 0 0 0 94 40 0 0 0
98 0 0 34 0 0 0 0 56 0 0 0 37 0 0 0 0 0 0 0 0 0 0 0 0 0 18 4 0 0
0 0 0 46 0 0 11 0 0 0 0 78 0 0 0 0 0 0 0 0 0 0 20 0 0 0 22 0 0 0
0 0 2 96 0 0 0 0 0 0 95 0 0 0 0 0 0 0 0 0 0 0 20 0 0 0 0 0 68 0
