89 0 0 0 25 0 77 0 0 0 0 0 95 0 0 0 0 22 0 3 34 0 0 78 0 61 72 47 0 0 0 45 0 0 76 0 0 57 0 0 0 46 89 0 0 0 84 0 0 0
60 0 11 0 16 0 68 0 98 0 77 0 0 68 51 84 17 4 0 38 72 8 73 0 0 0 86 0 0 74 46 61 40 2 0 0 0 1 62 0 0 13 86 0 0 0 71 83 61 0
85 0 0 0 80 0 0 0 0 33 0 0 0 99 0 0 0 0 0 0 0 0 42 44 0 0 59 38 0 0 3 0 51 0 61 16 0 0 11 32 89 0 61 69 0 0 0 29 0 78
2 36 0 0 0 55 0 50 0 0 0 43 68 0 0 95 0 0 0 0 0 0 0 0 0 79 0 0 0 0 0 49 0 0 0 57 0 51 33 0 0 68 64 0 0 0 0 0 0 0
0 93 0 0 77 0 0 0 0 43 32 0 0 0 0 0 73 0 0 0 0 44 0 0 93 0 0 0 0 54 76 0 0 0 32 0 0 0 85 0 0 0 0 0 2 0 0 42 71 95
0 0 0 0 36 0 32 0 0 0 2 38 0 4 0 99 45 0 0 44 0 0 40 0 0 74 42 0 23 88 0 0 0 0 0 21 0 0 0 0 0 0 0 64 0 0 0 0 0 68
0 0 0 0 56 25 0 0 0 28 0 0 9 23 53 0 0 0 0 0 0 0 0 0 0 64 24 0 0 0 88 0 0 0 0 0 23 0 0 0 17 0 0 0 0 0 0 0 4 0
0 44 0 0 0 1 0 0 0 0 0 0 0 0 0 0 0 0 0 40 0 0 11 53 82 61 84 78 0 45 26 10 0 65 0 0 0 64 0 0 0 0 0 0 0 0 0 0 0 68
91 25 0 0 32 0 0 20 0 0 0 0 0 0 0 0 0 0 0 49 0 0 0 67 0 0 0 0 53 76 0 84 26 0 49 0 0 71 19 0 14 0 0 97 79 0 0 0 4 0
77 84 0 0 0 0 5 0 0 0 0 57 0 92 0 0 0 9 80 0 0 34 82 0 0 0 0 0 0 0 0 0 0 0 0 0 0 0 0 0 0 94 0 0 0 0 0 0 11 37
