99 0 27 0 21 0 36 0 63 71 0 67 0 0 36 0 41 11 0 0 0 0 4 0 0 0 47 0 0 0 0 0 0 0 76 0 19 0 0 0 0 18 23 20 6 0 73 0 0 0
8 0 0 71 0 0 0 13 4 58 44 60 0 0 51 0 0 19 0 0 0 71 0 0 0 63 50 0 0 0 0 0 74 45 0 0 0 0 6 85 0 97 85 91 0 0 91 0 0 32
39 0 0 21 0 97 45 0 24 0 0 40 75 0 59 0 37 0 29 85 0 85 7 37 0 64 97 0 11 0 0 98 70 0 0 0 0 0 96 90 0 0 0 0 0 99 0 0 11 0
0 57 0 0 78 0 0 0 0 0 82 0 0 0 0 0 0 0 0 0 0 0 0 29 0 80 0 0 0 0 0 46 0 0 25 54 28 0 0 7 0 0 0 0 63 69 23 0 0 0
0 6 19 49 0 22 0 33 0 78 0 0 76 0 0 0 0 0 48 1 77 0 0 0 0 0 72 23 0 0 0 31 0 0 0 0 0 73 69 40 0 0 66 0 0 32 59 0 8 99
60 0 0 0 79 60 36 3 74 0 3 4 0 0 12 0 0 0 93 0 0 0 0 89 0 46 0 94 0 0 0 47 0 0 0 0 0 0 0 24 0 77 51 0 58 0 60 0 0 0
75 0 0 0 0 41 0 0 0 9 54 0 0 94 0 0 0 57 0 43 0 0 0 50 26 0 0 0 0 0 0 0 0 0 0 76 0 0 92 53 0 10 0 0 10 0 0 0 0 25
0 16 0 0 0 28 0 47 87 0 35 0 0 67 0 0 72 18 90 0 12 11 0 0 0 0 0 0 0 11 0 0 36 0 52 0 0 73 27 0 1 0 0 78 0 37 0 0 49 0
0 0 88 0 5 0 0 0 0 0 0 0 70 0 3 76 0 0 21 0 0 0 17 1 0 0 0 0 0 28 36 0 0 79 0 82 0 0 14 0 0 25 0 0 68 0 85 0 0 0
0 0 0 62 0 0 0 86 0 0 0 67 0 0 55 0 2 0 30 0 0 2 16 45 0 0 0 14 0 0 0 0 10 0 0 0 0 0 0 83 0 0 0 0 48 0 93 0 64 0
0 0 0 0 0 0 0 87 0 0 0 0 26 0 4 0 66 0 0 25 0 0 0 19 11 0 81 0 83 0 0 97 0 34 67 0 0 0 0 0 0 0 61 32 0 36 0 0 0 0
0 0 39 28 73 46 0 0 84 0 0 13 0 77 0 0 0 0 0 62 0 0 0 0 0 0 50 0 0 0 0 0 0 0 0 0 2 39 0 43 0 0 63 39 0 0 0 0 0 0
0 0 0 73 60 0 0 90 0 3 0 0 0 0 1 0 0 98 0 22 99 0 0 0 39 84 0 0 0 65 43 0 0 0 68 70 0 0 0 11 0 0 0 0 0 64 34 92 0 0
5 0 0 0 71 0 87 0 0 76 0 0 82 0 0 25 0 0 0 91 0 0 0 0 0 23 0 0 0 65 0 0 0 0 0 57 0 0 27 39 0 0 0 61 19 56 8 0 0 35
0 45 20 8 87 0 0 74 95 0 5 0 94 97 0 4 0 0 0 0 1 0 0 0 0 0 0 99 0 0 48 0 0 0 0 0 0 0 40 0 35 0 0 0 74 0 0 14 0 32
0 0 0 0 0 0 0 63 0 0 0 0 40 66 32 0 0 6 0 78 0 0 0 0 20 17 0 0 14 0 0 0 0 51 0 0 0 40 68 0 0 0 0 0 0 0 0 0 6 40
0 0 0 96 47 0 93 0 11 0 56 0 99 16 0 0 0 0 0 98 0 0 54 0 0 0 0 0 0 0 0 0 0 0 16 95 4 29 22 53 0 41 93 0 0 0 95 0 0 0
0 0 0 26 0 0 0 0 0 0 36 0 0 0 0 19 0 0 0 41 0 0 25 29 79 0 0 0 0 0 0 63 0 0 0 0 0 0 0 5 0 0 13 0 46 0 0 0 0 0
0 0 0 0 0 46 0 0 93 0 0 0 0 0 0 0 82 0 90 0 29 0 0 0 0 79 0 22 0 0 7 24 0 0 0 90 12 0 71 0 0 0 0 0 0 52 0 0 0 0
0 70 56 94 0 0 0 0 80 0 0 2 0 0 0 0 0 0 0 0 0 0 0 0 0 79 90 62 0 0 20 0 0 0 5 96 89 0 0 0 0 0 66 0 77 59 86 0 0 0
0 0 0 0 0 69 88 13 0 90 0 0 82 55 0 0 40 5 0 48 0 0 0 0 75 53 0 0 0 62 0 62 0 0 0 0 0 0 0 0 97 1 45 0 0 0 0 0 0 60
0 34 0 0 0 0 0 0 86 0 0 91 0 31 14 0 0 0 0 0 60 0 0 0 0 0 60 62 49 0 90 30 0 0 31 0 3 0 0 0 0 0 84 0 0 0 7 0 0 0
0 58 0 55 0 0 38 90 0 0 5 76 0 0 0 0 0 55 97 0 0 0 0 0 0 0 82 50 0 0 0 0 46 0 0 0 81 3 31 88 0 0 0 0 0 25 76 0 47 0
0 0 0 61 0 38 27 42 0 0 0 0 0 0 0 0 0 44 0 0 42 0 64 32 20 11 21 0 23 47 51 25 95 0 0 71 0 0 0 0 0 0 0 0 0 0 0 55 0 80
0 88 97 73 0 84 64 0 0 0 0 0 35 0 0 0 0 80 14 0 0 0 28 0 0 0 0 0 0 34 0 0 0 74 0 18 0 0 0 0 0 0 61 0 8 0 0 0 0 0
0 54 35 0 0 0 0 0 0 0 95 0 0 0 0 0 0 0 0 0 75 44 33 87 59 90 19 0 12 10 0 71 0 44 0 0 0 0 74 9 61 0 0 0 77 0 0 0 0 88
0 0 0 0 89 0 44 0 71 0 23 0 0 0 0 0 0 0 0 0 12 12 71 0 0 15 0 0 0 0 0 0 0 0 74 83 78 76 0 0 73 65 0 42 33 22 11 70 0 0
83 64 0 86 0 52 0 0 0 0 6 0 63 95 34 0 0 19 55 0 0 0 0 0 0 0 0 0 76 0 0 87 0 0 0 40 0 0 91 0 0 47 8 0 10 0 19 67 0 0
87 13 0 0 37 0 0 0 95 0 0 0 0 0 0 93 0 0 77 0 0 0 0 0 14 0 53 0 0 0 0 73 81 38 49 0 25 0 0 0 63 0 0 0 0 23 0 0 0 20
0 79 75 29 16 0 0 12 0 98 0 5 88 0 0 81 92 0 0 0 0 29 0 0 0 71 46 0 8 0 0 55 0 0 58 0 0 0 49 0 0 0 0 84 0 0 97 37 0 0
0 0 71 0 0 0 0 0 58 0 72 0 24 0 0 0 35 0 0 0 21 0 0 96 0 38 0 0 55 0 0 32 0 4 27 0 93 52 0 0 0 0 0 44 0 35 0 0 0 55
0 0 0 94 0 0 30 97 0 0 0 0 67 0 0 0 0 0 0 0 0 0 0 0 0 0 0 0 38 93 0 0 67 0 0 0 0 58 33 88 0 0 0 0 0 92 0 0 88 0
0 0 0 0 7 0 0 0 0 0 72 0 0 0 0 0 0 0 0 46 0 0 0 0 85 0 0 0 0 0 0 0 0 0 0 0 0 0 0 0 0 0 0 96 23 0 59 68 64 0
4 40 0 0 0 16 0 29 0 29 0 0 0 0 0 0 0 57 57 0 0 0 60 37 0 0 42 0 0 4 0 0 0 1 0 0 0 95 57 57 0 47 39 0 0 0 37 90 0 0
0 0 0 78 19 44 0 0 0 0 0 0 0 18 0 79 78 2 0 0 0 9 0 0 0 68 87 55 84 49 89 0 37 22 60 2 0 0 0 0 6 0 0 50 0 0 3 93 0 0
0 58 0 1 33 8 0 0 0 24 0 0 0 0 0 0 36 0 93 0 41 0 0 50 0 0 0 83 0 50 22 0 0 61 0 0 11 0 0 0 0 65 67 0 0 64 70 0 0 0
0 0 67 0 0 0 0 0 0 0 0 52 0 98 50 0 0 0 0 45 0 52 53 0 37 57 41 0 0 0 55 54 77 0 0 0 76 0 0 79 85 77 58 0 0 0 0 27 5 0
0 0 0 38 0 0 0 0 0 0 0 0 0 0 10 0 44 0 79 41 0 0 0 0 0 0 0 0 0 0 0 8 44 0 0 0 75 0 0 0 58 50 71 0 0 36 0 0 0 0
0 3 0 0 0 0 60 0 98 56 0 29 22 0 0 18 0 0 0 6 0 0 74 0 0 0 12 0 0 0 0 9 0 0 0 42 99 12 37 56 0 8 0 0 0 0 0 0 0 0
37 0 82 0 0 0 0 0 22 0 0 0 0 0 0 0 0 87 0 0 0 0 0 0 98 0 0 0 0 0 0 38 0 0 0 0 0 0 0 0 0 0 0 0 0 0 96 0 0 59
0 0 0 0 63 0 0 0 0 0 0 31 0 0 0 0 0 1 96 0 0 0 34 0 0 0 0 32 0 0 6 0 0 0 0 79 0 0 93 0 63 0 0 0 0 57 91 87 0 0
54 0 0 0 33 0 0 0 40 70 0 0 87 41 0 3 0 0 0 0 64 48 0 55 0 80 0 0 0 0 26 0 25 0 11 11 0 0 0 15 0 16 0 0 88 2 9 0 0 0
0 86 0 0 65 0 0 0 4 0 0 0 40 16 0 97 0 0 0 83 50 0 53 0 0 0 0 0 0 83 37 61 0 8 0 0 15 47 0 75 88 0 16 38 0 0 0 0 0 0
0 0 39 0 0 0 0 0 0 24 0 0 0 0 0 0 0 0 0 7 3 0 0 0 0 69 0 24 54 0 0 0 0 59 0 0 0 0 29 21 0 0 0 0 19 49 75 19 0 27
79 0 0 0 93 6 0 0 0 0 0 0 0 0 0 18 0 0 95 0 0 93 0 0 0 0 0 0 0 0 44 0 3 0 0 13 80 0 0 0 0 0 93 0 0 0 0 0 0 20
0 13 0 0 0 0 7 84 0 38 0 0 0 0 0 0 61 0 0 0 0 0 0 6 20 0 0 30 0 3 0 0 0 0 0 0 38 0 10 0 17 98 0 0 0 0 0 0 0 3
92 0 0 0 0 0 30 0 0 0 0 54 0 0 27 37 51 0 0 0 0 46 0 32 0 0 43 0 0 9 0 0 0 68 51 0 19 21 0 73 28 0 0 0 82 0 0 0 0 0
0 0 49 0 19 0 0 13 0 0 65 38 31 0 0 0 0 0 95 65 0 0 57 0 0 0 0 0 73 72 0 0 85 0 0 0 0 0 0 0 0 69 0 0 0 28 0 0 0 0
68 0 0 0 19 0 0 0 0 11 0 0 18 0 0 0 11 23 0 0 17 0 43 0 0 0 0 0 0 11 14 0 24 0 0 0 42 0 0 2 41 0 17 0 0 59 41 47 77 0
0 0 0 47 0 0 0 0 0 0 0 0 0 9 18 14 94 54 81 24 0 0 0 96 0 0 44 53 0 0 0 0 0 0 70 0 53 75 27 0 0 0 1 16 19 0 71 0 78 0
