89 0 0 0 0 37 36 12 0 0 0 0 0 13 0 0 0 0 0 0 0 0 0 0 92 40 0 0 0 0 97 30 0 0 0 0 0 0 0 0 8 0 0 38 0 0 0 0 23 0
30 43 0 0 0 9 45 0 0 0 0 87 0 0 0 70 18 0 18 4 0 0 0 0 0 92 51 0 0 0 0 0 0 0 0 0 0 0 0 0 73 0 0 0 0 0 0 0 0 0
23 0 0 0 0 40 0 0 0 0 0 0 0 0 85 0 0 0 0 0 0 0 20 0 0 0 94 0 0 0 0 0 0 0 0 89 0 0 0 93 0 54 0 0 0 0 0 0 0 0
62 0 84 0 0 0 0 16 0 0 91 0 0 0 0 0 0 0 0 0 16 0 0 90 0 88 0 0 0 0 0 54 0 0 0 0 0 91 0 0 0 37 0 0 0 0 0 0 0 56
0 16 0 0 0 0 0 0 0 0 0 14 0 0 0 0 28 0 0 0 44 0 0 0 4 29 0 0 0 0 12 0 0 0 0 5 16 74 0 0 0 0 52 0 0 33 0 0 97 57
0 0 0 0 0 4 65 0 0 0 0 0 0 37 96 0 0 32 0 76 0 0 54 0 0 0 0 0 0 0 0 0 30 0 31 0 0 94 0 0 0 38 0 0 0 17 0 0 0 0
0 0 0 0 0 0 0 0 22 52 0 0 0 0 0 0 0 0 0 0 62 0 0 0 0 0 0 0 12 77 0 0 0 0 0 53 0 0 0 15 0 0 76 0 0 0 0 0 0 46
0 0 0 0 0 0 0 0 0 0 0 0 0 0 0 0 0 0 0 0 76 0 0 0 0 0 0 0 0 0 0 0 81 8 44 0 0 0 0 0 0 0 0 0 0 0 0 59 14 0
0 0 0 0 14 0 0 0 0 0 0 0 0 0 0 8 0 0 0 0 0 0 0 0 0 0 0 0 0 76 0 0 0 0 0 0 0 66 0 0 0 51 86 0 0 0 0 0 0 44
0 0 0 0 0 0 0 0 0 0 37 0 0 0 0 0 0 0 0 0 0 0 0 0 93 10 0 0 0 0 0 0 0 0 15 0 64 0 0 0 0 0 0 0 32 0 0 0 57 11
