0 0 99 0 0 25 0 0 50 0 0 0 0 40 17 0 0 20 34 10
0 0 0 0 0 0 75 0 0 0 61 0 76 0 0 0 0 65 63 0
0 21 66 46 0 0 0 0 31 0 0 11 28 0 0 0 0 25 0 24
31 66 0 0 0 0 97 0 24 32 0 10 62 0 0 0 0 0 0 0
47 0 0 80 0 0 0 0 21 98 0 0 59 90 84 0 0 0 0 14
0 35 0 73 0 0 81 0 0 0 0 24 46 0 0 45 44 0 0 0
0 0 0 0 2 0 36 34 29 13 0 0 0 41 0 0 0 0 0 0
0 19 0 16 0 32 0 4 61 0 88 0 0 0 0 0 96 0 86 57
5 88 36 0 21 0 23 0 5 0 0 0 0 0 0 68 0 0 0 0
78 86 23 34 0 0 0 0 0 0 0 0 27 0 0 97 0 0 0 45
9 0 0 0 0 0 0 0 97 0 0 0 0 0 23 24 0 91 90 0
0 57 44 0 0 0 0 0 17 0 0 34 0 0 62 0 0 0 0 0
0 0 3 70 0 0 0 0 89 12 0 0 0 0 11 0 0 0 39 0
7 55 0 0 0 43 66 0 0 6 0 0 57 0 84 0 56 0 0 0
0 40 0 0 0 0 0 49 60 0 0 93 82 58 97 0 0 0 53 0
98 0 0 0 0 0 64 83 0 83 52 0 0 81 0 0 46 91 0 0
0 7 63 0 24 74 0 0 0 0 16 45 59 76 0 0 59 0 20 0
0 0 0 0 38 0 0 58 10 90 0 0 63 0 0 24 0 0 73 34
0 17 0 0 0 0 0 31 0 0 0 0 0 0 0 0 0 83 0 69
0 0 60 54 0 82 0 0 18 0 0 0 0 0 0 97 0 18 0 0
0 0 22 0 18 0 0 0 57 0 68 0 0 0 0 52 96 0 0 97
97 0 2 21 66 0 0 0 0 0 0 30 0 0 90 0 0 14 9 0
0 0 0 0 51 0 6 0 0 0 6 0 0 69 0 0 0 39 67 0
11 0 0 0 0 0 0 0 0 72 14 0 0 0 0 0 0 0 0 0
43 0 0 82 0 58 0 0 0 0 0 39 71 0 0 0 93 0 0 0
0 93 16 48 0 0 0 0 55 0 0 49 0 0 0 0 36 0 17 39
0 35 0 0 0 0 0 0 0 0 0 0 80 0 31 0 83 45 0 0
0 0 0 0 0 0 0 25 0 0 0 5 0 39 0 48 0 0 22 0
14 0 21 0 59 0 15 0 0 0 83 0 0 0 0 96 0 85 0 0
81 8 41 0 0 20 0 0 0 0 0 0 5 0 0 22 0 0 0 0
0 0 0 0 0 0 0 0 18 0 0 0 99 19 8 1 0 92 0 0
0 0 84 0 0 76 0 0 64 1 45 30 0 49 0 0 0 99 0 0
0 77 86 14 13 0 0 0 0 0 0 0 0 94 67 0 63 0 37 0
0 0 0 0 0 0 0 0 22 37 0 0 0 0 0 0 12 0 0 79
95 0 0 0 0 0 20 0 0 0 30 86 0 0 0 9 0 0 0 70
0 0 0 0 0 0 0 0 0 0 0 0 84 90 0 0 0 0 58 0
0 93 0 0 60 0 0 81 0 0 0 0 0 0 0 0 0 30 0 0
16 23 0 0 0 71 0 11 0 66 0 0 15 85 81 0 0 0 88 0
0 0 0 0 48 61 84 0 0 41 0 9 0 36 0 0 0 0 77 0
43 0 0 0 0 86 83 1 30 0 75 0 20 0 0 0 0 0 0 40
