0 0 28 0 0 0 0 0 0 0 0 0 0 0 0 0 59 0 0 0 0 0 0 83 7 27 0 53 89 0 0 67 0 0 0 0 0 0 15 0 0 0 4 0 0 0 0 38 0 0
0 0 0 0 0 0 0 61 0 0 0 0 0 0 61 1 0 23 0 0 98 0 25 25 0 0 82 0 44 0 0 0 0 0 0 0 35 0 0 89 0 0 86 0 0 0 0 79 78 0
0 61 6 47 78 0 0 0 0 0 86 0 0 0 0 0 0 45 56 24 0 0 0 0 0 43 0 0 0 0 0 0 39 30 4 0 0 14 0 0 0 16 0 0 0 62 0 0 0 0
23 0 6 0 35 0 0 0 0 0 23 0 32 98 0 64 0 37 0 9 0 0 0 89 0 97 0 17 51 0 0 0 0 0 0 31 0 0 69 0 0 0 0 0 0 0 0 8 0 77
0 0 0 27 99 1 71 0 22 0 0 86 44 0 0 61 0 0 30 44 0 0 62 84 39 0 0 0 0 0 0 0 0 38 84 0 77 0 0 26 0 26 0 0 0 0 41 20 0 0
21 0 0 44 0 0 72 0 0 47 0 0 0 0 0 0 39 0 0 0 22 0 96 0 0 0 33 38 58 67 0 0 14 0 0 0 0 0 0 98 0 73 0 0 0 39 0 0 0 72
7 0 0 75 0 0 54 0 0 0 0 0 0 0 0 0 0 0 0 0 0 88 0 0 0 81 0 0 0 0 0 0 0 0 0 0 0 8 0 0 33 69 0 0 0 94 0 8 0 0
0 58 12 0 0 0 27 0 0 0 0 0 0 0 0 0 0 0 0 0 78 83 17 0 0 54 0 25 0 0 0 36 0 0 0 81 28 0 64 66 13 0 0 13 0 0 0 65 0 55
0 0 39 0 0 0 0 0 0 87 0 0 0 7 0 15 0 48 10 0 0 0 0 0 0 71 0 0 0 0 0 28 0 83 0 0 0 59 0 88 77 0 0 0 0 0 0 0 0 0
44 0 0 66 64 0 88 39 0 0 0 0 0 0 0 11 0 64 0 40 71 0 66 7 78 0 0 0 0 2 0 0 0 37 91 17 34 14 0 0 0 0 0 0 0 0 0 22 19 0
0 19 0 79 0 0 0 35 94 0 0 0 0 0 0 0 0 25 0 0 0 0 47 0 38 57 0 55 0 93 55 8 0 83 0 61 0 0 0 65 0 67 28 0 0 32 0 0 0 0
0 45 9 40 41 0 80 54 0 96 96 0 0 0 0 31 92 46 45 0 0 0 0 0 0 0 0 20 0 0 0 74 0 91 0 0 0 78 0 0 0 0 0 0 0 57 0 48 0 5
16 0 0 73 0 76 0 0 0 0 0 0 0 0 0 91 0 62 76 79 0 0 0 0 0 0 66 0 73 0 34 0 0 0 33 7 82 0 0 43 0 0 0 0 0 0 0 0 7 98
88 59 72 0 0 0 0 0 0 0 0 0 40 21 0 0 67 41 0 0 14 42 98 0 67 19 0 0 29 0 0 55 0 0 42 0 0 0 93 0 0 0 12 73 88 0 0 0 26 0
0 0 98 14 39 0 0 0 0 0 85 50 0 58 0 0 60 0 0 0 0 0 0 0 0 99 0 0 0 48 0 10 49 0 0 0 0 0 0 57 0 0 70 1 0 0 79 20 0 0
11 0 0 24 60 0 0 0 0 0 81 0 0 2 84 0 0 98 7 0 0 0 0 0 0 73 0 12 8 63 0 0 90 0 0 20 0 0 0 64 0 0 0 0 0 0 1 0 0 0
0 0 94 0 0 0 0 0 0 0 0 0 0 43 83 89 80 0 0 0 0 0 0 95 37 0 18 49 79 21 0 0 89 0 34 0 0 37 0 0 0 57 80 33 52 18 0 0 0 0
93 0 75 0 0 0 0 0 0 0 59 0 0 0 0 93 11 54 0 0 45 0 0 79 0 69 0 0 0 0 63 0 0 0 0 51 0 0 0 0 0 0 0 32 92 0 0 74 0 0
0 0 13 1 0 10 0 0 84 31 0 0 0 56 0 0 78 0 0 60 0 0 0 0 48 0 0 20 0 0 0 61 0 0 65 1 0 30 44 91 0 0 28 0 43 0 0 0 0 0
0 0 54 18 0 0 0 32 18 35 0 54 12 0 0 0 0 0 0 82 0 0 0 51 0 0 0 0 0 0 0 0 21 0 0 0 1 0 0 0 0 0 0 70 0 48 0 0 0 60
0 0 0 0 1 0 0 0 0 0 71 0 0 0 54 0 0 0 0 0 91 0 29 0 69 5 64 0 0 0 0 0 30 0 0 12 40 0 0 87 0 78 0 0 50 99 0 55 0 0
7 73 0 0 0 49 35 75 0 0 0 0 0 0 0 0 47 76 0 12 5 25 0 0 0 47 0 0 28 0 32 0 18 28 0 0 20 44 38 80 0 97 0 0 88 25 0 0 40 15
96 0 0 0 0 0 0 0 0 0 0 80 21 0 66 0 0 75 0 1 0 95 67 35 0 0 0 0 0 68 0 20 0 0 0 0 86 79 38 0 64 0 0 0 5 71 0 44 0 0
0 78 0 0 0 52 87 0 2 0 99 90 0 0 0 95 93 0 10 4 0 44 0 0 94 0 0 0 0 98 57 0 0 0 29 0 0 0 0 0 0 60 0 0 0 0 0 0 0 46
0 62 0 43 0 75 28 0 0 0 45 0 0 0 13 0 92 0 0 0 80 0 80 0 52 0 0 0 0 0 0 0 95 0 0 0 25 0 0 0 26 0 0 95 0 0 0 46 41 0
0 88 0 0 12 0 0 0 0 92 0 61 88 0 0 0 0 0 27 0 0 0 0 0 0 24 0 0 0 88 50 73 0 87 0 0 0 0 62 0 4 0 0 0 0 0 98 4 57 82
62 0 0 0 24 25 0 0 0 0 0 0 0 0 27 0 99 0 0 0 42 0 44 32 0 0 0 0 0 0 0 0 0 35 0 63 16 84 0 58 0 0 0 0 0 0 0 0 88 0
0 0 0 13 0 0 0 0 0 0 0 0 0 73 0 0 27 0 75 1 87 0 0 0 0 0 62 0 0 0 99 0 0 0 0 0 0 0 0 0 0 40 0 0 0 0 76 0 0 35
8 0 0 0 0 7 0 0 53 12 10 0 34 0 0 0 0 4 0 0 0 0 0 0 0 0 53 0 0 92 0 2 0 62 0 36 0 0 0 0 9 0 0 0 0 0 0 35 0 75
0 0 0 0 61 0 0 0 0 81 0 0 0 0 0 0 0 0 0 0 0 0 0 69 0 0 76 0 0 0 0 32 0 0 90 13 6 0 0 29 0 0 81 0 0 50 0 39 87 67
97 36 0 8 0 8 0 59 55 0 29 47 36 21 0 98 0 0 57 0 0 77 12 58 0 0 0 0 0 17 0 0 0 0 0 16 0 0 0 18 0 51 0 0 0 93 0 0 0 64
74 0 53 2 0 0 0 84 63 0 0 69 0 0 0 60 0 5 0 0 19 0 65 96 0 0 0 0 77 0 0 2 0 0 0 0 69 0 0 0 0 0 13 0 0 0 31 0 44 0
0 0 0 30 76 48 0 0 41 0 54 52 0 57 0 38 87 11 0 97 0 0 0 0 27 0 0 10 0 17 93 0 0 0 0 0 4 0 88 95 0 0 0 0 0 0 0 96 23 0
0 0 99 22 59 0 0 43 21 0 0 39 95 0 94 19 0 0 0 0 0 9 0 0 0 0 0 0 0 10 0 0 19 0 43 0 56 96 0 0 84 0 0 30 0 0 0 0 64 0
0 20 0 0 30 87 0 0 7 24 0 0 0 0 0 81 0 0 47 0 0 0 0 0 0 0 0 1 33 0 0 0 0 55 0 0 0 57 0 10 0 0 0 0 0 0 0 0 39 87
60 0 6 49 0 0 0 0 30 82 32 0 0 0 0 0 96 0 0 0 0 0 0 34 0 0 91 0 58 55 94 0 0 0 19 8 0 30 84 0 76 75 0 0 0 0 0 0 0 21
0 1 97 18 59 0 83 56 0 0 0 3 0 0 0 0 0 71 0 0 0 37 0 0 0 0 0 0 0 0 0 0 78 64 0 0 0 0 0 0 44 0 15 0 96 0 58 12 7 0
0 0 0 0 0 0 0 18 80 23 33 0 0 0 97 0 0 0 0 0 0 0 0 0 0 0 37 5 0 0 0 0 0 56 20 0 0 0 91 0 0 0 0 0 11 5 0 0 0 0
0 0 0 22 88 48 0 75 0 51 0 0 0 81 92 0 1 0 0 0 0 0 0 0 73 23 87 0 36 61 0 0 20 0 0 25 0 44 0 0 82 0 0 0 0 0 0 0 68 0
80 0 0 0 0 0 0 0 0 91 5 83 5 0 0 93 0 44 4 0 0 0 0 72 0 0 0 0 87 0 0 25 29 13 0 92 41 59 0 0 0 0 0 0 29 0 0 95 0 1
