68 0 0 22 0 0 0 27 0 0 0 0 0 18 0 0 18 51 0 16
0 0 0 0 0 50 0 0 53 0 0 43 63 0 0 0 52 0 0 0
28 39 0 74 0 0 93 0 0 0 34 0 0 0 0 0 0 0 0 93
0 0 0 0 0 55 57 0 0 0 0 0 0 0 0 95 0 0 0 0
0 91 40 0 0 0 0 0 0 0 99 0 86 78 0 37 0 0 0 73
0 0 0 54 0 0 0 0 0 0 0 0 0 53 0 0 0 0 53 59
0 0 69 0 0 0 0 0 0 20 37 0 0 0 0 0 62 0 0 0
0 97 44 0 0 0 0 0 0 0 20 9 36 47 0 0 9 92 0 0
0 0 0 0 0 42 0 0 0 0 0 0 0 0 0 0 0 0 0 0
0 0 0 0 0 0 42 60 71 0 67 0 0 0 93 0 0 0 0 0
0 0 0 0 0 68 69 0 55 0 0 0 0 10 0 0 0 0 0 29
0 0 0 0 0 0 92 61 0 91 0 0 71 0 33 0 82 0 37 0
94 0 0 0 0 0 0 0 25 0 0 0 38 0 6 34 0 0 65 0
0 0 0 0 0 0 0 22 0 0 34 0 0 0 0 0 0 4 0 76
90 34 30 0 46 0 0 88 0 0 0 0 0 0 0 0 0 0 0 0
0 0 23 45 44 0 89 0 0 0 0 0 0 0 0 0 0 0 24 0
6 0 97 15 0 86 0 0 0 0 0 0 66 18 0 0 0 0 0 0
0 99 0 0 52 0 0 0 28 0 50 0 0 0 0 0 0 0 57 0
0 15 6 0 49 0 0 0 60 0 0 52 0 0 0 0 0 0 0 0
0 66 0 0 0 0 0 0 0 72 0 0 0 5 48 0 0 0 0 30
65 0 0 57 0 84 13 82 0 49 99 0 0 0 0 0 79 0 5 0
0 0 0 16 0 61 0 0 0 37 0 0 58 0 0 0 0 0 22 25
0 0 33 0 22 0 0 0 0 0 0 0 0 0 0 73 0 0 0 0
0 0 0 0 0 0 0 0 81 0 31 0 0 0 20 0 0 0 0 0
0 0 21 0 69 46 0 0 26 66 0 0 0 0 0 0 0 0 0 0
0 96 0 0 0 88 0 76 0 0 6 0 0 0 0 0 0 33 58 67
4 0 0 0 0 98 54 0 0 0 0 0 0 0 0 0 0 0 0 0
0 0 66 0 57 0 0 53 0 0 0 0 0 14 0 19 0 0 18 0
0 0 0 0 85 0 46 0 0 0 0 0 0 0 0 85 48 0 0 0
0 0 20 82 0 0 0 10 0 35 0 0 0 0 0 0 89 0 81 0
0 0 0 0 87 0 0 0 0 0 0 0 0 0 27 0 0 0 16 4
0 0 0 14 67 0 0 0 0 0 0 0 0 48 0 91 48 0 0 0
0 20 77 55 0 0 0 18 0 0 0 0 12 0 0 70 0 0 0 0
0 0 0 0 0 0 0 0 0 38 0 0 0 0 0 0 0 0 0 0
0 90 0 0 0 91 0 0 0 0 30 0 87 0 12 67 0 16 0 32
0 0 0 0 0 0 0 0 0 90 0 0 82 0 58 0 0 0 0 39
0 0 0 0 0 0 0 0 0 53 78 0 54 0 0 0 99 0 0 0
78 0 0 0 0 0 0 0 92 69 0 0 0 94 0 0 0 0 0 0
0 23 50 0 0 16 9 0 0 0 0 0 0 0 92 0 9 0 0 0
0 0 0 69 0 52 0 0 0 7 0 0 56 0 0 0 78 0 0 0
0 0 0 0 0 0 0 13 0 40 0 0 0 0 0 0 0 44 0 55
0 0 76 0 0 0 0 0 0 0 0 0 0 77 92 35 0 36 0 0
0 22 0 0 0 0 0 32 0 67 0 0 0 99 0 0 0 27 0 0
0 0 0 0 0 0 0 0 0 90 59 67 0 0 0 0 27 0 0 0
0 0 0 0 0 0 0 0 0 74 0 0 0 30 0 0 0 0 0 0
0 35 0 43 61 0 0 4 0 58 0 23 24 73 0 0 0 0 0 0
42 0 0 0 0 60 61 84 0 43 0 0 98 0 0 0 0 5 0 0
0 0 0 0 18 18 0 0 0 0 0 0 10 0 0 0 14 0 0 8
0 0 0 0 0 0 30 0 0 0 0 22 0 0 0 97 0 0 0 0
0 0 0 0 0 0 0 27 0 2 0 0 0 0 10 0 0 0 0 0
