0 0 0 0 13 17 0 0 0 0 0 0 1 0 0 0 14 36 0 0 0 0 0 48 0 0 0 25 0 46
0 68 45 0 89 57 0 36 0 0 0 0 84 0 26 82 46 87 0 31 18 0 9 0 0 73 77 0 0 0
53 16 66 0 35 0 0 81 0 0 0 25 0 0 28 47 0 43 0 0 0 0 0 0 35 0 0 0 73 0
0 0 3 80 0 0 0 0 32 45 0 0 13 0 0 0 0 0 0 0 0 64 0 0 91 0 0 19 0 17
0 0 0 0 0 0 0 97 0 0 0 0 0 0 79 0 0 67 0 71 0 0 83 0 0 22 0 0 98 0
97 0 0 0 0 0 99 43 0 0 0 0 31 22 12 37 0 0 92 1 0 20 92 0 0 0 59 0 31 41
0 0 0 83 41 25 0 0 93 0 0 0 0 0 0 0 0 0 0 94 0 0 0 0 0 0 0 86 0 0
0 0 80 0 0 0 0 0 0 0 0 0 0 12 0 11 43 0 0 0 0 0 0 0 0 30 0 0 35 51
0 15 0 74 45 0 0 72 0 46 0 0 0 0 0 0 0 0 0 65 37 0 17 0 42 28 0 69 0 0
34 0 46 57 0 52 13 0 0 0 90 0 0 4 0 0 58 0 0 0 0 21 0 12 0 0 0 0 79 73
