21 93 0 0 0 0 0 0 0 21 56 0 1 40 0 0 32 0 0 0 0 0 0 0 20 0 43 0 72 0
0 0 78 0 92 25 0 19 37 74 59 0 0 24 75 0 0 0 0 16 67 86 0 0 92 72 0 0 3 0
0 84 0 96 4 0 0 84 0 0 4 0 0 0 53 0 45 0 61 0 0 29 0 0 0 0 36 0 0 31
0 0 0 81 0 29 4 0 49 0 96 0 55 0 0 48 0 68 63 0 91 0 0 0 0 0 17 0 0 0
0 0 18 60 0 54 60 0 38 0 0 20 0 0 0 18 0 0 0 0 0 0 0 0 0 70 0 0 0 75
0 0 0 22 12 0 0 0 0 0 0 0 0 0 0 0 45 0 0 83 54 0 0 33 83 0 0 0 0 0
25 0 62 0 0 0 0 0 20 0 0 0 0 14 0 48 0 17 0 0 0 51 69 0 31 0 0 0 66 0
71 0 0 0 0 0 0 0 0 0 0 39 0 0 0 33 56 17 52 6 0 0 0 0 0 0 0 0 52 0
0 0 0 0 0 0 0 17 0 83 0 0 0 0 0 0 0 0 21 0 45 0 0 0 0 0 0 0 0 0
0 0 0 0 0 0 0 0 0 0 0 0 0 0 0 0 0 0 0 0 0 0 0 0 0 0 74 0 42 0
0 22 0 70 41 0 0 0 0 0 0 0 0 0 65 0 0 37 28 30 0 50 0 0 0 55 0 0 0 38
0 0 78 0 0 0 90 0 82 0 33 0 0 0 0 59 0 0 0 0 0 9 0 25 54 0 57 47 0 0
37 0 0 17 0 0 0 0 0 0 98 0 0 0 0 0 98 0 0 0 19 27 0 62 83 0 0 0 0 90
0 0 0 0 73 0 0 0 0 0 0 40 0 0 86 61 11 41 0 54 38 67 0 97 0 0 65 0 0 0
0 0 0 2 95 0 0 0 15 0 30 30 58 0 77 0 0 0 86 95 0 0 0 89 17 0 0 0 87 4
87 19 0 0 88 0 0 84 43 0 0 0 72 0 0 90 0 0 65 0 98 34 38 0 20 0 0 72 0 0
23 0 50 0 25 3 3 68 0 0 38 39 15 0 0 0 42 49 32 0 0 0 0 78 0 0 0 52 30 47
99 6 0 0 0 4 0 0 0 0 0 0 66 13 0 0 89 63 18 0 28 38 0 0 0 0 0 96 65 71
25 0 0 0 0 0 0 23 66 0 0 0 30 0 0 0 32 0 0 0 43 0 0 0 0 20 0 0 0 0
50 38 83 43 0 0 0 16 0 0 0 0 0 0 0 98 15 0 0 0 16 72 22 0 0 0 0 0 0 0
