0 0 0 0 78 0 0 91 0 0 0 0 44 0 0 0 83 0 0 0 0 88 80 55 81 0 0 0 0 90 89 0 0 0 13 61 0 0 0 0 0 0 0 0 50 0 19 0 0 0
80 52 0 0 0 82 0 0 0 0 0 0 0 0 49 0 0 44 0 0 84 0 0 0 0 0 0 97 0 0 0 0 0 0 14 0 0 0 0 0 0 0 0 47 0 41 0 0 0 0
86 0 0 0 9 0 0 0 13 0 0 0 0 0 0 0 0 0 32 99 0 28 94 0 0 0 0 0 0 56 77 0 0 76 0 0 0 0 0 0 41 0 0 46 0 78 0 0 0 0
0 0 0 2 45 0 0 0 0 0 14 0 0 0 0 96 0 52 0 0 0 0 0 20 0 9 0 0 0 0 0 0 0 0 0 0 0 0 0 13 0 0 0 0 0 42 0 0 8 0
0 0 67 0 0 0 0 0 49 0 89 0 0 0 0 94 0 0 0 20 70 0 0 73 65 73 0 48 0 8 0 0 42 0 19 0 0 39 16 0 72 57 14 0 86 0 0 0 0 0
0 0 80 0 0 0 39 0 47 0 0 0 0 0 0 0 60 0 50 0 0 0 0 0 0 0 0 0 0 0 0 0 0 0 0 0 0 0 0 19 23 0 0 0 0 35 0 0 24 0
0 0 0 0 0 0 90 8 0 0 0 0 0 0 0 0 0 0 0 0 0 0 0 51 0 0 0 0 0 31 0 0 0 0 0 92 0 0 52 0 5 0 0 0 31 99 0 0 79 0
0 0 0 0 0 14 0 46 30 0 0 0 0 0 32 0 0 90 0 0 47 0 0 0 0 39 19 0 0 0 0 0 0 76 0 0 0 0 0 0 0 0 0 70 82 0 53 0 0 0
0 74 0 0 14 0 0 0 0 0 0 0 0 73 0 0 0 89 0 0 0 0 0 55 0 0 0 0 0 93 0 2 0 0 98 0 53 0 0 49 0 0 0 0 29 36 0 0 0 0
0 79 49 0 0 0 0 0 33 0 0 30 0 0 0 0 83 0 0 0 0 0 0 0 16 0 0 4 0 0 0 79 0 61 0 74 0 0 0 0 0 0 0 10 0 0 0 0 0 0
0 0 0 0 0 0 93 0 0 0 95 83 0 0 0 0 0 0 0 92 0 0 0 0 16 0 0 0 35 9 0 72 0 0 0 0 0 0 0 0 5 0 0 0 0 0 0 39 0 0
0 0 0 0 0 0 60 0 0 0 0 0 0 27 0 58 0 0 0 0 0 0 0 87 91 60 4 0 0 14 0 0 6 0 0 0 50 0 0 0 31 0 4 62 9 0 0 0 0 0
0 0 0 0 0 0 0 0 0 95 0 1 57 0 0 0 6 0 0 0 21 0 75 0 6 0 0 91 0 37 45 0 0 0 0 8 0 0 0 0 0 0 0 67 0 0 0 0 50 0
0 0 0 0 0 0 21 0 0 0 0 19 0 0 0 0 0 76 73 0 0 0 0 0 0 83 0 50 0 0 23 23 93 71 0 67 65 0 0 0 0 0 98 0 0 0 0 10 27 0
0 68 0 0 95 0 44 45 0 0 0 59 38 0 73 0 19 39 0 16 0 0 36 0 0 0 0 0 0 0 0 0 0 0 0 84 0 38 0 0 69 0 0 1 0 27 0 0 0 0
60 66 89 0 50 0 0 0 0 0 0 0 0 0 0 0 0 21 0 0 0 18 0 0 0 0 0 75 19 0 31 0 3 0 0 0 0 0 0 0 0 0 0 0 86 16 0 0 0 0
0 0 0 0 0 0 78 0 0 99 0 6 0 0 0 0 0 52 76 24 0 0 9 57 0 0 0 0 0 0 0 37 72 0 10 0 0 0 94 0 0 0 81 33 0 0 0 0 0 0
0 0 0 0 0 0 0 0 0 0 54 0 0 0 0 0 0 0 0 0 0 0 77 0 71 0 0 0 0 53 86 0 0 0 4 0 0 0 99 0 0 89 0 0 16 0 0 48 0 71
0 0 0 0 0 0 11 0 0 0 0 0 0 0 0 0 0 26 20 0 0 0 87 0 0 80 0 0 35 0 0 36 0 0 0 0 0 0 0 0 0 0 0 10 78 84 0 0 0 0
0 0 0 0 0 0 0 22 0 0 86 0 0 0 0 0 0 10 0 47 0 0 0 56 0 0 0 98 0 0 0 0 0 66 84 0 39 0 0 0 0 0 0 7 0 0 0 63 0 0
0 0 0 0 0 0 42 0 0 0 0 0 0 0 0 0 0 0 0 72 0 66 91 0 19 0 0 65 37 0 46 0 0 0 0 0 0 0 80 0 0 0 0 0 0 0 0 0 37 59
0 79 0 0 83 0 0 0 0 74 0 0 0 0 0 0 64 69 0 0 0 0 30 0 0 53 0 0 94 0 0 0 0 0 0 0 0 0 0 17 0 0 0 0 36 0 0 0 0 0
0 0 0 53 0 62 32 0 0 5 0 0 0 0 0 0 40 64 0 13 0 0 0 0 0 0 53 0 0 0 0 98 0 0 0 0 0 0 38 5 0 0 0 0 26 0 0 0 0 0
0 0 0 0 0 0 63 0 0 0 0 0 71 0 0 93 0 0 92 0 0 0 0 0 80 0 16 0 0 0 0 0 0 0 89 0 0 0 0 82 0 0 89 11 0 69 0 0 0 36
0 0 0 72 0 91 0 0 0 0 0 26 0 21 8 0 65 0 0 0 0 0 93 0 0 0 4 26 16 0 0 0 0 0 0 0 0 85 0 0 0 0 59 0 0 0 0 0 0 81
96 0 8 0 0 6 0 0 0 26 0 0 29 0 0 0 0 0 0 0 0 71 0 0 0 0 0 0 0 0 0 0 32 14 0 9 0 0 0 0 0 82 0 0 0 0 67 0 0 35
78 0 0 0 0 0 0 0 89 35 29 6 0 67 0 0 93 0 0 0 4 0 16 0 0 65 0 80 0 0 0 0 0 13 0 0 0 0 0 0 0 0 0 0 77 39 0 30 24 0
3 0 0 29 0 0 0 0 11 8 0 0 0 0 0 0 0 0 0 0 0 0 95 0 0 0 0 0 0 0 0 0 0 0 0 0 70 0 0 19 0 0 0 0 0 0 0 11 0 0
57 0 93 0 0 24 0 80 0 0 0 0 0 0 0 0 27 0 2 0 0 0 0 0 0 0 73 0 0 12 0 0 0 0 94 0 0 59 87 0 34 90 31 0 0 29 0 0 96 0
0 0 0 0 0 82 46 39 0 0 0 0 0 15 0 0 91 0 92 0 8 0 12 0 0 0 0 0 0 9 0 0 0 0 0 61 94 0 0 0 0 83 0 39 0 0 0 0 0 0
