0 21 22 92 0 99 0 0 10 0 2 0 0 89 0 0 0 0 92 34
0 0 0 0 0 0 0 0 11 0 0 0 0 35 0 0 0 0 0 0
68 0 0 0 0 0 0 82 0 0 0 0 0 0 0 0 58 0 0 0
0 0 0 97 0 0 26 81 0 0 0 0 0 0 0 60 0 97 78 0
10 0 0 0 90 0 76 0 0 0 0 0 0 0 0 0 0 0 15 0
0 0 0 14 0 0 13 0 0 0 0 0 89 0 0 0 0 0 0 7
14 48 0 98 51 0 0 0 0 0 0 43 0 0 41 50 4 43 0 0
90 0 0 0 0 0 18 74 0 0 0 0 91 0 0 86 0 0 0 40
0 0 0 40 0 0 0 44 0 0 0 89 0 0 0 0 36 0 0 0
57 26 0 97 0 0 31 0 0 0 0 0 0 0 52 0 0 0 0 0
0 0 0 0 0 0 83 0 0 0 0 55 0 0 0 0 0 0 0 0
0 0 14 0 44 0 0 0 0 0 0 0 0 9 51 71 0 0 0 0
0 0 0 0 0 0 29 0 0 0 0 0 0 0 0 0 0 0 0 0
18 0 0 0 0 0 0 0 34 0 0 0 0 0 90 44 0 0 21 0
0 0 0 73 0 0 0 0 0 0 0 0 80 64 0 9 80 0 28 0
0 52 0 0 0 0 0 0 0 59 0 0 0 0 73 0 0 0 0 23
0 0 0 44 0 0 0 43 0 61 19 0 77 0 79 0 14 0 0 0
0 0 0 0 0 96 0 43 0 0 0 97 78 0 0 21 0 0 0 0
0 0 9 0 0 0 0 0 0 0 0 0 94 0 0 0 0 0 0 0
0 0 2 11 21 0 0 0 59 0 0 0 0 0 0 20 0 0 0 0
0 0 0 0 0 0 74 0 0 36 0 0 54 2 0 0 0 0 34 73
0 0 0 0 0 0 0 0 35 0 0 0 10 54 50 0 71 60 0 96
0 0 0 0 67 32 0 3 0 0 0 0 0 42 0 40 0 0 0 0
0 0 19 76 29 0 91 29 0 0 0 0 40 0 0 37 0 0 0 0
0 0 0 0 0 0 0 4 0 0 33 0 57 0 5 0 0 0 46 0
0 0 0 0 5 39 0 0 0 0 0 0 0 13 0 0 0 0 0 0
0 0 0 0 59 0 0 0 0 0 0 0 0 0 0 0 0 0 0 0
96 0 0 88 79 0 0 0 22 0 61 0 0 25 90 0 0 0 0 0
0 0 0 50 0 10 89 0 0 0 0 0 45 0 27 0 89 0 0 36
0 0 98 64 0 0 0 0 0 0 0 0 0 0 0 0 0 0 0 0
