0 0 0 0 0 0 12 0 34 0 0 60 61 0 0 0 0 0 0 0 95 0 0 58 0 42 0 0 0 14
67 0 0 27 0 44 10 0 0 0 50 0 96 67 0 0 26 0 0 0 0 0 0 0 0 0 38 91 0 0
0 0 65 38 0 0 38 0 0 0 0 21 0 0 12 0 20 0 0 33 0 0 0 0 0 81 0 0 0 0
0 0 11 0 0 0 0 0 0 0 0 0 0 0 0 0 0 0 52 34 0 37 0 24 0 0 0 0 14 0
0 0 51 0 0 0 0 79 52 0 0 20 0 0 0 43 0 0 0 0 0 30 0 0 0 67 0 0 0 0
90 0 0 67 0 0 87 0 0 0 38 0 0 0 0 0 0 99 0 0 0 0 0 0 0 0 14 0 97 60
0 0 0 30 0 25 0 0 0 0 0 0 0 0 0 59 51 0 0 0 12 0 0 0 0 0 0 0 26 0
0 0 0 28 0 0 11 0 0 0 0 0 0 0 0 0 52 57 79 0 0 48 0 0 0 95 0 0 0 0
0 53 0 0 25 66 91 0 0 0 92 0 33 0 0 0 0 0 67 0 50 17 46 0 0 0 0 0 0 0
0 0 0 0 0 0 0 0 16 0 35 0 0 13 0 0 0 0 0 0 0 0 98 88 41 0 0 0 72 0
0 13 0 0 0 0 0 0 58 0 0 0 0 0 0 20 0 0 0 3 0 0 0 0 0 0 0 54 0 72
0 0 34 0 0 0 0 52 24 0 0 39 0 0 0 0 0 0 0 0 0 0 0 0 0 0 0 0 0 0
0 98 0 0 35 0 0 3 82 0 0 0 9 0 0 0 0 0 0 0 0 0 0 0 59 0 0 91 78 0
33 22 0 0 0 0 0 0 0 67 0 0 0 0 44 0 0 81 79 0 0 0 0 95 16 0 0 95 0 0
0 0 79 0 0 0 0 0 63 0 0 85 9 53 0 0 0 0 0 28 0 0 96 0 0 0 84 0 0 0
0 0 0 0 0 0 0 0 0 53 22 0 0 0 0 0 0 0 97 69 0 0 50 0 0 0 0 0 17 26
0 0 0 15 0 38 0 0 95 0 0 5 0 0 22 0 27 46 0 0 0 0 54 0 0 0 48 0 0 0
0 65 91 0 0 0 91 0 98 0 0 0 0 0 0 22 0 0 0 0 0 0 0 66 0 0 0 30 0 0
0 0 0 0 0 0 0 0 13 0 49 0 0 0 0 0 63 0 0 0 0 47 0 0 0 0 43 0 0 0
93 0 16 0 0 0 11 0 0 0 0 96 0 0 0 72 0 0 0 0 26 0 0 0 0 0 0 0 0 0
