0 0 0 85 0 0 0 0 0 0 0 0 0 0 57 0 0 0 0 0 0 0 0 0 0 0 0 0 0 0 0 0 94 41 22 0 0 0 25 76
0 0 25 0 0 0 0 0 90 0 0 24 0 0 0 95 39 0 0 0 0 0 0 0 0 0 0 2 0 0 85 0 50 85 0 17 0 0 0 0
0 0 0 0 0 0 0 91 0 0 0 0 0 0 0 0 0 0 0 0 0 0 93 0 0 0 0 0 0 0 0 81 75 0 0 88 0 0 0 0
0 0 90 0 0 0 0 0 64 0 0 0 0 0 0 73 0 62 0 0 0 0 76 27 0 0 33 25 0 66 0 0 0 0 39 6 0 10 0 0
0 32 0 33 0 75 5 0 0 31 0 0 0 0 0 0 0 0 0 62 0 0 0 0 0 56 44 50 50 41 20 0 71 87 0 69 0 0 0 89
94 0 77 0 0 16 0 0 0 0 0 0 0 74 0 0 0 0 0 0 24 0 0 0 0 0 0 0 0 0 0 0 0 0 2 65 0 0 0 0
91 0 0 0 19 0 0 46 0 0 0 0 70 0 95 85 0 0 15 0 0 7 0 0 0 0 0 0 0 11 0 0 15 0 0 0 64 0 0 0
0 0 63 30 0 0 0 0 0 0 0 0 0 2 0 0 39 0 0 0 14 0 83 0 0 0 0 0 0 0 0 25 0 79 0 0 0 0 0 0
0 0 19 0 24 0 0 0 0 0 21 77 63 93 0 0 0 0 95 73 16 0 0 57 3 0 0 0 20 0 0 70 0 0 70 0 0 0 0 0
0 23 40 0 0 0 0 0 18 0 0 22 0 0 0 0 14 0 0 0 0 0 0 0 0 0 28 41 0 0 0 84 15 0 0 0 57 0 0 0
