0 68 0 47 0 0 0 0 0 51
99 0 0 56 0 0 74 0 0 32
0 19 0 6 0 91 0 28 8 0
49 0 68 83 0 35 0 0 0 0
0 0 0 0 87 0 92 0 69 0
0 0 80 0 87 0 0 0 20 65
0 2 0 0 0 0 0 0 0 25
19 92 0 0 0 0 0 0 0 0
0 12 0 0 0 0 0 0 0 0
84 74 0 0 0 0 0 0 30 73
0 0 64 35 0 0 65 87 7 14
38 0 0 0 0 0 0 0 0 0
0 47 0 69 0 80 52 19 95 0
0 0 0 64 16 70 0 40 0 0
0 0 96 0 0 94 0 0 0 0
82 55 38 28 45 34 0 86 22 31
0 0 95 21 0 0 0 0 64 0
0 0 55 0 0 0 0 0 0 0
35 0 16 0 3 65 0 0 67 0
0 0 85 2 0 0 0 0 0 0
0 0 0 0 0 26 0 70 0 97
74 0 0 0 0 0 0 56 0 0
0 98 85 41 0 0 83 51 0 0
0 0 22 27 0 0 35 0 0 37
4 0 0 0 0 0 0 0 3 58
0 88 0 0 0 0 40 0 0 0
0 4 0 0 0 0 0 0 21 0
0 0 0 0 41 24 39 16 0 0
13 0 0 62 0 0 83 6 0 94
0 0 0 0 0 0 0 99 0 0
0 0 67 0 0 0 0 33 0 0
7 0 0 0 66 0 9 0 25 0
19 0 0 0 57 55 0 0 0 38
46 0 0 0 93 0 0 0 85 75
0 0 0 0 0 0 0 66 44 0
0 0 0 0 0 0 0 0 0 0
0 96 0 0 0 0 0 0 0 87
0 0 0 91 54 0 0 23 0 85
0 0 67 0 0 0 0 90 41 97
94 0 73 76 0 0 74 0 0 0
0 87 0 61 40 0 81 0 0 0
7 0 0 0 26 70 0 21 0 13
0 0 0 0 0 0 0 98 71 70
0 14 0 0 0 0 74 0 0 25
16 0 66 93 0 11 33 0 0 0
0 8 0 0 0 0 0 52 0 63
0 0 0 74 0 0 0 0 0 0
0 0 0 0 0 0 29 0 0 0
0 19 43 0 0 0 0 0 68 31
87 16 0 0 71 45 0 79 0 0
