15 0 18 60 0 0 31 0 0 0 0 40 60 0 0 0 46 0 0 0 14 0 0 99 21 64 0 0 0 0 0 0 0 0 21 0 0 29 2 0 0 0 0 0 27 71 0 0 16 93
0 49 57 79 0 0 0 20 77 0 0 69 72 0 0 0 0 47 70 0 63 0 0 0 0 0 0 0 0 20 79 92 76 0 54 0 3 88 0 57 0 0 0 0 0 0 0 62 0 0
0 5 33 0 0 0 0 63 0 50 0 0 67 12 0 0 0 0 0 0 0 55 0 0 0 0 1 19 4 82 0 72 51 0 47 14 99 0 0 0 0 10 21 87 0 93 0 0 85 0
62 8 0 0 37 0 0 0 0 43 0 43 0 34 0 0 0 0 0 78 16 0 0 75 43 0 43 11 0 8 70 0 0 0 0 0 0 24 5 0 73 30 42 0 0 59 51 36 0 50
81 17 18 52 0 83 0 28 0 0 0 0 0 0 0 98 30 67 2 27 0 0 8 0 20 0 13 0 0 0 0 72 92 0 0 0 0 87 0 76 55 98 0 0 0 87 0 0 0 0
0 0 0 0 0 3 0 6 6 0 0 0 0 96 0 0 0 0 13 96 0 91 0 0 78 0 0 9 0 33 16 0 79 0 0 0 0 0 0 0 0 0 0 0 0 0 0 0 24 0
0 34 0 0 0 0 22 0 47 0 0 0 0 0 46 0 44 0 0 0 0 0 0 0 47 0 0 0 50 0 0 0 48 26 0 72 54 0 46 66 44 0 24 34 0 81 0 50 0 0
0 0 0 0 0 0 0 34 0 0 79 0 0 0 93 41 0 0 0 0 0 0 8 0 24 0 0 10 65 59 0 0 0 13 70 0 41 0 16 3 0 96 90 86 50 72 0 0 0 0
0 66 0 0 0 0 0 0 0 23 83 0 85 34 58 0 0 58 0 0 13 0 0 70 0 55 39 0 93 0 0 0 0 0 0 73 0 84 0 41 0 0 0 0 10 0 0 0 0 0
74 41 12 0 0 0 0 5 0 0 0 0 0 39 0 0 0 13 54 0 0 0 0 0 0 0 9 0 39 0 24 0 11 0 0 55 0 38 44 17 0 0 0 0 0 0 0 0 0 0
0 35 0 0 0 61 42 0 0 75 22 58 8 24 45 0 0 0 0 0 0 0 0 0 0 0 0 12 0 0 0 0 0 0 45 0 35 1 0 0 0 0 0 30 0 0 0 0 0 0
0 0 0 0 0 72 0 0 0 0 0 56 0 0 0 0 35 0 55 0 0 0 0 21 47 92 0 0 0 0 0 0 0 0 0 0 0 0 1 0 0 48 0 17 0 42 61 0 0 0
0 18 0 0 0 0 0 0 0 0 0 0 78 79 49 0 0 0 22 0 0 0 0 0 19 69 0 0 2 0 0 69 0 0 0 0 0 0 23 0 0 0 0 42 1 0 27 0 0 0
76 0 0 0 0 0 0 0 0 0 82 63 0 0 88 0 0 0 0 26 0 0 3 0 0 72 58 0 0 72 90 79 0 0 12 82 91 0 33 0 41 40 12 0 18 0 0 0 3 0
0 0 0 6 0 0 0 32 0 0 0 0 0 0 0 0 0 38 0 0 0 0 0 35 0 0 0 0 0 0 0 0 0 0 28 47 0 0 0 12 0 0 0 0 0 0 0 0 34 0
15 0 0 0 64 82 76 0 73 52 14 6 0 0 0 0 0 7 0 0 70 0 0 0 98 0 0 2 0 0 71 0 75 0 0 0 0 48 0 0 79 0 0 65 0 0 81 0 0 0
78 68 0 0 0 49 0 99 0 0 11 0 0 0 48 0 0 73 0 69 35 72 0 0 0 67 0 7 0 0 0 0 81 0 0 0 14 0 0 0 0 0 0 0 0 0 0 0 68 87
0 0 0 0 0 0 46 34 0 70 62 0 0 0 0 11 0 0 0 0 94 0 0 0 57 0 0 0 0 31 0 0 24 0 0 0 87 13 0 0 0 0 0 0 96 0 0 0 0 0
45 0 0 0 0 5 22 0 0 0 0 13 0 93 0 81 77 87 0 62 0 45 0 5 46 0 0 18 83 0 0 0 57 84 0 40 40 3 0 76 0 90 0 0 94 0 0 63 0 0
0 0 0 26 0 0 0 0 0 0 97 54 8 0 28 0 0 39 0 54 0 0 0 10 0 18 0 97 0 0 0 55 34 0 0 10 0 0 31 33 0 43 0 0 0 0 0 0 21 0
0 0 0 0 66 0 35 0 0 82 0 0 0 0 61 0 0 0 82 0 0 0 0 0 0 99 0 0 0 2 0 0 0 0 40 0 35 0 0 83 0 41 46 0 0 0 0 0 58 0
0 0 59 98 17 0 0 0 0 0 0 0 7 0 89 0 0 0 0 0 0 0 0 0 61 5 45 0 0 20 0 0 28 0 63 0 0 0 27 0 85 21 29 0 32 43 0 0 0 0
0 0 0 13 0 0 0 0 67 0 0 0 12 97 0 0 0 0 0 0 75 0 18 0 0 0 72 0 22 0 0 96 85 17 46 0 0 0 50 0 0 0 82 0 91 0 0 0 0 87
0 0 0 14 0 86 0 0 0 0 0 0 0 0 0 0 0 0 1 0 0 0 52 0 0 83 0 0 0 15 0 0 0 13 0 0 0 0 0 0 59 0 0 86 45 17 0 10 32 0
0 77 85 41 0 29 82 0 78 0 0 37 0 0 17 0 0 0 0 0 0 32 0 0 0 0 0 39 0 0 0 0 0 0 0 0 0 0 0 42 0 0 26 0 0 0 0 0 10 64
0 67 0 60 19 0 0 0 0 0 11 0 0 0 96 0 58 75 0 0 0 95 46 27 0 0 78 0 85 39 0 0 0 83 33 0 11 32 56 0 50 52 0 23 41 0 88 26 0 32
0 0 41 0 13 45 0 0 0 0 0 87 0 76 0 0 0 0 68 26 0 77 0 17 0 0 0 0 65 36 0 0 49 33 10 0 0 0 0 0 0 82 0 0 0 0 26 40 0 0
0 0 0 0 7 0 0 0 0 0 17 0 0 0 0 64 52 62 93 0 0 0 0 0 3 0 40 0 0 0 0 74 0 0 0 0 0 0 75 0 0 0 70 39 0 0 60 0 1 39
0 0 0 0 0 0 53 2 70 0 0 15 35 0 0 0 0 0 0 64 15 0 0 0 0 81 0 0 0 0 0 0 0 0 28 0 2 0 0 20 0 0 0 0 0 0 32 56 0 0
31 0 0 84 0 0 0 0 0 0 0 20 86 0 91 0 0 0 82 67 56 0 0 23 19 0 0 8 0 0 0 0 0 0 0 72 0 51 89 77 0 0 0 0 52 34 91 0 0 19
