56 30 0 83 55 3 0 0 47 0 0 0 58 3 0 0 0 0 25 0
0 14 0 0 0 0 0 0 0 0 0 0 0 60 0 0 0 64 56 0
46 37 93 0 44 0 2 69 89 0 0 0 0 43 0 0 0 0 44 0
4 0 0 0 0 0 0 0 0 58 0 0 0 57 0 77 40 0 0 0
0 0 94 0 0 0 19 85 0 0 91 0 0 0 0 71 42 0 0 0
0 10 0 0 86 0 13 0 0 0 11 0 0 0 35 0 0 0 80 47
0 22 1 62 0 62 0 21 0 0 0 0 0 0 34 0 0 0 0 0
0 77 0 0 0 0 0 0 87 0 80 39 0 41 0 0 0 0 0 75
71 0 0 29 54 98 30 0 98 0 0 0 89 0 0 0 0 0 0 0
0 45 0 0 0 0 53 61 0 0 19 0 0 0 96 0 69 53 79 0
0 86 49 99 0 57 83 0 0 39 43 0 12 54 0 0 0 48 41 65
0 0 82 61 0 0 0 0 53 0 35 0 0 0 0 35 81 60 0 0
0 0 94 0 0 8 29 0 75 0 0 0 39 0 0 68 8 0 0 0
0 30 0 0 34 0 95 65 41 67 75 0 0 0 0 0 85 0 0 0
0 0 0 0 0 39 0 22 0 22 0 0 19 94 0 0 0 0 47 54
0 92 0 0 0 37 0 12 0 45 39 0 0 75 0 0 57 0 0 46
0 82 0 0 0 0 0 0 0 0 68 0 34 0 0 14 31 22 2 0
0 0 0 0 0 61 63 0 0 0 28 88 0 56 65 92 0 0 0 0
40 0 51 0 89 0 0 0 0 12 23 0 78 0 0 98 0 0 0 0
92 34 71 34 39 0 0 0 0 42 0 29 0 0 0 0 0 0 0 0
0 0 0 8 82 92 0 23 0 0 0 0 0 0 92 0 0 0 57 17
45 0 93 65 0 76 0 0 0 0 0 0 0 0 0 0 0 0 25 44
29 0 79 0 0 0 0 19 0 0 63 0 0 0 0 16 0 0 0 0
0 0 96 0 0 0 36 10 93 0 0 0 22 0 0 0 0 0 0 27
65 0 0 0 60 0 0 0 0 0 0 0 0 0 0 0 0 0 76 0
79 0 12 0 0 54 0 0 0 49 0 92 0 0 0 0 0 0 25 0
0 0 79 0 0 97 0 0 11 0 0 33 0 92 0 0 0 0 0 65
0 72 0 0 0 0 0 0 0 0 97 0 98 0 0 0 25 0 0 79
0 0 49 0 0 60 0 0 0 0 81 0 49 0 0 20 0 0 0 0
27 0 84 0 0 0 0 78 58 0 0 0 0 4 0 0 0 0 0 0
