0 0 0 0 0 0 0 53 85 0 0 6 0 34 40 0 67 0 0 0 32 0 0 0 0 0 30 86 0 0
42 0 40 0 0 0 48 0 0 0 64 0 89 0 0 0 0 0 0 0 40 0 0 90 53 0 0 0 0 0
0 0 0 0 26 0 0 12 0 0 0 0 0 0 0 0 0 0 0 0 14 19 13 0 0 0 0 68 0 0
0 45 0 0 56 8 30 0 22 46 0 0 55 0 73 0 63 31 21 36 0 0 0 0 77 19 0 0 0 0
69 0 10 6 0 0 0 27 0 0 0 0 0 0 0 57 0 59 55 91 30 82 0 77 0 60 0 41 78 13
0 0 0 0 23 0 64 0 0 0 0 41 0 0 0 0 0 66 0 0 0 75 0 90 98 94 75 0 0 0
0 0 49 97 63 56 0 0 45 59 0 33 0 0 0 4 0 0 0 0 0 0 18 92 0 0 59 0 52 13
0 0 21 0 0 0 25 0 0 0 57 0 0 0 90 0 84 0 0 0 23 0 0 37 27 0 0 0 0 0
28 6 0 0 0 0 0 0 88 93 0 0 5 0 0 79 0 0 45 39 0 59 80 0 74 0 0 0 0 0
0 0 0 0 0 0 0 0 72 0 1 0 46 0 0 0 0 0 0 0 0 0 0 57 10 47 0 0 78 0
