0 0 31 0 0 99 0 0 0 0 0 0 0 0 37 89 0 0 97 0 0 0 6 0 98 0 16 0 49 75 0 0 0 0 0 0 0 0 97 0 0 0 0 62 0 0 0 0 0 0
0 22 0 92 0 20 0 74 0 0 0 0 0 0 0 0 54 87 0 0 65 0 0 0 0 0 0 0 30 0 31 0 0 0 0 0 0 97 0 0 0 0 0 88 0 0 0 83 0 0
13 0 0 0 3 73 0 0 0 0 0 29 0 0 0 0 0 0 0 99 0 0 0 0 23 0 0 0 0 0 0 0 0 0 98 0 0 0 0 0 42 0 0 0 0 0 18 66 0 0
0 0 0 23 0 0 0 0 0 0 0 0 34 0 85 0 0 0 0 87 0 68 0 43 0 0 0 0 0 0 0 0 0 0 0 0 0 30 31 62 0 0 70 41 0 0 74 0 0 0
0 0 0 0 66 0 0 36 0 0 0 20 32 0 0 12 0 0 0 0 0 54 0 0 0 0 0 0 0 0 0 0 59 0 0 0 0 80 3 0 0 0 0 0 0 4 0 0 0 0
0 0 0 0 0 92 0 0 0 50 39 37 0 0 0 0 0 0 60 0 41 0 0 0 0 81 0 0 0 0 0 0 0 0 0 0 0 0 0 0 0 0 0 0 0 0 0 32 0 36
0 0 0 0 0 0 0 0 30 60 0 0 0 0 0 0 0 0 0 0 0 0 0 0 0 7 91 0 0 0 0 0 0 21 0 0 0 0 0 0 0 0 0 0 0 0 0 0 89 50
32 0 0 0 0 0 0 95 0 96 0 0 0 0 0 0 0 64 0 27 7 45 0 0 0 0 98 0 0 0 91 0 0 0 0 0 0 0 0 0 0 0 0 0 0 30 0 0 0 0
0 0 0 4 0 0 42 0 0 0 0 0 0 0 0 0 0 0 0 95 0 0 0 23 0 0 0 0 0 0 0 0 0 0 0 0 0 0 15 0 0 0 0 34 0 0 0 16 0 67
0 0 0 0 0 0 0 0 0 0 0 0 0 0 0 92 81 86 0 0 0 0 0 0 0 0 0 0 0 0 0 74 0 0 0 0 59 0 0 0 71 0 0 0 0 0 0 0 0 48
56 57 0 0 0 0 0 69 0 0 0 73 0 74 0 0 0 24 53 0 0 0 0 0 0 0 22 0 0 43 0 0 0 0 0 0 0 0 0 0 0 70 0 47 0 0 0 0 0 0
0 0 0 0 0 0 0 0 0 91 0 0 97 0 86 2 0 0 0 0 0 76 0 0 0 0 0 0 0 0 0 0 0 7 0 0 0 78 0 88 0 0 0 0 38 0 0 0 0 59
0 93 81 0 0 0 0 0 0 0 0 26 0 0 0 0 0 85 0 0 24 0 50 0 0 0 0 0 0 0 0 0 0 0 0 84 0 36 0 0 0 74 0 0 0 0 0 0 0 0
0 0 0 0 49 0 72 0 0 73 0 0 0 0 0 0 0 0 0 0 0 59 0 27 52 0 0 28 0 0 0 0 0 0 0 0 0 0 0 0 0 0 53 0 0 0 0 0 0 0
0 0 65 0 0 0 58 0 0 28 0 11 75 0 85 0 0 0 0 0 0 0 0 0 8 0 70 0 0 0 0 0 32 0 0 0 0 0 0 0 0 0 36 0 0 48 36 20 0 83
0 0 0 0 0 0 0 11 12 0 0 10 68 0 0 0 0 0 0 0 0 0 0 0 0 0 93 18 76 0 0 68 0 0 94 0 0 0 0 63 0 0 0 0 86 0 0 0 0 53
0 0 0 0 0 0 0 0 0 0 0 0 0 35 11 0 40 0 0 0 0 0 0 21 0 0 0 62 0 0 84 0 0 0 0 67 0 0 88 0 55 0 0 34 0 0 0 0 0 0
0 0 10 0 30 0 0 0 75 0 0 0 9 0 0 0 1 0 0 0 0 0 28 0 0 0 0 0 0 36 0 0 0 33 0 76 7 0 19 0 0 0 0 33 0 0 0 0 0 0
0 0 0 0 79 0 0 0 0 0 0 0 0 0 0 0 0 19 0 0 67 0 0 89 0 0 81 0 0 0 0 0 9 0 0 0 61 0 0 24 47 0 0 0 0 71 73 0 0 0
0 0 0 0 0 0 0 0 0 0 0 65 0 0 0 0 0 0 0 0 0 0 0 0 0 0 0 0 0 83 0 69 89 0 40 0 0 0 0 0 0 0 0 9 0 0 0 0 55 0
0 0 0 0 87 0 0 96 0 0 0 0 0 0 0 0 53 0 0 0 0 0 0 0 0 59 0 0 0 99 84 27 0 0 0 0 0 0 0 0 0 0 66 0 0 0 0 0 0 55
56 0 0 0 0 0 0 0 14 0 0 0 76 0 0 0 0 6 0 0 0 54 0 0 38 0 0 0 0 0 36 0 0 0 0 0 0 0 0 0 0 0 0 0 0 0 0 0 0 0
27 14 32 0 0 0 0 0 0 91 63 0 0 0 73 35 0 0 2 0 54 0 33 0 17 0 0 0 0 0 0 78 0 0 0 0 0 0 0 0 0 0 0 0 73 41 0 0 0 0
36 71 0 3 75 0 78 0 23 0 0 25 44 36 0 0 0 0 0 21 41 0 0 0 0 0 0 67 50 0 0 0 0 32 0 0 0 55 0 0 0 0 0 0 0 0 0 0 0 0
0 0 0 0 0 0 0 33 0 0 0 0 0 0 0 0 0 0 0 0 0 90 0 0 94 0 35 0 0 0 0 0 0 0 0 0 0 15 0 0 0 0 0 0 0 0 0 0 38 0
0 0 0 49 18 5 0 7 12 0 0 7 0 0 0 0 0 0 0 0 0 0 0 44 0 0 15 0 0 0 0 0 0 0 0 0 53 0 74 60 0 11 0 0 0 0 0 0 0 96
0 0 0 0 0 0 90 17 0 5 0 0 0 0 0 63 0 0 0 0 30 0 0 0 0 0 0 0 0 0 0 58 0 0 60 0 0 0 0 88 0 0 0 51 0 0 0 0 0 0
74 0 9 0 0 0 0 0 64 0 0 0 0 0 0 0 0 36 78 0 0 69 0 0 88 0 0 0 0 0 0 3 0 0 0 0 0 0 0 0 0 0 0 0 0 0 0 0 0 2
0 16 80 0 0 0 0 0 0 0 0 0 0 0 0 17 0 0 0 0 0 0 68 0 0 0 0 0 0 0 0 0 0 0 0 0 0 0 25 96 0 0 0 0 92 0 0 19 0 0
0 0 0 0 0 0 0 0 0 65 0 0 0 0 0 0 0 14 0 10 97 0 8 0 0 0 0 0 0 89 0 0 0 0 0 54 93 45 0 29 0 75 0 7 0 0 0 0 0 0
0 0 23 0 0 0 0 0 0 0 0 0 31 0 0 0 80 0 0 93 0 0 0 0 0 0 0 0 0 8 0 0 0 0 0 0 0 0 45 0 0 0 0 0 0 77 0 0 0 0
0 0 0 0 0 0 0 54 91 0 0 0 0 0 0 0 0 85 0 0 0 0 0 0 0 0 0 0 0 0 0 0 0 0 0 0 0 0 0 0 0 0 69 0 10 0 43 46 0 0
0 12 0 0 71 0 0 0 0 0 0 0 0 0 0 0 0 0 0 0 0 0 0 0 0 0 93 0 0 0 2 0 0 0 0 0 0 95 8 0 0 0 0 75 66 0 0 0 0 0
0 16 0 0 0 0 0 0 0 0 0 21 4 0 27 0 0 0 12 0 0 0 0 0 0 0 17 0 0 0 0 0 0 0 0 74 0 0 0 90 0 0 13 0 43 0 0 0 0 0
0 0 57 0 0 0 0 63 0 0 0 0 0 0 0 0 0 0 0 0 16 70 0 0 0 0 68 0 0 0 0 0 0 0 0 0 41 0 0 0 0 0 0 87 70 0 0 0 0 0
0 0 0 0 0 0 10 59 0 76 0 0 0 0 0 0 0 0 20 0 0 0 0 22 0 16 0 97 0 0 0 43 0 0 0 2 0 0 0 0 0 80 89 65 0 0 0 0 0 45
13 0 0 0 0 0 46 0 2 72 21 0 0 19 0 0 0 95 50 0 0 34 0 0 0 0 0 14 0 33 0 0 0 0 0 62 0 0 0 0 0 0 0 0 0 0 0 0 54 0
0 0 80 0 27 0 0 15 0 0 0 48 0 0 0 0 0 0 0 84 0 0 0 0 0 0 10 0 0 0 0 0 8 0 0 0 0 0 0 0 0 0 0 20 0 0 0 70 0 14
0 0 0 0 0 0 0 0 0 0 0 0 50 0 62 60 0 45 0 0 0 0 0 0 0 0 0 0 0 67 0 0 0 0 0 51 0 0 0 0 0 80 0 8 0 0 0 0 0 0
81 12 0 0 0 17 0 0 0 46 0 0 0 64 0 0 0 0 0 30 0 0 17 0 55 0 0 19 0 0 0 0 0 0 0 0 0 0 0 0 0 0 0 0 0 0 8 0 0 0
