0 0 0 0 0 0 0 0 0 0 0 48 38 0 0 0 0 91 0 27 50 0 84 0 0 13 0 0 78 95
0 0 80 94 0 0 0 0 0 0 0 0 0 0 73 0 93 0 0 35 0 0 64 0 34 0 0 0 0 0
0 0 0 0 0 0 78 1 0 0 23 0 0 22 0 0 0 0 86 89 0 13 0 46 14 41 0 0 0 0
0 0 60 0 0 78 0 0 0 7 32 4 0 60 0 0 0 0 0 0 0 0 0 32 85 0 0 79 0 0
0 0 0 0 0 0 0 16 53 0 0 0 0 0 0 35 0 48 0 6 0 0 0 83 0 37 9 0 0 64
0 0 0 11 81 95 62 0 64 0 0 0 0 0 12 0 0 26 0 0 68 0 0 0 0 0 0 46 0 86
0 67 0 59 58 21 55 69 81 0 0 0 0 76 47 0 0 1 46 26 0 0 0 0 0 0 80 0 0 0
0 0 63 0 0 0 0 8 98 90 0 61 0 93 0 72 0 0 21 0 10 0 88 49 0 21 0 0 0 0
4 81 79 40 0 0 0 0 4 0 0 0 94 0 0 0 0 0 51 0 0 0 0 16 0 0 0 0 82 0
0 80 0 85 0 0 0 0 0 50 0 94 0 46 0 38 0 0 0 0 0 0 93 93 0 28 16 21 0 0
