47 0 0 0 0 36 0 0 0 0
0 29 0 39 0 0 68 74 83 0
0 0 0 0 0 0 0 0 0 0
0 0 47 0 0 0 68 0 0 0
76 11 92 0 48 0 89 0 0 0
0 96 0 0 0 0 9 0 0 98
0 0 0 79 0 0 0 0 93 0
0 0 0 0 0 0 0 0 97 25
0 92 0 0 0 0 42 0 0 84
0 0 3 0 0 0 0 0 0 0
0 0 0 10 0 0 0 20 0 6
0 0 0 93 0 0 0 0 0 97
0 0 0 0 0 0 0 24 0 0
0 80 0 0 0 0 0 0 38 83
62 0 75 0 0 0 0 0 0 0
0 0 64 0 0 81 0 0 0 0
0 0 0 0 4 0 0 0 32 22
0 0 0 0 61 0 0 76 0 0
0 0 0 0 0 94 44 31 22 0
0 0 29 0 0 0 0 0 0 23
0 0 53 0 0 80 63 0 0 81
0 0 0 33 93 0 92 0 0 0
0 8 0 0 58 0 0 0 0 0
0 0 0 0 0 3 0 0 0 0
0 0 75 0 0 0 0 0 63 0
0 70 0 0 0 0 0 0 0 0
0 0 0 0 0 0 0 0 0 96
0 0 0 0 0 0 20 0 54 0
29 0 88 29 72 18 0 17 0 0
77 0 0 0 0 80 0 77 17 32
77 0 0 0 32 0 0 0 0 0
0 0 0 0 0 0 0 0 1 0
0 0 0 0 0 0 0 77 0 0
2 28 50 11 0 32 94 0 0 0
0 5 0 93 0 0 0 0 0 0
30 0 0 0 0 15 0 0 14 0
0 0 0 0 0 0 0 0 31 0
0 0 0 0 89 0 0 0 0 0
94 76 0 0 0 0 0 0 0 0
0 0 81 0 0 59 0 89 0 0
0 59 0 0 0 0 0 0 0 0
0 0 0 33 46 0 0 0 0 0
0 0 0 0 38 0 0 0 14 77
17 61 76 0 0 0 0 0 0 22
0 14 0 0 0 5 0 7 0 0
0 0 0 0 0 87 0 0 93 0
39 0 0 51 0 0 37 54 0 0
0 0 0 41 77 0 0 49 0 64
0 61 0 33 0 0 0 95 0 0
0 0 0 0 43 0 0 0 0 0
