6 86 0 0 79 0 0 0 8 0 0 0 0 0 38 0 0 0 0 60 52 0 0 0 0 63 0 0 0 0
58 90 0 0 0 0 0 0 44 43 90 0 0 8 41 0 0 66 0 6 72 47 0 25 0 0 55 0 69 0
0 61 0 32 0 0 0 0 0 0 10 10 23 0 0 0 0 0 90 76 0 19 87 89 80 0 0 0 0 55
0 19 0 0 0 0 0 28 0 0 0 0 0 0 81 0 0 2 0 0 0 0 0 0 59 0 0 0 53 28
0 40 0 37 33 0 0 0 0 0 86 0 0 0 0 47 4 34 85 0 0 0 0 0 0 0 0 0 0 0
78 0 86 0 0 27 0 0 79 13 0 0 0 0 23 0 0 0 0 80 0 37 0 0 0 0 0 0 85 0
0 0 0 0 79 0 1 17 7 0 0 0 0 0 0 0 0 0 0 0 0 0 0 10 0 0 0 0 68 0
0 0 0 38 47 0 0 0 0 32 36 0 0 0 0 0 52 0 0 0 0 0 0 0 0 0 0 47 0 0
76 85 57 79 0 0 0 0 81 0 67 96 17 28 94 0 64 0 0 54 0 0 0 0 0 0 49 0 0 0
69 0 0 55 0 0 0 0 22 32 0 0 0 72 10 0 90 0 0 0 1 0 23 75 0 0 0 0 0 63
0 0 0 0 73 0 0 0 0 0 0 0 7 0 0 0 6 76 51 42 58 0 0 0 0 0 0 64 44 18
0 0 0 24 0 80 0 87 0 0 0 83 0 0 0 0 0 0 60 81 0 0 0 22 0 0 0 55 0 0
0 0 0 0 4 0 0 39 19 0 0 21 0 0 30 0 0 76 0 0 0 56 0 0 75 0 0 93 1 0
40 23 0 0 40 0 62 79 0 0 0 0 11 0 49 34 0 0 0 0 0 0 0 45 0 0 86 0 0 0
0 0 34 0 0 0 0 0 44 84 84 0 0 0 0 0 77 0 78 51 0 0 50 0 0 0 24 43 0 0
78 0 0 82 64 0 0 0 0 0 68 0 78 87 0 0 0 50 0 60 0 26 89 0 0 0 0 52 0 80
0 0 0 0 43 0 76 0 0 17 40 0 21 66 0 0 0 4 0 0 0 0 0 82 53 0 0 5 0 0
0 0 89 0 0 88 0 0 74 89 0 0 0 71 61 0 0 0 0 87 0 0 0 0 31 0 92 96 0 0
98 66 29 0 24 20 0 0 93 0 0 38 9 0 0 57 26 0 0 0 51 0 0 0 0 0 0 50 82 72
0 11 0 31 0 0 0 87 0 0 51 0 0 0 0 40 0 0 0 16 0 25 0 0 0 0 0 0 0 0
26 59 0 0 82 41 61 94 76 69 85 0 0 0 77 0 0 72 87 91 0 0 0 0 0 36 0 0 0 0
0 0 0 0 32 0 0 0 0 0 56 35 0 0 8 31 0 0 0 0 21 0 45 0 0 94 17 0 23 0
29 43 26 26 3 28 0 0 0 0 0 0 0 53 0 0 0 51 46 0 0 34 0 0 39 94 0 86 0 2
0 0 93 0 0 0 74 0 88 42 0 0 0 0 0 0 27 0 0 0 0 0 82 0 0 72 45 0 0 0
0 0 11 33 0 85 0 0 39 0 19 76 79 68 0 0 0 0 51 0 0 31 51 57 0 14 0 0 38 13
0 0 8 0 0 0 49 86 26 0 0 0 0 19 0 0 0 24 0 0 0 0 0 0 0 0 0 0 0 0
0 0 0 0 0 0 0 0 75 0 0 0 0 41 0 25 0 47 72 0 0 79 32 0 0 0 0 0 87 0
0 0 29 0 0 0 38 63 0 66 0 0 81 66 0 0 97 0 0 0 0 0 0 0 0 0 0 0 0 0
0 61 0 0 0 26 0 0 0 0 0 0 0 0 19 0 37 73 15 0 0 0 23 0 0 38 0 0 0 0
0 33 47 0 0 0 0 0 0 0 25 0 71 0 0 0 88 12 0 0 0 0 73 0 57 26 0 0 0 67
