0 0 0 0 0 0 0 0 87 0 0 51 28 10 0 0 0 0 0 0 0 0 0 75 0 98 0 0 40 0
0 97 89 0 0 21 0 0 0 0 0 6 99 8 10 38 0 0 0 0 68 0 92 0 70 0 34 0 0 0
0 0 0 0 0 0 6 89 0 0 99 0 0 0 0 0 0 31 0 0 0 0 0 62 86 0 0 91 0 0
16 51 56 0 0 69 0 75 0 0 0 0 0 0 0 0 0 44 0 0 0 0 40 0 2 0 95 0 43 63
37 0 0 0 0 0 0 0 0 0 95 58 0 0 0 93 0 0 0 0 0 0 75 0 0 0 0 0 0 0
91 20 0 0 0 0 0 0 0 73 0 0 0 8 0 4 0 77 57 0 0 0 0 74 0 0 0 0 0 88
0 0 0 0 0 70 0 0 0 0 0 56 0 79 32 0 57 0 0 0 0 0 52 0 0 0 0 85 0 0
0 0 0 0 24 0 78 0 79 52 0 8 0 0 0 0 0 0 0 0 0 38 65 0 0 73 0 89 70 0
84 0 58 87 11 0 21 0 0 0 0 80 0 0 70 0 0 0 0 0 71 63 0 0 0 0 0 0 0 0
27 0 74 0 0 0 0 0 1 61 0 61 93 0 0 0 0 0 83 0 0 92 59 0 47 0 0 91 18 0
86 0 0 0 40 0 0 0 7 24 78 0 40 0 0 0 0 0 79 0 74 0 0 0 0 0 89 0 0 0
0 69 0 0 0 0 0 0 0 0 71 15 0 80 0 89 0 0 0 0 0 0 42 0 37 0 0 0 30 0
0 0 20 0 0 24 0 0 0 0 0 0 0 34 12 0 0 0 0 0 0 0 0 41 0 92 0 63 0 0
0 0 0 0 0 0 0 0 43 80 89 10 0 0 0 0 84 0 0 0 0 0 0 0 80 0 0 0 0 30
0 0 0 0 0 0 0 8 0 0 17 0 0 0 0 0 10 0 0 0 34 0 0 0 27 81 0 90 0 0
97 29 0 81 77 0 85 57 26 0 86 0 0 12 66 2 33 0 45 3 55 68 0 0 0 0 0 0 0 92
0 0 0 20 62 41 0 0 0 0 0 0 43 0 0 0 0 95 0 0 69 0 0 0 0 0 34 0 0 0
63 9 0 31 96 0 0 60 28 0 0 0 83 0 66 0 0 5 0 0 0 0 0 10 0 0 0 0 94 69
0 0 0 0 0 0 0 0 0 0 37 0 0 26 0 0 0 12 0 0 33 0 59 0 66 0 0 0 0 0
36 0 86 0 0 58 0 0 63 0 0 0 0 0 1 36 76 0 0 0 88 0 31 0 66 0 99 0 0 79
4 0 0 11 78 0 14 0 28 0 0 0 47 0 0 0 83 0 77 20 22 0 0 0 0 34 0 52 19 0
0 0 0 75 0 0 0 0 0 23 0 0 0 0 0 0 94 0 0 0 9 39 0 0 0 0 0 84 24 0
0 34 0 60 55 7 18 77 0 25 0 16 0 0 0 52 15 0 36 0 0 84 0 0 59 99 0 74 0 33
11 48 78 0 98 13 51 90 0 0 0 60 0 88 0 0 27 0 0 97 5 89 0 0 0 23 67 0 0 82
54 36 57 31 5 53 0 57 0 0 0 0 0 0 0 0 0 0 53 0 0 0 0 30 62 71 0 34 0 0
51 1 0 0 0 0 25 0 0 0 0 0 0 0 12 0 0 0 0 0 0 0 0 0 14 0 0 0 0 0
0 0 75 0 0 28 0 0 56 64 78 51 0 89 0 0 31 0 0 0 0 73 70 9 0 0 83 9 0 0
0 0 2 61 0 0 0 0 0 78 0 0 97 0 0 81 0 63 0 81 0 0 0 45 0 0 0 56 0 0
0 0 0 0 59 43 61 0 34 0 8 0 70 43 8 21 0 65 19 40 60 55 0 0 57 71 95 43 0 0
0 27 15 97 0 53 81 39 0 80 40 0 9 0 76 39 1 0 0 51 14 36 0 0 0 0 0 0 0 0
0 0 0 0 0 0 0 0 30 0 0 55 0 0 0 0 0 0 90 38 0 0 0 0 0 0 0 0 0 0
23 16 62 77 0 0 93 49 77 0 9 0 5 0 12 0 0 52 0 56 0 54 97 0 34 0 98 0 34 39
95 0 0 0 2 0 0 23 0 0 0 0 0 97 0 0 0 7 0 0 26 9 31 0 0 0 0 0 0 0
0 30 0 0 0 65 0 0 41 25 0 0 46 25 0 0 0 0 96 58 0 21 86 0 0 0 0 0 55 0
41 0 0 0 0 90 0 0 52 24 0 0 34 0 44 19 78 0 0 78 0 0 0 15 0 0 0 0 0 0
0 0 0 0 80 0 0 0 23 0 0 0 39 63 0 76 29 0 27 0 90 0 88 0 0 4 17 93 61 13
0 0 0 0 0 0 0 0 0 0 0 0 0 0 6 0 0 59 0 0 0 0 0 14 0 0 17 0 0 52
17 0 0 0 0 0 0 0 0 0 97 45 0 78 0 0 0 0 3 0 0 0 0 0 0 0 13 0 6 68
0 0 0 0 58 0 5 6 30 0 0 0 0 0 0 0 32 0 0 0 83 0 40 71 0 0 0 0 0 0
0 0 0 0 0 0 0 0 90 14 51 36 0 0 78 54 0 0 0 98 0 0 0 13 48 0 0 65 0 0
0 2 0 50 0 0 75 0 18 0 26 41 0 0 24 0 0 0 0 0 0 6 10 29 0 0 40 0 0 10
0 0 71 0 0 99 22 10 0 0 67 0 0 0 0 0 0 33 0 0 0 0 0 0 0 64 0 0 28 0
57 6 0 0 0 0 0 0 39 9 65 0 0 0 0 0 0 23 0 0 0 0 0 69 0 0 0 29 48 28
70 94 0 0 0 0 0 0 0 0 0 0 0 0 0 0 0 0 0 0 0 0 0 0 0 0 0 0 77 63
36 0 0 99 91 44 74 0 43 0 0 0 9 22 0 88 84 0 12 0 0 0 0 0 0 0 0 0 86 4
7 0 0 0 0 26 51 0 66 0 74 33 0 80 0 0 0 16 83 31 0 0 0 78 48 0 0 0 0 0
28 0 0 0 0 0 0 0 0 0 0 0 6 0 9 0 0 0 0 0 0 0 0 0 0 0 0 0 0 1
67 10 0 7 87 96 0 0 0 0 0 14 0 0 0 28 0 0 0 83 55 48 0 49 0 8 0 0 0 30
0 0 10 0 0 0 0 58 0 50 0 97 0 0 0 0 0 56 0 0 0 0 0 84 74 0 0 0 0 5
0 0 0 0 0 0 0 0 0 0 0 0 53 0 0 0 83 17 14 0 28 0 0 93 0 0 0 92 0 0
