0 0 0 0 0 0 0 0 0 35 0 0 0 0 0 0 0 49 0 0 0 0 50 0 54 0 0 0 0 0
0 0 0 33 0 0 0 25 69 0 0 0 0 0 0 0 0 0 0 0 0 0 65 57 0 51 0 0 0 0
0 0 0 0 0 0 0 0 0 0 0 0 0 0 0 0 0 0 46 0 95 0 0 0 0 0 0 0 0 0
9 0 56 0 64 0 0 0 88 41 0 26 0 0 0 0 70 30 0 0 0 0 0 0 0 0 0 90 0 0
0 0 3 0 0 0 0 0 0 0 44 0 0 0 0 0 0 73 0 0 0 0 0 0 0 0 4 0 0 0
32 0 0 0 0 49 88 0 0 0 0 0 0 0 0 0 34 0 0 0 18 0 0 0 0 1 24 0 0 0
0 0 0 0 0 0 49 0 0 6 0 17 0 0 0 0 0 0 0 0 0 0 0 47 24 0 0 0 0 0
0 12 0 0 0 0 0 0 0 0 0 83 0 0 0 0 0 72 0 0 0 0 21 35 0 86 0 0 0 0
0 15 28 0 0 0 0 0 0 0 69 0 0 95 0 46 0 0 0 54 51 0 0 5 0 27 0 0 0 0
72 0 0 61 0 16 0 0 0 0 0 0 0 0 0 18 0 0 65 0 0 0 0 28 0 18 57 0 0 0
