45 0 0 0 0 0 0 0 0 0 0 70 0 0 0 30 0 0 0 0 0 0 0 68 0 0 0 0 0 0
0 0 0 15 0 0 63 0 0 0 0 0 0 67 0 0 0 0 44 0 0 47 0 0 0 0 59 0 0 49
0 67 0 0 0 0 0 0 0 72 0 86 0 0 65 0 34 85 23 39 0 57 0 0 0 38 20 0 0 0
0 0 0 0 0 0 0 0 0 0 0 40 0 72 94 95 0 0 0 0 75 0 0 0 0 0 0 0 0 0
0 89 0 80 0 81 0 0 0 57 0 46 0 72 0 0 0 0 0 0 0 0 0 61 0 0 0 66 0 0
86 0 0 0 0 0 7 0 0 0 0 0 0 0 0 0 0 0 0 70 0 0 2 0 0 0 0 0 0 0
60 0 0 0 19 0 0 16 0 0 0 0 0 95 0 0 0 0 0 0 0 0 0 4 0 0 0 0 37 3
0 0 89 0 14 0 0 0 0 39 0 0 0 0 0 0 67 28 0 0 0 93 0 0 71 0 0 0 0 0
0 0 0 0 0 96 0 0 0 0 0 0 0 0 0 0 9 81 0 0 0 0 0 0 0 0 0 0 0 75
0 0 0 0 56 63 0 0 0 0 0 0 74 97 0 0 0 0 0 0 0 0 0 0 0 0 0 0 0 0
41 0 0 0 0 0 89 0 0 31 0 53 0 99 0 0 0 0 36 0 0 99 0 17 0 0 0 60 0 0
0 0 0 76 18 60 0 0 97 0 0 0 0 0 0 0 0 0 62 55 0 39 0 10 0 52 0 88 0 0
37 0 48 0 0 11 0 0 76 42 0 0 20 15 0 0 8 0 0 0 24 4 0 0 0 11 74 0 0 0
0 0 0 0 0 0 0 0 0 0 0 70 6 0 0 0 0 0 91 0 94 0 60 0 59 0 51 44 87 0
0 13 0 0 2 0 61 0 89 23 54 4 0 46 0 0 0 0 0 0 0 0 0 40 0 0 48 35 48 0
0 0 42 0 82 83 0 60 0 0 0 76 0 0 0 0 80 0 81 0 0 0 44 0 0 0 11 0 0 0
0 0 0 79 0 41 0 0 0 0 50 97 35 0 0 0 0 0 0 0 0 0 0 0 0 0 94 0 0 0
73 0 0 30 0 0 0 0 0 0 24 78 0 0 0 0 0 0 94 0 7 0 63 0 0 0 0 0 0 0
0 0 0 0 0 0 0 0 0 0 0 5 0 0 0 0 0 50 41 0 0 92 0 0 17 0 0 0 0 0
0 0 0 0 10 45 0 0 0 0 0 37 0 19 12 0 0 0 95 0 0 0 0 0 0 0 0 0 0 0
0 0 0 0 0 40 0 0 70 0 0 0 0 0 34 48 0 0 74 66 71 0 0 92 0 0 0 80 35 82
0 0 0 0 69 49 12 0 0 0 93 0 0 0 0 66 0 0 0 0 0 0 0 0 0 0 0 0 0 0
0 0 0 88 0 0 0 0 0 0 19 0 0 0 0 0 66 0 0 0 95 0 98 0 0 0 0 0 63 60
86 0 0 0 0 0 0 0 0 0 0 0 0 0 0 27 0 60 0 0 38 0 76 42 0 0 33 89 0 6
0 60 62 54 63 0 91 0 0 4 0 0 0 0 0 0 56 0 0 0 0 0 89 0 21 0 0 9 11 0
0 13 19 0 0 0 0 55 79 0 87 0 0 4 0 0 87 51 0 0 0 0 0 0 0 0 0 0 0 0
0 0 65 0 33 0 0 0 0 0 0 77 0 0 0 0 0 0 9 7 0 0 0 0 33 0 0 0 0 0
0 0 0 0 75 0 0 0 0 0 0 0 0 0 0 0 0 0 0 44 0 0 0 0 0 0 0 0 0 94
0 0 0 0 0 0 0 0 32 26 53 0 47 0 0 0 74 69 80 0 0 0 15 0 0 0 0 0 0 0
0 0 0 84 0 0 0 0 0 0 0 96 0 0 0 15 0 20 0 0 0 0 0 0 0 0 0 90 0 0
