0 74 0 0 0 0 0 0 76 0 11 0 0 0 71 0 84 0 0 0 0 0 0 0 0 0 0 0 0 3 0 85 0 0 0 38 0 0 0 95
0 0 48 58 0 0 99 0 0 0 0 0 0 85 0 26 86 0 0 0 0 0 23 4 0 0 0 0 0 0 0 0 0 0 0 0 35 0 0 0
0 0 0 0 0 0 0 0 0 0 0 82 0 83 8 72 0 0 0 0 0 0 0 0 0 0 0 0 0 0 0 0 0 0 0 0 0 0 0 0
0 0 0 0 0 0 0 0 0 0 0 0 0 0 0 0 0 0 0 0 0 0 0 0 0 0 0 54 0 0 0 0 0 0 38 0 0 0 0 0
0 82 26 0 0 0 0 0 0 0 0 0 0 0 0 0 0 0 0 0 0 91 0 0 0 0 0 0 0 30 0 23 89 0 85 0 74 69 0 98
0 0 0 0 0 0 15 54 0 0 10 80 95 0 0 0 14 0 47 16 7 0 0 0 0 0 0 0 0 56 84 0 0 0 0 0 0 83 0 0
0 0 0 20 35 0 47 0 0 3 0 5 0 0 0 0 47 0 0 0 0 0 0 37 0 0 0 0 0 26 0 0 19 0 19 0 0 0 0 0
0 0 90 69 52 55 0 0 0 0 83 0 53 0 0 0 83 0 0 19 0 0 0 0 0 0 0 0 0 0 0 0 0 0 0 0 0 0 96 0
55 22 0 0 0 0 0 21 0 0 0 0 0 0 0 0 70 0 0 0 0 0 71 0 0 77 52 0 0 0 0 0 0 0 0 4 0 0 0 0
67 0 68 0 38 0 0 15 0 0 0 0 5 0 0 0 1 27 98 0 0 0 8 0 0 0 0 0 0 0 28 0 32 0 0 0 0 0 1 0
0 0 0 0 0 0 0 0 0 0 92 0 0 0 0 0 5 0 0 29 0 0 0 26 0 0 38 0 32 0 0 0 0 0 0 0 0 9 0 0
0 16 0 0 59 0 53 0 0 71 0 0 0 0 0 48 11 0 0 63 0 0 85 34 0 0 0 0 0 0 0 0 35 19 58 0 0 0 0 0
0 0 0 0 0 0 67 0 0 57 0 83 0 1 0 0 0 0 0 0 0 0 0 0 0 0 0 0 0 64 0 0 0 16 0 0 0 0 0 0
0 0 0 0 0 0 0 0 0 0 0 0 0 0 0 0 0 0 0 63 0 0 70 0 0 0 0 0 0 0 0 0 0 0 0 0 0 0 0 0
0 0 0 0 0 55 0 20 0 0 39 0 0 0 0 0 0 0 0 89 0 0 0 0 0 0 90 0 31 0 0 0 0 0 0 0 0 0 0 0
0 0 0 0 0 0 0 0 0 87 0 0 0 0 0 0 0 43 0 0 0 0 47 0 0 84 0 0 0 0 0 10 0 71 0 0 0 0 0 0
0 0 0 0 63 0 0 0 0 0 0 0 0 0 0 0 0 4 0 0 0 0 0 0 0 0 0 0 73 0 0 0 0 0 0 0 0 0 0 0
0 63 61 0 0 0 17 25 0 0 0 0 0 0 0 0 0 0 0 0 0 0 31 0 0 59 57 0 0 0 0 0 93 0 20 0 0 30 0 7
0 0 50 0 0 67 9 0 0 0 7 0 0 49 58 0 0 0 0 0 0 0 0 0 0 0 0 69 0 0 0 0 0 0 0 0 0 35 0 0
0 0 0 52 0 55 28 0 0 0 0 84 0 0 58 0 0 0 0 0 0 96 0 13 0 0 0 0 14 51 0 0 94 0 0 0 0 0 0 0
0 0 0 0 0 0 0 75 0 0 0 0 0 66 26 22 0 0 0 0 0 0 44 0 0 0 0 0 0 12 0 83 0 0 30 90 0 0 0 0
0 5 0 0 0 0 0 0 0 0 0 0 0 0 0 0 0 0 0 0 0 0 0 0 0 0 0 0 33 0 0 0 0 52 0 0 0 0 48 36
0 65 0 8 0 0 0 0 0 0 0 0 27 0 0 0 0 0 0 39 0 0 0 0 0 0 0 0 0 0 0 0 51 0 0 36 0 0 0 0
0 0 0 0 26 0 0 0 0 0 0 0 0 0 0 42 0 0 13 0 0 0 0 0 5 0 0 23 0 0 0 72 0 0 0 0 0 0 25 0
0 0 82 0 93 0 0 82 11 36 91 0 0 27 40 0 0 0 4 0 76 0 0 98 0 0 0 0 0 0 78 0 0 0 0 0 0 0 0 0
0 43 74 0 0 92 97 56 27 0 0 0 62 0 0 0 0 0 86 0 0 0 0 0 0 0 0 0 0 0 0 64 0 0 0 0 0 0 51 0
15 0 0 0 0 0 0 0 0 97 0 0 0 0 0 0 67 0 0 0 0 0 69 23 0 0 0 0 25 0 0 0 38 0 0 0 0 0 0 0
0 0 0 0 0 35 2 0 0 33 0 0 0 0 0 0 0 0 0 0 0 0 69 64 0 0 0 0 0 0 0 0 0 0 0 81 0 0 0 0
0 0 0 0 9 0 93 0 0 90 58 0 0 78 0 0 0 0 0 0 20 0 0 0 0 0 0 48 0 0 0 0 0 0 0 0 55 3 80 0
0 0 40 0 0 0 0 0 0 0 0 0 0 0 21 0 0 86 29 0 0 0 0 43 0 0 0 0 0 42 0 0 0 0 1 0 0 0 0 72
0 0 40 0 0 0 10 89 0 38 32 0 0 0 0 0 0 68 0 66 0 0 0 0 0 0 0 0 0 91 43 0 0 0 0 0 0 0 0 34
0 0 0 79 0 0 0 25 0 0 0 0 0 35 0 0 0 0 0 0 0 0 0 0 0 0 0 0 0 0 0 0 0 0 0 0 0 0 0 0
0 0 9 0 36 0 0 0 0 0 0 0 0 0 0 0 0 0 0 18 0 0 0 0 0 0 0 0 0 0 82 0 93 0 0 0 0 0 0 71
0 0 0 0 42 0 0 0 0 0 0 0 0 0 0 0 26 0 0 0 0 0 0 0 0 18 0 0 0 0 0 25 72 0 0 0 0 0 0 0
0 0 0 3 0 0 0 0 0 0 48 0 0 0 0 0 0 0 0 0 0 0 0 0 5 0 0 91 0 0 0 0 0 0 0 42 0 0 68 0
0 0 0 0 0 57 0 0 0 0 7 0 0 0 0 0 20 0 47 0 77 0 0 0 0 0 59 0 0 24 0 0 25 43 0 0 0 0 0 0
0 0 27 78 0 0 0 0 0 0 0 0 0 88 0 0 0 0 0 13 58 0 0 0 0 77 0 0 0 0 0 0 0 0 99 0 0 0 50 0
0 0 0 0 0 0 46 0 0 79 87 37 11 0 0 0 0 0 0 0 20 0 14 0 0 0 0 0 0 0 32 59 0 0 0 0 0 0 0 0
0 0 0 0 57 0 0 0 0 0 0 81 0 0 0 82 61 37 0 0 0 0 66 0 0 36 0 0 0 0 95 0 88 13 0 55 6 0 0 0
0 0 32 0 0 0 44 38 0 0 0 0 0 44 0 0 0 0 0 42 69 0 0 0 0 0 0 0 0 0 0 0 0 0 0 0 0 0 0 0
0 17 0 0 0 57 0 64 0 0 29 0 0 0 0 0 0 89 0 0 0 0 0 96 0 25 0 0 0 0 38 44 0 0 0 27 0 0 0 63
0 0 0 40 0 0 0 0 38 0 0 0 0 0 65 0 63 5 0 0 7 0 0 0 64 0 0 0 0 0 0 0 0 0 74 0 0 31 0 0
0 0 0 0 0 74 0 0 0 0 0 79 0 0 0 2 4 0 0 0 0 73 0 0 0 67 0 0 0 0 70 46 0 0 0 0 0 59 0 0
0 0 86 0 0 0 0 51 11 73 0 0 0 0 0 0 15 0 0 0 0 0 0 0 0 0 0 32 0 0 0 0 0 0 0 0 0 25 0 0
71 0 0 0 27 2 0 0 0 0 0 0 0 0 0 0 0 0 0 0 0 0 10 25 0 0 0 0 0 0 0 0 46 82 0 0 65 0 8 0
0 0 0 29 0 0 0 0 0 0 0 0 0 0 0 0 14 0 0 0 0 0 11 0 0 0 0 79 0 0 0 0 0 0 0 0 0 0 0 0
0 0 45 0 0 0 0 0 0 0 0 0 0 0 0 75 18 0 11 0 39 0 94 0 0 0 48 0 0 60 0 51 0 0 3 0 0 0 0 7
0 0 0 0 9 93 0 0 78 67 0 0 0 0 0 0 0 0 95 66 0 0 0 0 0 0 19 0 0 13 0 0 0 0 0 0 0 0 0 0
0 0 0 0 0 0 0 41 68 0 0 0 82 0 84 81 0 0 0 0 0 0 0 0 0 0 0 0 0 0 19 0 0 0 0 67 21 0 0 0
0 0 34 0 0 0 0 0 15 10 85 0 0 0 0 0 0 0 49 0 0 0 12 39 0 0 0 42 0 0 0 0 0 0 0 9 0 0 0 51
