0 0 0 0 0 18 0 66 0 7 0 60 0 0 94 27 0 0 89 0 9 0 71 0 48 67 0 0 0 0
0 0 96 0 0 68 0 0 26 0 0 70 0 36 0 0 0 0 0 0 89 0 0 0 0 61 84 0 96 60
0 94 0 0 0 0 0 0 0 98 0 72 52 45 25 0 34 0 0 0 0 0 0 0 97 0 0 0 0 0
0 11 0 0 0 0 0 25 0 0 0 0 0 0 0 55 0 0 18 0 0 0 0 0 39 0 0 0 0 0
0 35 0 0 0 0 69 0 0 0 90 0 0 0 93 16 8 0 85 39 0 0 0 0 0 0 0 0 0 0
0 75 0 0 0 59 0 0 0 0 66 0 79 51 0 0 79 0 0 30 0 50 4 0 7 86 0 0 68 0
0 0 0 44 16 22 0 82 0 0 66 0 0 0 0 0 0 24 12 0 0 0 0 0 0 0 0 0 0 0
0 0 0 0 0 5 0 0 8 83 70 0 0 79 24 87 0 0 0 0 0 0 0 0 0 0 0 0 0 43
0 0 10 0 0 0 0 80 0 0 0 0 0 0 0 0 0 0 0 0 51 0 0 0 60 0 0 0 0 13
0 0 45 0 16 0 0 0 0 0 0 0 0 0 0 98 0 0 81 68 0 0 0 0 0 0 0 0 0 38
0 0 92 92 95 0 0 0 52 0 0 0 0 74 36 86 0 0 0 22 0 0 0 0 0 0 0 0 0 0
0 0 0 0 0 0 0 0 0 0 0 0 41 0 0 90 55 50 11 85 0 0 23 0 0 0 0 0 0 46
0 0 72 0 0 0 0 0 0 0 64 0 0 0 0 0 97 0 55 69 0 0 0 0 1 0 0 17 0 0
8 0 0 0 82 0 0 0 0 0 0 0 58 87 0 0 0 0 0 0 0 46 0 0 0 0 26 0 0 73
0 0 0 0 59 0 13 0 0 0 0 32 0 38 0 46 0 0 0 0 0 98 0 56 0 0 0 56 0 0
0 0 0 0 0 0 0 0 79 67 63 0 0 0 0 0 0 0 0 0 0 0 0 0 0 31 0 30 0 3
0 0 0 0 0 0 0 91 0 0 80 0 0 0 0 0 47 53 0 0 0 58 0 56 0 0 0 0 0 0
0 0 85 83 0 0 0 0 0 4 0 0 0 0 0 0 0 60 0 0 0 0 56 98 0 87 0 0 41 0
0 0 0 0 0 57 0 0 0 34 0 0 0 0 0 0 0 0 0 0 0 0 0 27 0 0 0 0 0 0
48 0 0 0 0 0 0 0 0 27 0 92 0 43 0 0 0 0 74 0 0 0 0 40 0 0 17 3 0 0
0 0 41 0 0 41 0 0 9 87 0 0 0 0 0 0 0 59 67 0 0 0 0 56 0 52 0 88 0 0
10 0 30 0 0 0 0 0 0 0 0 0 0 0 0 0 0 0 5 29 0 0 0 0 0 93 0 0 0 0
0 0 74 0 0 69 0 0 0 0 0 32 0 0 0 0 0 0 0 0 83 0 0 0 0 0 0 0 0 0
0 0 11 76 0 0 0 0 18 0 0 0 0 91 0 0 41 0 84 25 0 62 0 0 0 0 0 0 0 0
0 9 89 0 0 0 43 0 0 70 0 66 0 2 0 0 52 0 8 0 0 0 0 37 0 7 0 0 0 0
94 96 0 0 0 36 0 22 0 0 0 0 38 17 0 0 0 0 0 0 73 0 0 0 0 0 0 17 32 0
0 0 0 0 0 71 0 0 0 0 49 50 0 0 0 0 0 0 0 0 21 0 0 55 0 0 34 0 0 32
0 0 0 86 0 0 0 0 11 0 0 0 85 0 53 0 0 49 0 0 0 0 39 0 0 95 0 28 0 0
0 0 0 0 44 0 25 0 0 1 0 0 0 0 30 0 0 66 0 0 0 0 0 0 0 86 0 0 0 24
0 0 24 0 0 41 0 0 58 43 53 0 0 0 0 0 0 0 0 0 0 0 0 0 84 0 81 0 0 0
42 0 0 0 0 24 0 0 0 4 0 0 0 0 0 0 37 0 0 0 0 48 0 0 95 0 75 0 98 0
0 62 0 51 10 0 66 0 11 0 0 0 0 15 28 0 0 0 0 0 13 0 0 0 0 0 0 0 0 0
0 0 96 0 80 0 0 59 0 0 26 0 0 0 80 0 51 0 76 0 0 0 0 0 57 0 0 0 0 0
0 0 0 0 0 30 37 0 0 28 0 0 38 96 0 0 0 0 0 9 17 87 47 0 53 48 0 0 48 0
0 0 0 0 0 0 0 0 0 0 0 0 0 0 40 0 0 79 0 73 50 68 0 0 0 0 0 0 0 95
55 0 0 0 0 0 0 0 12 0 0 0 0 0 68 2 0 0 82 0 0 0 92 87 0 46 0 47 0 0
0 0 0 0 0 20 13 0 0 44 0 0 23 65 81 0 0 0 17 0 0 0 0 0 0 45 0 0 81 0
0 47 0 22 0 89 0 0 0 0 0 0 0 45 5 0 0 0 28 0 0 0 0 0 13 3 0 91 17 59
99 0 0 0 90 91 0 0 0 0 0 33 26 0 49 0 0 64 0 0 0 0 0 0 0 0 0 74 5 0
0 0 0 0 0 0 88 0 0 0 0 22 0 0 0 0 0 0 55 0 0 0 0 0 0 0 0 0 0 0
0 0 4 76 0 0 0 0 0 0 0 0 0 0 0 48 0 0 0 0 41 0 0 0 0 0 0 0 0 0
26 0 0 0 33 0 0 0 0 0 0 0 97 0 0 0 0 62 67 0 0 0 0 0 0 70 0 12 20 0
0 0 0 0 0 0 0 0 2 80 0 0 0 79 10 0 0 0 18 96 0 0 0 0 0 0 0 0 0 0
0 0 43 0 0 0 0 0 0 0 0 0 19 0 0 0 0 0 0 34 0 0 0 0 15 0 0 0 0 0
0 0 0 0 0 0 0 59 0 0 0 0 0 0 0 0 0 34 51 0 70 12 0 11 0 0 44 0 9 92
0 0 92 61 0 0 0 0 0 27 0 0 0 0 0 0 0 26 0 0 0 62 0 0 0 0 0 0 0 25
55 94 0 0 0 0 0 0 0 0 0 0 0 0 0 0 0 0 0 46 0 0 0 0 0 0 0 0 0 84
0 69 0 0 27 36 44 0 0 0 0 90 0 0 0 0 31 0 0 0 0 0 0 62 0 0 0 0 0 0
0 0 0 62 0 7 0 62 0 0 0 30 0 0 0 64 6 0 0 7 0 64 0 0 0 0 33 0 48 0
0 0 0 85 0 0 0 22 0 0 0 0 0 0 0 48 0 78 0 6 0 0 0 65 25 0 0 0 0 0
