0 0 0 0 0 0 0 0 0 0 0 0 0 0 0 69 13 0 61 77 0 0 0 47 0 0 0 58 0 0
0 0 0 61 0 0 0 0 0 0 0 0 0 0 4 0 88 0 79 37 0 0 47 85 0 0 0 0 0 0
72 0 0 0 0 11 27 0 74 70 0 8 79 75 0 0 0 0 23 0 0 0 7 71 0 26 0 0 0 0
0 0 46 0 0 14 0 35 0 0 0 7 0 47 14 0 27 22 0 0 41 0 25 0 0 0 41 0 47 81
0 0 0 0 0 22 83 0 0 8 63 0 0 41 0 0 0 0 0 50 0 87 0 68 0 0 0 0 0 11
0 0 2 12 66 0 86 0 0 0 85 0 0 61 0 0 66 0 0 0 0 0 38 5 0 0 71 92 0 0
0 0 89 68 0 66 91 0 0 0 0 0 52 27 0 0 0 47 0 0 0 0 16 0 97 5 0 0 92 77
0 0 44 23 24 0 0 0 0 0 0 0 96 79 46 0 0 0 0 0 97 24 0 0 0 23 0 0 69 0
0 0 13 0 0 0 25 0 0 0 0 0 0 0 0 0 69 0 0 0 33 68 0 0 46 0 19 94 31 0
0 0 0 0 93 0 0 54 0 8 6 0 64 6 22 0 0 0 0 75 40 0 0 0 0 0 0 0 0 89
