11 0 0 0 0 0 0 0 0 0
9 0 0 0 0 24 0 0 84 0
93 12 26 0 61 0 0 66 0 0
22 0 0 0 89 0 99 63 0 0
0 0 81 77 0 0 0 0 0 0
0 0 0 0 0 0 0 0 0 0
0 0 0 67 0 0 0 0 0 0
0 77 0 0 0 0 24 0 0 0
0 0 0 0 0 0 0 0 0 0
0 0 45 0 0 0 0 0 0 0
0 0 0 0 0 0 0 0 0 2
0 0 98 76 0 45 44 0 0 0
0 0 6 0 0 0 0 0 0 96
0 0 0 67 0 0 0 0 49 0
0 0 62 9 0 90 0 50 72 91
0 0 0 0 72 0 0 0 36 33
0 27 0 56 0 12 0 0 0 0
0 0 65 0 0 0 0 0 0 57
29 0 24 0 0 0 0 82 0 0
0 0 0 0 0 0 83 0 0 0
0 72 0 0 0 19 0 35 0 0
0 0 24 0 0 0 0 0 0 0
50 0 0 0 0 0 0 0 0 0
0 0 0 73 0 0 0 61 0 0
0 0 0 0 0 0 0 5 36 72
0 64 22 42 57 0 0 0 0 0
0 0 0 0 0 26 0 0 0 23
10 0 65 0 0 6 0 1 0 0
45 0 0 53 2 71 32 0 0 19
16 0 89 0 0 0 0 83 0 0
0 0 54 0 0 0 0 0 0 0
0 0 0 0 0 0 0 0 0 0
0 71 0 0 0 0 0 0 60 0
0 65 0 0 0 0 0 0 0 86
95 0 72 0 89 0 0 0 0 0
0 0 0 0 0 50 43 0 0 82
43 0 0 0 0 0 0 0 0 0
0 99 81 0 0 0 0 0 0 0
0 0 0 0 0 0 80 0 0 30
34 60 0 26 0 0 85 0 0 0
25 0 0 0 0 88 0 0 0 0
0 79 0 0 56 0 0 31 0 34
0 0 0 0 0 0 0 0 0 0
0 0 0 0 39 13 14 0 0 19
0 0 88 0 24 0 0 39 0 0
0 0 0 0 72 0 45 0 0 92
1 0 0 0 0 0 0 0 0 7
0 24 0 63 57 0 0 0 0 95
0 0 0 0 20 0 67 40 0 0
0 0 0 7 0 54 83 0 0 0
