0 0 0 11 0 0 0 0 68 27 0 58 0 65 0 31 0 0 0 0 0 0 0 0 0 0 0 0 39 49 0 0 0 0 0 0 0 0 0 0
0 0 37 0 0 0 0 99 0 0 0 30 40 57 0 0 31 0 0 0 0 65 57 17 0 0 0 32 0 0 0 29 67 86 0 0 0 0 12 4
0 0 0 2 0 0 0 0 0 0 0 0 0 0 0 0 0 0 0 16 0 0 79 0 0 0 80 41 0 79 0 0 0 0 0 87 0 0 0 0
49 20 0 61 57 0 0 39 0 0 94 11 0 0 0 0 3 0 0 0 0 97 0 0 0 74 0 88 0 0 75 0 0 54 98 0 76 73 0 0
91 0 60 0 81 0 0 57 0 0 0 0 0 0 94 91 0 0 0 0 0 0 96 63 79 81 52 0 3 0 43 0 0 0 0 0 0 0 0 0
15 0 0 0 33 0 0 0 49 0 28 0 0 31 34 81 8 60 12 89 58 88 0 0 51 0 0 56 95 0 28 0 0 0 0 0 0 0 33 0
0 0 0 0 0 0 0 0 31 0 0 31 64 70 78 0 12 0 0 0 0 88 0 0 0 0 0 47 0 0 96 0 0 37 25 0 52 0 5 0
69 0 63 91 0 44 70 0 0 56 0 0 0 0 0 82 0 0 0 0 0 0 0 0 0 80 96 28 0 0 37 37 24 0 0 0 0 0 0 5
0 65 0 0 0 0 0 33 70 0 0 51 0 0 7 0 23 0 68 0 0 37 73 0 0 0 0 0 60 0 0 0 0 0 99 0 0 88 0 0
0 65 0 0 0 49 70 79 82 0 24 0 32 88 28 26 0 0 0 0 0 0 44 0 0 9 31 0 0 0 0 0 0 0 0 0 55 0 27 0
0 0 0 0 0 0 61 17 45 1 0 47 83 0 0 57 0 0 0 0 83 0 0 92 0 38 0 0 5 0 25 75 0 15 0 0 88 0 0 0
0 0 5 0 0 0 0 53 4 0 0 0 0 90 59 17 0 57 0 0 10 0 0 32 0 0 0 0 0 0 0 34 0 23 0 0 0 7 0 0
3 0 0 49 3 27 38 0 0 0 0 0 0 0 0 0 0 0 0 0 0 72 0 27 8 34 0 90 85 0 0 0 0 84 0 0 26 0 71 75
0 92 0 0 0 79 0 0 38 0 0 0 0 0 30 23 13 75 0 62 74 92 28 0 48 61 43 66 0 0 0 0 73 0 0 0 0 0 0 0
53 0 0 37 61 0 69 0 0 0 97 98 0 92 0 0 3 0 9 36 0 0 82 0 85 0 0 1 0 0 0 84 0 0 5 58 16 2 0 92
0 0 16 70 0 0 52 0 53 0 67 67 0 0 0 12 0 0 89 0 0 0 0 0 0 18 79 0 0 61 0 87 0 0 55 0 20 0 34 0
82 0 0 0 0 0 0 0 0 0 0 0 11 0 40 0 79 67 25 0 54 0 0 0 0 0 0 0 0 0 0 0 0 0 0 0 0 0 0 0
0 0 0 0 0 0 77 42 0 0 0 0 45 18 0 0 0 0 0 0 0 0 0 0 0 0 0 74 0 0 0 0 0 79 0 0 97 0 0 0
0 0 12 0 70 0 0 72 0 0 89 0 0 0 0 4 0 16 85 67 0 0 0 0 53 0 43 84 70 27 0 0 64 0 0 0 0 0 0 47
0 0 0 0 38 18 0 51 0 86 0 0 34 80 64 0 0 0 97 54 2 0 0 0 69 0 6 0 37 80 61 0 94 0 0 98 0 0 0 74
0 0 87 0 28 96 0 30 0 26 0 0 0 35 0 0 0 0 0 0 60 63 0 0 0 26 0 0 0 0 0 55 0 88 26 13 37 4 6 0
0 0 0 70 0 0 0 0 83 0 6 0 40 0 0 58 30 17 83 0 0 63 0 43 0 43 0 57 66 11 0 63 34 0 0 0 20 0 0 0
0 0 57 0 0 22 0 0 0 43 0 0 77 52 0 77 0 0 61 0 0 6 0 22 0 0 0 0 13 0 0 0 70 0 85 98 0 0 0 0
0 71 0 0 0 0 0 1 0 54 0 0 91 54 0 0 0 0 0 0 0 24 0 43 0 68 0 29 0 0 0 0 90 0 45 0 69 0 0 1
0 0 0 0 86 91 0 0 46 0 0 35 0 0 19 0 0 0 0 0 58 0 0 0 34 0 11 0 48 88 0 0 0 0 0 6 0 0 26 59
0 0 78 84 0 0 32 0 0 3 54 0 22 0 50 0 68 0 0 0 0 8 0 35 0 27 88 0 0 14 0 0 9 0 0 0 0 0 18 84
0 2 64 0 0 0 18 88 0 0 0 0 0 44 0 0 70 0 90 0 0 0 0 0 0 96 0 0 0 0 34 0 0 99 41 0 73 55 0 0
0 0 0 56 0 0 78 0 0 64 0 0 75 0 46 0 63 0 37 96 0 14 67 97 0 0 0 0 0 0 5 0 0 0 0 0 96 27 0 0
0 0 0 0 0 71 0 0 0 88 0 0 0 0 0 0 0 0 94 0 0 71 0 94 0 7 0 0 22 0 67 0 36 0 0 0 0 94 0 0
0 0 41 99 0 0 0 7 0 74 0 0 63 0 13 36 0 0 8 0 0 0 69 23 0 0 0 0 23 4 0 0 72 85 0 53 0 0 0 0
0 0 0 0 53 0 0 0 0 46 0 0 0 0 0 0 0 33 22 0 0 12 0 87 0 0 43 0 0 88 0 0 42 41 0 0 0 0 0 0
0 83 0 0 0 0 0 7 0 15 0 0 0 0 31 99 0 78 0 63 0 0 75 59 0 0 81 95 45 0 0 0 0 0 0 0 0 61 0 70
0 0 0 0 42 0 0 0 36 80 0 0 0 0 16 94 0 0 0 1 72 0 0 0 0 0 0 90 0 83 77 0 0 0 81 0 99 0 0 44
65 0 0 0 49 62 0 33 2 0 0 0 0 75 26 0 0 9 0 33 0 90 0 0 0 0 0 0 0 0 43 0 0 43 0 0 0 79 0 0
57 45 0 80 0 68 0 0 7 0 0 0 0 0 65 0 0 0 0 0 0 0 64 0 0 0 0 0 0 0 0 79 12 92 5 0 0 80 0 0
0 0 3 0 0 0 0 84 20 0 52 0 90 70 0 44 0 0 0 54 0 0 0 0 0 0 0 86 0 0 13 0 0 0 23 22 14 27 0 0
76 61 0 0 0 47 0 0 77 0 0 0 0 0 0 0 0 0 37 0 50 91 0 0 0 99 0 0 0 0 0 57 61 28 25 60 0 0 0 0
0 0 4 0 0 58 0 90 90 0 0 0 66 0 34 0 1 0 0 0 8 37 0 45 0 0 0 73 0 0 0 0 0 0 0 36 0 0 0 0
40 0 0 0 64 0 99 0 68 43 0 50 91 0 0 0 0 0 0 44 0 43 0 0 0 0 0 0 0 0 0 61 0 0 6 0 0 12 0 0
0 0 0 0 0 0 0 0 0 0 0 0 86 44 77 99 0 48 0 0 0 0 0 0 0 0 0 0 0 0 0 0 0 1 0 0 0 0 0 0
