0 58 0 0 0 31 90 61 0 0 0 0 0 0 0 0 31 0 0 0 0 0 0 8 0 0 0 0 61 0 0 0 0 74 0 0 79 0 43 69
0 0 0 0 69 0 0 24 0 2 0 67 0 0 98 0 0 96 0 0 0 0 43 0 0 77 0 0 0 53 0 0 1 0 2 0 22 0 0 0
0 0 52 0 5 0 51 0 0 97 2 33 0 0 0 0 11 0 0 0 0 17 0 72 0 59 0 1 0 25 22 0 0 0 0 82 11 0 92 45
0 76 0 0 0 0 0 0 0 41 65 12 0 0 0 22 55 0 0 0 0 0 0 0 0 35 0 0 0 0 0 0 0 0 80 0 0 0 0 0
0 0 48 0 24 0 0 0 82 0 0 0 4 72 29 0 0 0 0 70 49 0 0 0 0 2 0 0 0 67 0 92 10 13 0 0 0 0 22 66
0 0 0 0 0 20 0 86 30 0 0 0 0 20 0 80 50 0 0 45 0 95 0 97 42 0 66 22 0 0 65 76 0 80 56 0 54 0 64 0
71 0 0 0 0 0 38 0 0 0 0 0 79 7 0 0 0 0 0 46 0 0 68 0 62 16 22 56 43 63 0 67 62 0 0 75 48 81 0 0
35 0 0 0 0 0 0 0 45 0 50 0 0 0 0 62 33 0 53 0 0 21 16 0 0 0 0 0 69 0 81 0 0 85 0 0 0 0 0 90
6 0 58 0 0 95 46 0 41 0 88 0 0 47 0 12 28 90 0 0 0 0 0 75 90 33 0 66 0 0 0 83 38 0 0 64 6 0 0 0
0 80 0 0 0 27 88 83 0 0 0 0 67 0 0 0 4 92 55 0 0 0 0 0 0 0 0 77 0 0 0 37 37 0 0 0 81 63 61 0
0 0 0 27 38 89 0 63 0 0 0 0 0 0 0 0 0 0 0 0 90 0 8 0 0 96 31 22 0 0 93 0 0 0 0 73 0 63 0 5
22 0 3 0 60 81 0 0 61 0 67 0 20 52 0 0 0 0 6 0 0 13 71 13 77 0 0 0 0 0 0 0 6 0 93 0 0 8 0 45
18 0 0 31 0 0 0 0 0 0 0 0 0 0 0 55 0 94 0 0 0 0 78 54 0 28 35 0 0 0 0 0 0 0 0 82 0 86 41 0
0 0 39 80 0 0 29 26 0 0 0 0 0 0 0 70 0 0 0 0 0 73 62 0 0 23 0 76 0 50 0 0 77 0 22 51 0 0 60 0
0 0 0 43 80 0 29 0 0 73 0 0 44 0 2 0 0 0 16 0 0 0 63 0 65 0 66 66 0 0 0 0 0 0 0 0 0 0 0 0
0 5 1 0 0 76 0 43 0 0 26 0 0 0 8 58 0 0 0 0 0 0 0 0 0 0 0 0 25 68 0 91 0 0 27 0 0 0 18 0
0 36 0 0 85 89 65 0 0 0 0 66 53 0 0 0 44 0 0 0 0 48 17 69 0 0 0 0 41 0 0 0 79 0 0 0 0 0 70 0
16 63 0 81 0 75 0 0 0 0 0 0 19 0 0 0 0 0 0 0 79 57 0 0 0 2 0 0 0 47 47 0 0 0 0 0 64 0 0 0
0 50 0 0 0 0 42 0 0 0 0 0 0 0 0 0 59 0 0 44 0 0 0 0 92 0 96 0 0 0 0 47 0 65 60 0 33 5 0 0
0 0 0 30 0 64 98 0 0 0 0 0 0 18 73 31 0 0 0 0 0 0 0 0 0 0 0 16 0 0 0 66 99 14 0 0 0 0 0 0
92 0 0 34 3 33 78 77 0 0 0 0 0 74 0 0 23 0 0 0 0 0 0 0 0 0 52 0 0 0 0 48 0 0 15 0 0 52 92 6
0 0 0 0 0 73 18 0 72 0 0 0 89 0 0 0 0 18 0 0 95 48 0 0 77 0 0 40 0 0 3 0 0 0 0 0 0 0 0 0
0 0 55 0 0 46 77 0 0 9 21 6 0 0 0 55 2 0 0 0 0 14 36 0 0 97 33 42 0 60 39 0 32 0 0 0 0 0 0 0
0 0 19 23 0 91 0 55 26 25 84 0 0 0 37 0 90 0 0 0 0 0 0 0 0 0 64 0 0 78 15 71 0 0 0 0 57 27 0 0
74 0 0 27 0 0 0 0 29 0 0 0 64 0 0 0 0 0 0 0 77 0 0 0 0 98 0 0 0 0 49 96 0 0 0 0 0 23 0 0
0 0 0 0 0 0 0 20 0 0 0 0 0 76 0 0 0 0 76 58 13 0 0 24 0 0 76 0 0 0 26 54 5 0 91 0 0 0 43 15
89 0 0 0 0 0 0 0 85 0 58 0 0 73 74 0 65 81 94 0 0 0 0 58 21 0 0 0 0 0 0 94 0 2 94 0 29 31 0 0
0 34 0 4 0 2 0 0 0 0 0 78 0 2 56 12 68 4 5 0 53 0 41 0 0 0 0 0 0 25 2 64 0 0 0 79 0 0 0 0
78 0 0 0 86 0 0 3 0 0 0 0 80 0 92 25 0 0 99 0 0 0 40 0 0 0 0 0 0 94 0 0 0 0 70 0 0 0 0 0
0 0 84 68 0 39 0 0 35 0 0 23 44 0 46 0 0 51 0 92 0 0 0 0 0 86 0 0 0 5 0 0 72 0 80 51 0 0 66 0
