2 17 0 48 0 0 0 90 21 0 0 0 0 0 0 0 0 0 65 89 0 0 0 0 0 0 0 26 0 0 0 0 58 31 0 0 0 0 0 3 82 37 27 0 0 0 0 0 0 0
0 0 0 0 0 0 0 0 0 44 0 59 63 0 0 89 0 18 0 0 0 86 22 0 95 0 0 0 59 0 0 33 0 39 0 73 0 0 0 0 0 0 0 0 0 32 0 0 0 0
0 0 0 0 0 92 0 0 0 4 0 29 77 0 0 0 0 0 0 59 0 0 0 62 0 22 29 0 0 0 0 0 0 0 0 0 41 0 0 0 0 91 0 0 0 0 13 0 0 0
0 64 95 61 0 0 0 74 0 0 0 0 30 0 0 0 0 15 23 26 87 20 0 0 0 0 30 0 0 0 0 0 0 0 97 27 99 0 0 0 0 0 0 18 0 0 0 0 0 0
0 0 0 22 42 0 0 0 0 0 0 0 0 0 0 0 75 0 66 72 26 0 0 56 0 94 0 0 0 0 40 0 0 0 0 0 0 0 5 0 0 0 0 28 25 0 0 0 0 0
0 37 0 0 0 0 0 95 0 0 0 0 0 4 0 84 66 0 11 0 0 0 0 0 0 0 0 0 0 80 0 0 0 0 0 25 0 0 70 0 0 0 56 0 0 0 0 0 14 0
12 0 17 91 56 0 0 0 0 31 0 0 79 1 58 0 0 10 0 0 68 66 32 0 0 0 0 0 0 0 0 0 30 57 0 0 0 0 0 0 0 63 0 0 0 92 0 0 63 0
0 0 49 0 71 0 6 0 0 0 0 0 0 0 55 0 93 89 0 0 0 66 0 26 0 8 0 0 0 0 0 15 0 58 0 93 0 0 0 0 56 0 0 43 87 59 0 0 0 0
0 0 0 0 0 0 0 0 0 0 0 0 61 64 89 0 0 0 0 0 0 0 36 0 28 0 0 31 0 0 0 20 0 0 7 0 0 0 1 43 0 0 0 0 0 0 91 38 0 0
0 88 0 0 0 0 0 0 0 0 0 0 0 0 14 98 0 0 0 0 0 89 0 0 0 0 0 0 0 0 0 0 0 95 0 0 29 0 0 0 0 4 0 24 0 0 0 0 48 4
0 0 0 0 0 0 0 0 0 0 0 0 0 84 17 55 0 53 50 0 99 0 0 0 0 0 0 0 0 0 0 0 0 75 0 0 0 0 0 54 0 49 0 0 49 0 0 0 0 0
0 17 0 67 0 0 0 0 0 0 65 0 0 0 81 34 0 0 0 0 0 0 0 0 0 0 5 0 0 0 0 0 0 82 0 0 0 22 0 72 0 0 0 0 0 0 0 0 0 64
0 0 0 0 0 11 0 0 95 0 39 67 0 0 0 0 0 0 0 92 0 0 0 21 0 0 24 45 0 0 0 0 0 5 0 0 0 0 0 0 0 55 0 0 46 0 0 0 0 60
60 5 0 0 0 96 38 0 71 0 0 0 57 0 0 0 35 0 0 0 0 88 43 0 63 0 71 78 45 0 0 0 0 6 53 1 8 0 0 89 0 70 0 0 38 0 81 24 0 0
0 69 0 0 0 0 0 0 0 86 0 0 91 0 0 0 0 50 0 0 0 0 3 0 0 11 0 0 0 58 0 0 0 0 0 0 0 98 54 0 26 0 0 0 0 0 0 0 0 0
0 0 0 0 0 0 0 0 0 0 0 0 0 0 0 62 0 0 0 14 14 50 0 0 0 0 0 0 0 0 81 0 0 0 0 0 0 62 0 0 0 9 0 0 0 0 40 0 0 0
0 0 66 0 0 18 0 40 7 88 0 41 87 0 0 34 11 0 86 0 0 97 0 0 0 0 0 0 0 90 0 37 74 0 0 0 0 0 93 0 0 0 0 0 0 60 0 0 7 5
90 0 0 0 0 0 33 0 0 0 0 0 0 0 0 0 26 0 0 11 95 0 0 39 30 37 0 0 0 0 0 0 0 0 0 39 0 0 0 0 0 79 90 39 0 86 0 0 0 0
0 0 0 0 0 0 58 0 0 0 0 96 0 49 0 8 84 0 0 0 0 0 7 0 64 87 0 18 78 2 0 83 0 95 0 0 0 20 0 0 0 0 0 0 0 52 0 98 0 28
0 0 0 0 0 0 0 0 0 11 0 15 0 0 0 0 75 0 44 0 90 0 1 23 0 0 59 0 0 0 0 0 0 0 0 0 0 0 47 96 0 0 0 0 0 0 86 30 0 82
0 0 0 0 0 92 85 0 0 0 0 0 0 0 0 10 0 0 0 0 0 75 0 0 0 0 0 0 47 0 0 0 0 0 0 0 0 0 44 0 0 0 0 0 0 11 0 0 0 0
0 0 0 0 0 0 77 28 0 0 89 39 62 54 0 0 0 0 0 0 9 0 0 35 0 0 0 0 0 0 0 0 0 0 0 0 0 0 0 0 64 0 0 0 48 93 0 0 0 0
0 52 0 23 0 0 0 0 14 0 78 0 0 69 0 53 0 0 29 0 0 68 0 0 0 0 1 0 0 0 0 0 0 0 0 0 0 0 0 0 0 0 0 0 0 0 0 0 0 0
50 0 34 0 0 0 0 0 0 0 0 0 0 0 0 0 45 0 0 0 0 0 0 0 0 81 0 8 0 0 16 0 0 0 0 0 0 0 0 66 0 0 0 0 1 0 51 0 0 75
0 0 0 0 0 0 0 0 0 0 0 0 0 0 0 0 0 49 68 0 60 0 0 0 56 0 0 61 0 0 0 0 0 0 0 0 13 0 0 0 12 47 0 0 9 0 68 0 0 0
0 0 0 0 0 0 0 55 52 14 0 0 61 0 0 0 0 0 0 0 56 0 90 50 57 8 0 0 0 53 0 0 0 0 0 0 0 0 0 0 55 58 0 67 0 91 0 61 78 0
0 15 0 0 89 0 0 11 61 0 0 0 0 57 0 0 96 93 0 0 0 47 44 0 0 0 0 0 0 0 37 0 67 15 0 35 0 0 0 41 0 0 0 0 0 97 0 77 95 0
0 0 0 0 0 0 0 10 0 67 39 0 0 0 0 0 0 0 0 0 0 0 0 57 0 0 0 0 0 0 0 0 0 0 0 0 0 60 0 0 0 76 0 0 0 57 0 0 0 95
0 0 22 75 90 0 0 0 0 0 38 97 0 36 0 0 61 0 0 27 0 0 0 0 0 0 0 89 0 0 0 2 0 0 0 0 0 0 0 0 0 0 0 0 0 0 0 55 0 0
96 0 34 0 0 0 0 0 33 18 24 87 0 0 0 0 0 0 0 11 0 59 91 0 0 0 0 16 0 0 0 0 0 0 0 0 0 0 0 0 0 0 0 0 0 0 0 25 0 0
0 0 0 0 36 0 14 0 0 0 45 0 0 97 0 0 0 0 8 51 73 0 7 0 0 0 0 0 0 97 0 0 77 0 54 44 0 5 0 45 0 72 0 0 0 0 0 0 0 0
0 24 0 0 0 23 49 0 0 0 97 0 0 0 0 0 0 0 0 61 41 0 0 0 0 0 0 0 0 0 0 0 82 0 0 0 0 0 0 0 22 0 0 33 0 0 0 0 6 0
28 0 0 0 0 0 0 0 0 0 0 0 0 0 0 0 0 20 0 0 0 62 0 0 83 0 0 0 5 0 0 0 0 0 0 0 0 0 0 0 0 0 0 0 99 19 89 0 0 0
0 0 0 0 23 69 97 36 59 0 0 32 0 0 0 0 0 0 0 0 60 95 0 0 0 13 0 94 0 0 0 16 0 0 0 18 0 0 0 0 0 0 0 0 0 0 0 0 74 0
25 0 0 0 0 58 0 0 0 0 0 0 0 0 0 0 0 0 93 0 93 0 0 0 48 0 0 0 0 0 0 0 0 8 0 0 0 0 33 78 0 13 0 0 69 0 0 0 0 0
0 0 24 0 27 0 0 0 0 0 35 0 61 0 88 0 0 51 6 37 21 0 0 0 0 0 0 0 0 0 0 0 5 85 0 76 0 0 12 0 10 0 0 85 0 0 68 0 0 8
0 92 0 0 0 0 0 19 0 76 0 0 66 19 0 0 0 0 0 0 0 0 0 85 0 0 0 0 9 26 0 40 43 37 4 0 0 0 0 0 0 0 0 0 0 0 0 99 0 0
0 0 0 0 94 0 0 0 0 0 0 0 0 0 0 74 0 0 0 0 48 0 0 0 0 0 0 0 0 0 0 0 3 0 0 0 0 7 78 0 0 0 0 0 0 0 0 0 26 0
0 0 0 0 51 0 65 0 0 0 0 0 0 31 64 0 0 0 0 0 0 77 24 79 0 0 0 0 0 0 0 0 5 0 33 0 0 0 5 43 36 0 0 0 0 0 0 0 31 0
0 0 0 0 0 3 93 0 0 23 0 0 0 0 37 0 0 53 65 0 0 0 0 0 0 95 0 0 0 0 0 0 0 0 0 81 0 50 0 0 0 0 0 95 0 0 14 0 0 0
