0 0 0 80 0 0 0 0 0 0 0 0 0 0 0 71 42 0 0 19 0 0 0 0 30 81 62 42 53 58 33 8 0 0 0 81 12 0 23 0
0 0 5 0 78 8 0 0 0 0 0 0 0 0 21 84 0 0 0 0 0 91 0 0 0 0 73 99 78 72 0 0 0 70 20 87 0 83 0 63
0 91 0 0 0 93 0 0 0 0 24 0 24 0 0 70 0 0 0 0 0 0 0 0 32 0 0 8 0 0 9 0 0 0 88 0 1 60 44 0
0 36 64 0 0 83 0 0 2 0 10 0 0 54 89 0 0 53 0 0 23 0 0 0 0 0 0 0 74 0 0 0 93 99 0 22 11 10 82 0
0 0 0 11 51 0 0 0 0 0 90 27 0 0 0 26 0 52 0 16 0 0 44 0 0 0 20 0 0 0 70 6 0 89 0 0 54 0 0 0
0 0 0 27 0 0 95 0 0 0 0 0 94 0 0 0 0 2 0 0 0 0 0 81 67 0 0 0 0 0 80 0 0 27 24 0 0 0 0 0
0 43 0 99 0 84 61 0 58 0 16 0 46 0 0 60 37 93 0 0 0 0 0 92 0 0 0 53 0 0 0 93 74 0 0 0 31 22 0 75
91 90 0 13 0 0 0 0 0 0 38 0 0 81 0 58 19 0 0 0 0 0 0 0 75 0 0 0 0 0 36 0 48 0 0 0 0 0 0 0
52 16 0 24 0 0 0 15 0 0 96 0 54 0 0 0 52 1 0 0 6 30 88 0 0 22 0 0 18 31 0 0 0 0 0 0 0 0 14 0
77 0 0 31 0 0 0 0 19 41 0 5 66 51 0 0 0 0 0 0 40 0 0 0 79 83 53 0 2 0 0 0 0 66 0 75 0 54 51 0
0 0 0 7 0 0 0 0 0 0 0 96 39 92 66 8 0 0 0 0 0 62 0 0 62 0 76 0 92 0 99 41 49 0 55 90 0 0 57 0
0 0 24 0 0 0 0 0 75 83 0 0 79 8 0 0 47 0 49 0 80 0 0 0 15 27 0 0 0 57 65 12 0 0 0 0 0 0 0 0
0 0 0 0 2 0 0 9 0 55 32 0 0 53 0 0 0 0 0 61 10 58 0 0 58 0 0 0 0 0 0 33 16 0 0 0 86 0 54 47
35 0 0 0 0 0 0 0 0 84 0 20 0 40 0 0 0 0 0 0 0 0 90 0 0 7 66 8 0 0 0 0 0 13 0 0 0 0 0 66
0 90 0 99 35 0 0 0 0 53 0 0 0 0 5 73 0 0 90 0 0 98 0 73 0 38 0 21 0 0 0 0 18 48 57 0 0 0 0 0
0 47 19 15 67 0 21 0 22 75 14 41 0 96 0 0 0 0 0 0 0 0 0 0 84 0 0 0 0 0 26 6 64 0 0 12 0 0 0 0
0 0 58 0 0 0 0 0 0 0 82 26 0 14 0 0 14 0 0 91 14 0 0 0 0 0 44 0 0 0 0 0 0 19 0 38 0 0 0 0
37 0 38 0 0 0 34 0 0 0 53 70 0 0 0 0 0 15 0 0 0 0 0 0 39 0 0 0 0 71 0 0 0 0 83 0 24 0 67 43
0 0 0 0 0 0 0 97 0 0 0 0 52 0 0 0 0 46 82 35 23 0 0 0 0 0 0 0 0 0 0 0 67 0 0 0 0 39 48 0
0 0 0 0 0 0 0 86 0 0 0 0 96 0 19 0 0 0 42 0 0 44 0 44 0 0 0 62 31 74 43 0 45 61 0 28 0 0 0 0
