0 29 63 78 0 0 0 47 0 66
0 0 0 0 0 0 0 72 31 0
0 0 0 0 0 0 0 0 0 94
0 0 61 93 0 92 0 0 66 0
0 0 0 90 0 0 0 55 0 0
0 0 0 0 0 72 46 0 0 0
48 0 48 50 0 0 70 0 49 0
38 0 0 16 0 20 0 0 0 0
70 0 37 86 0 0 0 0 0 0
0 0 40 0 45 71 0 0 90 0
33 0 0 98 50 0 0 0 0 0
35 0 89 0 0 0 0 0 0 0
0 12 64 0 0 0 0 19 0 1
0 0 26 26 0 0 0 0 84 0
0 0 31 0 0 0 0 0 0 0
90 0 76 0 0 0 0 0 0 0
51 0 96 0 0 54 41 63 0 0
0 0 0 37 0 0 77 0 0 0
0 0 0 50 0 0 0 0 60 0
72 60 32 65 42 0 0 73 0 0
0 0 0 0 40 0 28 73 29 61
0 0 0 0 33 0 83 0 45 0
0 0 56 10 0 0 56 0 0 0
87 0 0 0 0 0 0 28 0 78
0 0 0 0 0 0 0 0 0 0
16 0 0 0 0 15 61 0 0 88
0 63 32 0 96 78 0 0 0 0
0 76 43 91 75 86 44 0 55 50
96 0 40 64 0 87 97 0 57 0
0 0 21 0 0 0 75 0 0 0
