1 0 24 0 0 0 0 0 0 0 0 26 0 0 0 30 0 0 0 0 0 74 0 0 0 3 0 0 0 0
0 0 0 0 0 23 3 80 64 0 4 0 0 31 0 50 0 0 0 96 42 51 0 0 0 42 0 0 0 0
0 0 0 0 0 77 0 0 0 32 0 0 0 0 0 10 0 0 2 0 0 0 73 0 0 0 0 0 0 66
0 0 0 46 0 69 0 0 11 0 27 0 0 0 0 93 0 5 98 0 0 0 0 0 0 87 94 0 0 0
87 0 0 0 0 0 0 0 0 0 0 58 0 0 0 62 0 0 0 0 63 0 0 0 0 0 94 0 49 0
48 89 0 28 4 0 64 0 94 99 40 58 0 0 0 0 21 0 0 63 0 74 0 0 0 87 0 0 0 0
0 67 0 0 0 0 2 66 0 88 0 96 0 0 0 0 0 4 0 0 93 0 98 51 0 0 96 52 57 0
0 0 99 0 0 94 57 14 0 0 0 0 11 0 8 0 21 0 0 64 0 0 0 45 0 0 73 0 0 0
0 90 0 46 0 0 30 4 26 82 0 0 23 72 0 0 0 0 0 0 0 0 0 26 62 58 0 14 26 0
58 0 0 0 97 0 5 89 0 0 0 0 0 0 0 83 0 0 31 0 28 0 84 0 0 0 0 0 61 2
