0 0 74 32 0 0 0 73 0 0
0 0 0 0 0 6 43 0 0 0
0 0 60 0 29 0 0 0 0 0
0 0 0 0 0 50 0 0 0 0
0 0 0 0 0 0 0 0 0 66
0 7 0 0 0 0 0 0 0 0
93 24 48 21 69 16 0 0 7 0
0 0 0 10 0 94 0 0 0 0
0 0 42 0 44 0 15 1 26 0
0 58 0 98 46 0 44 58 68 0
0 0 0 0 0 29 0 0 0 0
0 85 0 0 56 0 29 68 0 0
0 0 14 0 0 0 36 0 0 0
75 0 0 28 0 0 8 0 0 0
33 52 0 0 28 0 0 75 93 0
0 69 0 76 0 0 0 11 59 0
62 86 0 0 0 0 0 95 0 34
0 0 0 1 0 0 83 0 0 2
0 44 24 15 0 0 56 72 0 0
0 18 64 0 0 0 91 52 0 0
0 56 51 79 0 0 0 0 87 73
91 15 78 89 29 0 0 82 0 0
0 12 0 0 0 0 0 0 0 1
0 93 0 0 0 0 0 0 0 27
26 0 54 0 0 0 0 0 0 0
0 0 0 46 0 20 0 71 24 0
26 49 0 53 0 77 0 3 39 0
0 0 0 17 0 0 79 0 24 0
0 0 9 0 52 0 0 0 0 0
0 0 0 0 31 0 0 0 0 0
0 0 0 0 87 11 19 80 29 0
0 0 0 0 0 7 95 0 0 15
0 0 84 0 0 55 0 0 0 0
0 0 0 99 0 0 0 0 45 0
0 0 0 1 0 0 0 40 0 0
33 78 56 0 93 30 0 0 0 0
73 58 0 0 0 43 0 52 88 64
0 39 79 0 33 0 0 74 0 0
0 0 0 0 0 0 0 0 0 0
9 67 6 0 0 0 55 0 84 0
