0 83 0 0 44 0 0 0 0 0 0 0 0 0 0 78 0 0 0 0
0 0 0 11 32 0 0 0 0 0 0 5 44 0 0 0 62 2 8 0
16 0 0 0 0 0 0 0 0 0 89 84 0 0 0 62 0 40 0 97
0 0 0 0 38 0 0 0 0 0 0 0 0 81 0 0 77 0 0 0
0 0 42 0 0 0 0 0 0 0 91 59 91 0 0 0 0 0 0 17
0 0 29 0 12 0 0 0 61 0 0 0 0 43 0 0 0 0 50 0
0 66 0 0 0 0 54 0 46 0 11 0 0 47 14 27 0 0 0 21
0 0 0 19 0 0 0 0 0 4 0 0 0 0 0 89 0 6 30 15
0 56 0 0 80 65 0 19 1 0 0 0 77 0 0 83 0 98 0 0
0 0 34 0 27 31 49 64 0 0 0 0 0 0 0 33 4 32 0 0
0 0 0 13 0 0 13 0 58 0 63 0 0 0 0 0 0 99 58 0
0 0 0 97 64 9 0 0 0 66 88 0 0 0 61 0 91 0 0 0
0 0 37 0 0 0 0 89 0 0 33 0 0 57 26 0 0 98 36 95
1 0 0 0 51 88 0 1 0 94 0 0 54 0 0 89 0 0 0 0
15 86 0 3 0 0 0 0 0 0 0 0 0 0 0 0 3 58 0 70
56 87 0 0 0 0 0 74 57 0 0 30 94 94 0 0 0 0 33 86
0 0 0 0 0 0 0 0 1 0 98 0 0 0 0 0 0 0 0 34
0 0 0 0 0 0 0 0 0 57 0 0 0 0 0 0 0 64 77 0
0 0 0 0 0 95 0 66 0 0 0 0 0 0 0 5 0 0 0 40
88 0 0 0 0 0 0 0 0 0 0 48 64 0 0 36 0 42 0 4
0 49 0 0 0 0 24 37 18 0 32 0 0 0 83 0 34 0 0 61
0 34 70 0 1 0 0 0 12 71 0 13 0 0 0 0 0 0 0 0
0 56 56 75 35 0 0 0 22 0 6 0 0 46 0 67 34 50 47 0
0 0 37 0 98 95 0 19 0 0 0 0 0 0 0 83 0 0 0 10
95 53 16 0 0 60 0 0 3 0 0 98 0 0 0 0 0 0 0 0
0 0 0 0 0 0 0 0 66 99 86 0 0 0 0 0 91 91 1 0
96 41 16 10 0 67 0 23 0 25 45 0 0 0 49 0 46 0 0 0
0 0 0 0 6 0 0 76 0 43 0 36 0 0 0 0 0 0 0 2
0 0 0 49 74 0 0 26 0 0 86 34 0 0 0 0 0 0 70 65
89 90 0 0 0 19 0 88 0 0 0 19 90 0 0 71 0 0 58 65
0 0 0 0 31 68 0 0 12 77 0 0 48 76 0 82 0 38 46 71
39 0 98 0 20 0 0 10 1 5 0 0 99 0 0 0 0 0 0 26
0 95 94 0 16 34 53 80 0 0 83 0 33 45 0 0 0 79 63 0
0 0 0 0 0 0 0 50 27 0 0 79 0 0 54 0 0 0 0 88
0 0 0 0 0 8 62 36 0 24 0 0 0 0 0 28 0 0 0 0
73 63 0 0 57 0 16 86 0 0 0 0 0 0 0 0 0 29 0 0
0 59 65 13 0 57 47 0 81 68 14 0 0 0 29 0 0 0 57 0
0 99 0 66 41 0 0 0 0 2 0 0 0 32 96 26 0 89 0 69
0 45 0 0 17 0 99 0 0 0 0 0 35 0 0 85 0 0 0 0
85 0 0 0 0 0 0 0 72 81 0 0 0 0 0 86 0 0 0 0
